100
15 1
34 1
41 1
67 1
84 1
86 1
91 1
7 2
14 2
84 2
86 2
92 2
1 3
2 3
3 3
22 3
32 3
65 3
1 4
4 4
10 4
32 4
48 4
81 4
99 4
6 5
46 5
50 5
54 5
72 5
98 5
71 6
6 7
30 7
35 7
55 7
61 7
64 7
65 7
76 7
87 7
34 8
83 8
88 8
13 9
42 9
50 9
70 9
80 9
82 9
35 10
85 10
6 11
8 11
9 11
23 11
28 11
41 11
83 11
90 11
94 11
3 12
22 12
45 12
70 12
78 12
3 13
9 13
68 13
31 14
35 14
38 14
17 15
53 15
57 15
58 15
67 15
99 15
18 16
64 16
75 16
77 16
86 16
90 16
13 17
49 17
52 17
60 17
78 17
11 18
22 18
63 18
69 18
76 18
10 19
15 19
20 19
37 19
41 19
48 19
55 19
75 19
92 19
95 19
29 20
47 20
69 20
71 20
75 20
81 20
86 20
87 20
98 20
3 21
6 21
12 21
17 21
42 21
44 21
54 21
66 21
96 21
98 21
4 22
19 22
33 22
43 22
48 22
59 22
86 22
7 23
11 23
22 23
36 23
75 23
86 23
96 23
29 24
40 24
48 24
57 24
59 24
72 24
74 24
79 24
21 25
39 25
52 25
54 25
57 25
64 25
74 25
18 26
94 26
1 27
2 27
56 27
75 27
5 28
6 28
11 28
13 28
79 28
4 29
31 29
60 29
71 29
76 29
97 29
44 30
68 30
73 30
74 30
75 30
11 31
14 31
19 31
33 31
43 31
50 31
66 31
93 31
94 31
2 32
30 32
40 32
83 32
5 33
10 33
11 33
12 33
31 33
36 33
20 34
66 34
78 34
82 34
96 34
97 34
7 35
25 35
36 35
78 35
87 35
24 36
44 36
8 37
24 37
3 38
15 38
43 38
78 38
81 38
7 39
10 39
45 39
78 39
84 39
8 40
17 40
23 40
24 40
25 40
43 40
53 40
77 40
13 41
18 41
25 41
27 41
47 41
93 41
100 41
13 42
44 42
86 42
92 42
8 43
15 43
30 43
31 43
37 43
46 43
51 43
58 43
70 43
71 43
91 43
92 43
95 43
6 45
35 45
43 45
51 45
62 45
70 45
78 45
3 46
16 46
17 46
23 46
56 46
67 46
76 46
94 46
19 47
47 47
66 47
79 47
86 47
90 47
100 47
8 48
81 48
95 48
96 48
25 49
33 49
64 49
76 49
78 49
89 49
93 49
8 50
47 50
90 50
28 51
41 51
45 51
48 51
61 51
79 51
27 52
76 52
79 52
16 53
31 53
33 53
45 53
55 53
67 53
81 53
84 53
87 53
88 53
92 53
93 53
1 54
12 54
84 54
97 54
14 55
34 55
79 55
58 56
64 56
81 56
83 56
97 56
98 56
36 57
48 57
82 57
90 57
30 58
31 58
36 58
40 58
67 58
79 58
81 58
30 59
33 59
41 59
76 59
79 59
89 59
90 59
93 59
96 59
97 59
3 60
8 60
69 60
44 61
46 61
54 61
57 61
72 61
98 61
3 62
20 62
44 62
63 62
73 62
78 62
92 62
97 62
14 63
37 63
52 63
78 63
80 63
94 63
33 64
34 64
62 64
81 64
83 64
44 65
46 65
74 65
83 65
12 66
18 66
29 66
58 66
60 66
2 67
24 67
32 67
53 67
67 67
74 67
81 67
85 67
100 67
6 68
35 68
41 68
42 68
62 68
66 68
67 68
71 68
93 68
94 68
23 69
53 69
54 69
59 69
66 69
10 70
16 70
47 70
71 70
81 70
84 70
85 70
4 71
26 71
28 71
40 71
45 71
50 71
52 71
57 71
58 71
60 71
67 71
69 71
77 71
94 71
97 71
1 72
42 72
75 72
86 72
87 72
4 73
18 73
68 73
75 73
92 73
16 74
68 74
85 74
90 74
93 74
1 75
21 75
39 75
51 75
74 75
80 75
84 75
100 75
44 76
47 76
50 76
69 76
76 76
97 76
65 77
72 77
97 77
99 77
15 78
46 78
2 79
51 79
52 79
82 79
88 79
10 80
15 80
25 80
26 80
36 80
62 80
87 80
93 80
19 81
21 81
37 81
72 81
93 81
95 81
97 81
13 82
20 82
31 82
43 82
47 82
48 82
57 82
60 82
75 82
91 82
3 83
8 83
26 83
64 83
66 83
76 83
85 83
87 83
95 83
15 84
18 84
21 84
30 84
50 84
61 84
70 84
87 84
4 85
22 85
45 85
46 85
81 85
5 86
8 86
13 86
25 86
31 86
35 86
41 86
45 86
49 86
51 86
68 86
98 86
100 86
60 87
81 87
84 87
8 88
11 88
30 88
37 88
42 88
50 88
54 88
55 88
57 88
58 88
70 88
73 88
81 88
84 88
86 88
33 89
46 89
91 89
28 90
36 90
37 90
53 90
63 90
83 90
99 90
23 91
30 91
50 91
57 91
94 91
13 92
17 92
34 92
42 92
57 92
58 92
74 92
91 92
99 92
2 93
38 93
43 93
49 93
62 93
78 93
85 93
93 93
95 93
99 93
4 94
9 94
10 94
23 94
47 94
55 94
67 94
74 94
98 94
20 95
26 95
73 95
99 95
9 96
38 96
39 96
53 96
26 97
31 97
34 97
54 97
68 97
7 98
14 98
17 98
70 98
21 99
23 99
28 99
37 99
61 99
68 99
82 99
92 99
95 99
9 100
16 100
21 100
25 100
38 100
43 100
56 100
61 100
