100
26 1
39 1
55 1
58 1
95 1
1 2
19 2
21 2
30 2
38 2
87 2
98 2
10 3
13 3
25 3
40 3
44 3
88 3
90 3
94 3
28 4
31 4
38 4
55 4
72 4
92 4
95 4
34 5
37 5
61 5
62 5
67 5
84 5
15 6
21 6
37 6
54 6
68 6
4 7
6 7
15 7
24 7
31 7
88 7
93 7
10 8
24 8
41 8
61 8
74 8
76 8
82 8
86 8
100 8
8 9
17 9
52 9
65 9
98 9
8 10
16 10
32 10
42 10
43 10
68 10
81 10
86 10
4 11
32 11
41 11
43 11
47 11
65 11
95 11
98 11
4 12
15 12
16 12
29 12
41 12
55 12
65 12
67 12
6 13
35 13
36 13
38 13
39 13
77 13
82 13
8 14
22 14
47 14
53 14
58 14
64 14
69 14
91 14
18 15
20 15
21 15
24 15
37 15
71 15
3 16
5 16
25 16
29 16
36 16
63 16
64 16
96 16
28 17
38 17
61 17
76 17
88 17
90 17
96 17
10 18
35 18
46 18
57 18
60 18
70 18
81 18
86 18
94 18
1 19
7 19
11 19
27 19
35 19
47 19
48 19
52 19
93 19
98 19
99 19
100 19
7 20
11 20
34 20
50 20
51 20
53 20
59 20
72 20
90 20
96 20
11 21
18 21
24 21
31 21
32 21
38 21
58 21
60 21
4 22
5 22
17 22
25 22
40 22
65 22
7 23
32 23
41 23
64 23
74 23
78 23
80 23
3 24
57 24
71 24
77 24
83 24
84 24
87 24
48 25
80 25
91 25
10 26
27 26
30 26
31 26
32 26
35 26
65 26
84 26
20 27
31 27
36 27
62 27
81 27
93 27
10 28
57 28
89 28
92 28
41 29
64 29
68 29
72 29
74 29
97 29
9 30
27 30
46 30
75 30
78 30
93 30
12 31
79 31
88 31
2 32
16 32
32 32
44 32
49 32
51 32
61 32
62 32
81 32
92 32
2 33
8 33
14 33
22 33
31 33
40 33
61 33
65 33
83 33
33 34
41 34
42 34
48 34
67 34
72 34
81 34
8 35
15 35
41 35
63 35
92 35
1 36
27 36
35 36
41 36
82 36
83 36
31 37
39 37
43 37
44 37
48 37
90 37
6 38
18 38
20 38
33 38
59 38
64 38
73 38
76 38
2 39
43 39
54 39
65 39
71 39
76 39
81 39
95 39
1 40
61 40
68 40
87 40
98 40
5 41
15 41
27 41
46 41
74 41
23 43
26 43
29 43
40 43
52 43
61 43
82 43
19 44
27 44
67 44
69 44
84 44
13 45
31 45
36 45
71 45
92 45
94 45
19 46
60 46
67 46
72 46
89 46
13 47
34 47
46 47
56 47
70 47
92 47
17 48
45 48
52 48
67 48
74 48
16 49
52 49
99 49
17 50
31 50
39 50
62 50
76 50
78 50
65 51
79 51
95 51
8 52
24 52
38 52
75 52
82 52
85 52
95 52
9 53
11 53
17 53
35 53
89 53
14 54
43 54
56 54
45 55
19 56
76 56
78 56
83 56
99 56
4 57
11 57
22 57
26 57
34 57
39 57
55 57
7 58
26 58
37 58
51 59
54 59
63 59
72 59
82 59
83 59
100 59
10 60
47 60
67 60
74 60
82 60
99 60
22 61
28 61
42 61
43 61
50 61
51 61
62 61
80 61
4 62
23 62
52 62
58 62
67 62
89 62
94 62
1 63
18 63
23 63
25 63
30 63
92 63
6 64
17 64
20 64
23 64
54 64
61 64
2 65
6 65
7 65
18 65
53 65
63 65
66 65
69 65
79 65
91 65
92 65
94 65
99 65
26 66
29 66
35 66
56 66
62 66
69 66
75 66
11 67
12 67
19 67
22 67
36 67
75 67
79 67
16 68
50 68
53 68
63 68
20 69
86 69
14 70
55 70
66 70
71 70
43 71
61 71
64 71
71 71
73 71
75 71
4 72
32 72
36 72
46 72
47 72
74 72
86 72
96 72
24 73
25 73
50 73
73 73
79 73
80 73
84 73
27 74
48 74
55 74
62 74
97 74
26 75
34 75
47 75
50 75
61 75
67 75
100 75
9 76
22 76
58 76
74 76
77 76
22 77
30 77
33 77
45 77
77 77
79 77
92 77
96 77
33 78
51 78
79 78
90 78
65 79
76 79
86 79
94 79
14 80
19 80
41 80
62 80
64 80
81 80
97 80
99 80
18 81
65 81
88 81
2 82
40 82
56 82
61 82
80 82
86 82
95 82
7 83
44 83
92 83
26 84
37 84
38 84
43 84
44 84
76 84
84 84
87 84
89 84
4 85
34 85
68 85
78 85
19 86
79 86
84 86
4 87
12 87
16 87
42 87
56 87
64 87
65 87
75 87
84 87
90 87
12 88
23 88
32 88
35 88
48 88
77 88
85 88
96 88
22 89
47 89
88 89
95 89
98 89
8 90
13 90
21 90
27 90
54 90
57 90
66 90
90 90
7 91
12 91
51 91
67 91
90 91
95 91
49 92
51 92
52 92
53 92
84 92
85 92
91 92
94 92
11 93
12 93
15 93
19 93
30 93
78 93
92 93
100 93
1 94
14 94
16 94
30 94
35 94
42 94
87 94
46 95
71 95
88 95
9 96
74 96
82 96
83 96
84 96
86 96
15 97
16 97
33 97
47 97
58 97
68 97
76 97
8 98
50 98
81 98
98 98
10 99
13 99
20 99
31 99
15 100
34 100
36 100
37 100
38 100
40 100
41 100
65 100
94 100
