100
7 1
22 1
41 1
72 1
81 1
5 2
11 2
30 2
41 2
61 2
32 3
50 3
59 3
64 3
85 3
6 4
81 4
94 4
10 5
22 5
38 5
50 5
57 5
69 5
75 5
88 5
93 5
7 6
20 6
41 6
70 6
76 6
84 6
91 6
24 7
38 7
39 7
49 7
51 7
77 7
79 7
80 7
88 7
94 7
6 8
9 8
71 8
93 8
3 9
81 9
82 9
86 9
93 9
55 10
57 10
65 10
77 10
95 10
4 11
9 11
21 11
57 11
90 11
100 11
58 12
74 12
77 12
85 12
92 12
6 13
11 13
13 13
44 13
70 13
74 13
94 13
97 13
9 14
12 14
55 14
63 14
66 14
74 14
25 15
31 15
35 15
39 15
87 15
94 15
99 15
100 15
30 16
66 16
71 16
95 16
4 17
30 17
38 17
39 17
59 17
65 17
85 17
92 17
12 18
15 18
39 18
42 18
54 18
58 18
67 18
71 18
88 18
100 18
15 19
56 19
78 19
94 19
97 19
1 20
4 20
26 20
46 20
52 20
63 20
64 20
77 20
85 20
93 20
8 21
24 21
32 21
8 22
12 22
22 22
29 22
59 22
76 22
87 22
90 22
100 22
10 23
33 23
73 23
11 24
25 24
39 24
72 24
76 24
25 25
83 25
94 25
12 26
71 26
77 26
7 27
11 27
49 27
64 27
90 27
24 28
44 28
63 28
68 28
90 28
91 28
22 29
31 29
34 29
100 29
83 30
87 30
93 30
8 31
27 31
37 31
58 31
68 31
76 31
81 31
44 32
62 32
66 32
69 32
11 33
14 33
31 33
49 33
98 33
99 33
23 34
42 34
58 34
65 34
36 35
51 35
59 35
72 35
80 35
2 36
21 36
26 36
38 36
46 36
76 36
81 36
18 37
35 37
38 37
43 37
19 38
26 38
28 38
60 38
62 38
72 38
99 38
1 39
16 39
34 39
49 39
63 39
64 39
65 39
87 39
99 39
24 40
70 40
92 40
1 41
18 41
56 41
68 41
74 41
77 41
45 42
71 42
100 42
4 43
8 43
21 43
26 43
30 43
34 43
60 43
89 43
97 43
5 44
9 44
32 44
60 44
62 44
70 44
72 44
78 44
87 44
1 45
13 45
19 45
40 45
41 45
43 45
99 45
24 46
36 46
37 46
41 46
48 46
58 46
74 46
76 46
94 46
96 46
5 47
18 47
37 48
39 48
63 48
91 48
92 48
13 49
28 49
35 49
40 49
62 49
71 49
79 49
83 49
92 49
2 50
3 50
9 50
13 50
25 50
44 50
71 50
90 50
95 50
14 51
20 51
25 51
35 51
36 51
78 51
81 51
45 52
75 52
9 53
22 53
37 53
52 53
73 53
75 53
26 54
50 54
54 54
57 54
74 54
77 54
78 54
83 54
85 54
99 54
22 55
42 55
94 55
1 56
39 56
43 56
66 56
68 56
85 56
95 56
21 57
43 57
48 57
53 57
59 57
62 57
76 57
81 57
93 57
31 58
33 58
34 58
47 58
55 58
80 58
13 59
22 59
23 59
47 59
64 59
70 59
97 59
15 60
23 60
26 60
86 60
18 61
27 61
32 61
47 61
64 61
66 61
96 61
4 62
10 62
14 62
49 62
60 62
70 62
14 63
50 63
65 63
75 63
7 64
9 64
33 64
49 64
2 65
14 65
15 65
67 65
72 65
75 65
7 66
50 66
58 66
69 66
83 66
85 66
8 67
19 67
27 67
42 67
43 67
48 67
92 67
99 67
18 68
23 68
40 68
66 68
86 68
13 69
20 69
30 69
34 69
35 69
59 69
73 69
97 69
2 70
20 70
28 70
98 70
58 71
74 71
95 71
25 72
95 72
99 72
15 73
36 73
38 73
48 73
59 73
62 73
87 73
91 73
97 73
28 74
36 74
37 74
45 74
59 74
70 74
45 75
59 75
85 75
5 76
7 76
18 76
38 76
69 76
85 76
99 76
43 77
45 77
57 77
75 77
81 77
97 77
4 78
20 78
23 78
29 78
22 79
31 79
36 79
46 79
69 79
76 79
6 80
10 80
12 80
42 80
47 80
71 80
88 80
91 80
100 80
1 81
47 81
50 81
52 81
54 81
60 81
98 81
13 82
14 82
15 82
27 82
49 82
50 82
76 82
20 83
24 83
52 83
64 83
93 83
94 83
10 84
29 84
56 84
94 84
99 84
18 85
20 85
27 85
36 85
83 85
91 85
94 85
99 85
21 86
49 86
52 86
55 86
62 87
69 87
71 87
93 87
6 88
29 88
57 88
61 88
65 88
75 88
79 88
93 88
95 88
21 89
35 89
42 89
49 89
59 89
65 89
67 89
98 89
1 90
33 90
40 90
86 90
94 90
7 91
18 91
75 91
17 92
27 92
28 92
34 92
36 92
45 92
58 92
63 92
1 93
19 93
23 93
31 93
47 93
60 93
88 93
2 94
10 94
25 94
39 94
40 94
55 94
5 95
49 95
1 96
59 96
72 96
84 96
3 97
47 97
79 97
9 98
15 98
35 98
53 98
59 98
63 98
67 98
69 98
76 98
81 98
87 98
90 98
86 99
87 99
2 100
6 100
21 100
32 100
34 100
59 100
69 100
