100
25 1
88 1
89 1
21 2
28 2
13 3
22 3
47 3
88 3
26 4
46 4
55 4
56 4
92 4
7 5
8 5
28 5
30 5
50 5
63 5
82 5
8 6
24 6
29 6
32 6
35 6
41 6
45 6
95 6
16 7
19 7
28 7
40 7
59 7
81 7
97 7
99 7
2 8
21 8
52 8
16 9
41 9
56 9
78 9
93 9
4 10
57 10
65 10
83 10
95 10
3 11
18 11
43 11
55 11
57 11
59 11
76 11
92 11
14 12
44 12
54 12
55 12
64 12
17 13
40 13
51 13
53 13
58 13
60 13
63 13
77 13
2 14
19 14
35 14
48 14
54 14
67 14
84 14
97 14
8 15
24 15
32 15
92 15
3 16
11 16
16 16
32 16
60 16
82 16
97 16
26 17
37 17
38 17
56 17
64 17
99 17
3 18
30 18
36 18
40 18
80 18
99 18
15 19
31 19
41 19
42 19
53 19
59 19
63 19
92 19
45 20
54 20
87 20
95 20
5 21
8 21
12 21
15 21
17 21
19 21
58 21
82 21
91 21
12 22
15 22
38 22
54 22
85 22
96 22
2 23
11 23
18 23
19 23
39 23
82 23
1 24
8 24
25 24
38 24
48 24
49 24
51 24
67 24
77 24
89 24
5 25
19 25
47 25
53 25
63 25
91 25
10 26
19 26
75 26
80 26
91 26
96 26
32 27
46 27
66 27
97 27
98 27
1 28
4 28
6 28
12 28
21 28
31 28
37 28
78 28
79 28
14 29
37 29
48 29
51 29
63 29
73 29
85 29
97 29
98 29
27 30
29 30
74 30
76 30
82 30
87 30
88 30
93 30
95 30
5 31
32 31
38 31
45 31
52 31
64 31
77 31
97 31
16 32
24 32
35 32
37 32
41 32
51 32
55 32
75 32
15 33
61 33
67 33
75 33
86 33
95 33
97 33
20 34
32 34
45 34
56 34
68 34
3 35
9 35
24 35
69 35
84 35
97 35
100 35
3 36
16 36
57 36
66 36
69 36
76 36
94 36
96 36
12 37
36 37
57 37
60 37
62 37
66 37
99 37
13 38
15 38
24 38
29 38
31 38
44 38
68 38
91 38
1 39
15 39
27 39
34 39
37 39
51 39
96 39
9 40
15 40
25 40
31 40
48 40
51 40
58 40
59 40
78 40
88 40
2 41
3 41
40 41
54 41
93 41
26 42
45 42
56 42
57 42
79 42
90 42
99 42
30 43
43 43
45 43
77 43
7 44
10 44
97 44
14 45
77 45
2 46
59 46
66 46
67 46
85 46
87 46
98 46
100 46
17 47
48 47
72 47
77 47
7 48
18 48
20 48
21 48
29 48
44 48
68 48
73 48
9 49
10 49
30 49
42 49
52 49
58 49
83 49
91 49
99 49
4 50
52 50
67 50
75 50
80 50
2 51
15 51
27 51
42 51
44 51
46 51
52 51
57 51
59 51
12 52
13 52
54 52
63 52
81 52
84 52
96 52
25 53
29 53
54 53
87 53
2 54
19 54
44 54
75 54
82 54
96 54
98 54
10 55
11 55
17 55
26 55
33 55
36 55
48 55
68 55
69 55
90 55
93 55
6 56
7 56
18 56
67 56
77 56
4 57
26 57
37 57
39 57
51 57
63 57
66 57
71 57
88 57
92 57
100 57
5 58
19 58
28 58
52 58
62 58
91 58
100 58
38 59
53 59
92 59
17 60
52 60
13 61
55 61
10 62
20 62
23 62
59 62
62 62
7 63
8 63
16 63
50 63
76 63
5 64
57 64
97 64
39 65
58 65
67 65
73 65
9 66
15 66
20 66
23 66
37 66
42 66
56 66
67 66
86 66
3 67
29 67
33 67
36 67
62 67
80 67
82 67
87 67
93 67
95 67
45 68
50 68
61 68
65 68
89 68
5 69
10 69
19 69
59 69
1 70
28 70
31 70
93 70
99 70
79 71
80 71
83 71
87 71
91 71
12 72
15 72
19 72
35 72
53 72
58 72
64 72
71 72
85 72
88 72
94 72
100 72
8 73
15 73
17 73
54 73
66 73
70 73
80 73
87 73
1 74
14 74
23 74
33 74
36 74
88 74
2 75
4 75
16 75
19 75
24 75
41 75
86 75
87 75
95 75
12 76
13 76
19 76
22 76
24 76
30 76
69 76
70 76
76 76
8 77
15 77
23 77
37 77
43 77
51 77
70 77
84 77
32 78
49 78
53 78
57 78
66 78
71 78
90 78
95 78
33 79
45 79
65 79
25 80
38 80
49 80
32 81
8 82
21 82
38 82
39 82
51 82
60 82
28 83
34 83
50 83
71 83
77 83
1 84
4 84
14 84
41 84
44 84
68 84
79 84
85 84
2 85
15 85
33 85
47 85
49 85
78 85
84 85
91 85
19 86
26 86
60 86
93 86
100 86
1 87
3 87
36 87
47 87
73 87
88 87
89 87
29 88
41 88
51 88
60 88
63 89
77 89
2 90
33 90
37 90
39 90
64 90
76 90
79 90
92 90
42 91
59 91
8 92
10 92
19 92
22 92
42 92
52 92
53 92
68 92
84 92
88 92
19 93
22 93
69 93
90 93
51 94
62 94
69 94
97 94
1 95
7 95
52 95
96 95
3 96
30 96
44 96
58 96
78 96
79 96
97 96
8 97
22 97
23 97
40 97
41 97
49 97
63 97
82 97
4 98
37 98
72 98
19 99
27 99
61 99
14 100
37 100
47 100
83 100
90 100
