100
12 1
27 1
33 1
44 1
76 1
81 1
87 1
49 2
9 3
21 3
25 3
81 3
7 4
10 4
31 4
48 4
88 4
9 5
21 5
35 5
52 5
68 5
72 5
80 5
90 5
95 5
25 6
34 6
69 6
95 6
14 7
17 7
54 7
56 7
66 7
68 7
98 7
31 8
52 8
95 8
51 9
54 9
14 10
15 10
41 10
50 10
8 11
29 11
30 11
38 11
50 11
9 12
20 12
65 12
17 13
53 13
71 13
72 13
98 13
1 14
28 14
65 14
93 14
99 14
2 15
24 15
31 15
32 15
40 15
51 15
73 15
100 15
16 16
18 16
29 16
31 16
38 16
45 16
78 16
98 16
43 17
55 17
59 17
77 17
8 18
33 18
54 18
59 18
63 18
7 19
9 19
22 19
27 19
50 19
58 19
95 19
98 19
21 20
34 20
43 20
69 20
71 20
92 20
100 20
32 21
58 21
63 21
85 21
15 22
48 22
51 22
52 22
56 22
60 22
65 22
71 22
74 22
83 22
91 22
16 23
29 23
34 23
62 23
4 24
37 24
44 24
52 24
53 24
55 24
62 24
85 24
94 24
3 25
11 25
40 25
49 25
62 25
17 26
38 26
52 26
54 26
58 26
84 26
16 27
29 27
35 27
43 27
49 27
68 27
74 27
100 27
19 28
62 28
65 28
4 29
5 29
6 29
16 29
18 29
20 29
28 29
33 29
35 29
94 29
6 30
23 30
50 30
54 30
69 30
15 31
78 31
85 31
89 31
40 32
92 32
11 33
39 33
54 33
62 33
66 33
67 33
80 33
14 34
27 34
69 34
74 34
77 34
89 34
30 35
35 35
41 35
53 35
55 35
14 36
27 36
38 36
39 36
55 36
57 36
88 36
89 36
11 37
37 37
44 37
50 37
63 37
96 37
4 38
39 38
59 38
70 38
71 38
77 38
10 39
16 39
27 39
28 39
67 39
78 39
83 39
88 39
12 40
50 40
52 40
75 40
79 40
88 40
99 40
34 41
48 41
64 41
83 41
93 41
98 41
12 42
39 42
50 42
53 42
62 42
68 42
10 43
35 43
41 43
71 43
88 43
9 44
27 44
36 44
57 44
66 44
67 44
90 44
1 45
22 45
35 45
36 45
68 45
98 45
5 46
22 46
38 46
58 46
87 46
18 47
33 47
49 47
67 47
94 47
99 47
29 48
44 48
46 48
60 48
61 48
81 48
6 49
20 49
24 49
48 49
55 49
56 49
67 49
75 49
86 49
95 49
100 49
11 50
26 50
34 50
39 50
81 50
98 50
23 51
36 51
46 51
60 51
70 51
89 51
5 52
12 52
37 52
72 52
89 52
19 53
57 53
70 53
72 53
82 53
34 54
37 54
44 54
59 54
74 54
20 55
37 55
39 55
59 55
97 55
33 56
35 56
36 56
39 56
70 56
85 56
9 57
15 57
22 57
32 57
36 57
76 57
18 58
50 58
20 59
27 59
34 59
39 59
73 59
79 59
91 59
6 60
15 60
27 60
34 60
63 60
67 60
75 60
83 60
91 60
2 61
23 61
26 61
71 61
92 61
3 62
30 62
31 62
50 62
52 62
66 62
90 62
13 63
32 63
40 63
62 63
66 63
73 63
84 63
95 63
22 64
26 64
36 64
89 64
91 64
17 65
21 65
33 65
83 65
89 65
92 65
46 66
48 66
75 66
78 66
89 66
5 67
22 67
39 67
63 67
83 67
93 67
10 68
69 68
71 68
4 69
14 69
16 69
51 69
52 69
65 69
76 69
78 69
87 69
15 70
16 70
27 70
28 70
64 70
79 70
93 70
1 71
9 71
14 71
17 71
36 71
41 71
56 71
26 72
39 72
55 72
59 72
60 72
68 72
70 72
90 72
14 73
21 73
46 73
61 73
76 73
78 73
83 73
4 74
13 74
47 74
59 74
74 74
94 74
60 75
68 75
76 75
78 75
85 75
95 75
17 76
39 76
47 76
55 76
67 76
76 76
79 76
84 76
2 77
19 77
29 77
38 77
39 77
41 77
49 77
50 77
57 77
71 77
3 78
6 78
8 78
25 78
32 78
41 78
43 78
53 78
58 78
62 78
66 78
78 78
5 79
46 79
69 79
77 79
16 80
21 80
23 80
35 80
48 80
80 80
92 80
6 81
10 81
22 81
87 81
93 81
11 82
16 82
29 82
68 82
79 82
82 82
97 82
10 83
28 83
39 83
52 83
67 83
92 83
93 83
37 84
48 84
62 84
79 84
82 84
22 85
34 85
15 86
23 86
42 86
76 86
78 86
4 87
28 87
43 87
48 87
64 87
90 87
3 88
6 88
37 88
39 88
43 88
87 88
3 89
17 89
18 89
52 89
84 89
90 89
95 89
1 90
8 90
40 90
42 90
77 90
11 91
13 91
28 91
40 91
60 91
70 91
74 91
80 91
15 92
25 92
29 92
42 92
54 92
75 92
80 92
86 92
98 92
9 93
35 93
36 93
48 93
59 93
65 93
69 93
12 94
54 94
56 94
76 94
90 94
94 94
96 94
10 95
23 95
32 95
55 95
64 95
87 95
2 96
31 96
46 96
63 96
90 96
95 96
98 96
33 97
40 97
53 97
60 97
65 97
88 97
93 97
18 98
35 98
84 98
87 98
98 98
38 99
52 99
70 99
2 100
10 100
16 100
34 100
49 100
51 100
52 100
77 100
84 100
