100
11 1
15 1
37 1
48 1
66 1
80 1
84 1
13 2
17 2
21 2
35 2
36 2
44 2
76 2
2 3
13 3
19 3
21 3
30 3
31 3
37 3
39 3
55 3
70 3
74 3
8 4
54 4
69 4
71 4
11 5
13 5
31 5
46 5
74 5
13 6
56 6
57 6
62 6
67 6
98 6
12 7
18 7
26 7
51 7
55 7
71 7
94 7
99 7
35 8
58 8
72 8
74 8
85 8
28 9
29 9
32 9
48 9
69 9
78 9
89 9
52 10
54 10
60 10
64 10
67 10
76 10
99 10
25 11
26 11
30 11
49 11
64 11
78 11
93 11
95 11
98 11
8 12
64 12
76 12
80 12
96 12
3 13
27 13
58 13
76 13
11 14
13 14
25 14
64 14
87 14
6 15
8 15
22 15
26 15
28 15
86 15
1 16
15 16
30 16
35 16
55 16
73 16
79 16
82 16
85 16
88 16
92 16
97 16
98 16
7 17
17 17
49 17
82 17
89 17
12 18
32 18
48 18
56 18
84 18
98 18
6 19
7 19
9 19
14 19
28 19
46 19
65 19
91 19
92 19
2 20
18 20
47 20
51 20
77 20
93 20
35 21
45 21
57 21
77 21
78 21
79 21
87 21
3 22
22 22
45 22
91 22
94 22
15 23
72 23
82 23
8 24
20 24
42 24
46 24
52 24
94 24
5 25
61 25
62 25
71 25
84 25
90 25
29 26
42 26
46 26
81 26
6 27
54 27
84 27
6 28
18 28
19 28
59 28
69 28
71 28
73 28
29 29
49 29
75 29
91 29
6 30
34 30
55 30
71 30
6 31
14 31
21 31
25 31
34 31
38 31
85 31
5 32
22 32
24 32
35 32
47 32
56 32
65 32
82 32
39 33
44 33
45 33
47 33
60 33
71 33
78 33
84 33
87 33
91 33
8 34
10 34
17 34
29 34
36 34
69 34
10 35
28 35
33 35
38 35
52 35
53 35
74 35
7 36
44 36
45 36
46 36
48 36
50 36
82 36
84 36
85 36
86 36
92 36
97 36
5 37
8 37
64 37
70 37
72 37
76 37
87 37
91 37
16 38
50 38
69 38
89 38
10 39
68 39
94 39
26 40
48 40
53 40
75 40
90 40
99 40
7 41
12 41
39 41
47 41
56 41
99 41
31 42
35 42
36 42
38 42
17 43
19 43
34 43
35 43
65 43
71 43
82 43
12 44
33 44
51 44
81 44
82 44
96 44
20 45
35 45
68 45
79 45
87 45
18 46
41 46
44 46
85 46
18 47
37 47
45 47
49 47
60 47
64 47
91 47
10 48
13 48
56 48
61 48
68 48
28 49
40 49
77 49
86 49
87 49
99 49
20 50
21 50
28 50
61 50
71 50
22 51
24 51
71 51
80 51
93 52
94 52
20 53
63 53
89 53
14 54
28 54
48 54
60 54
68 54
74 54
77 54
79 54
89 54
94 54
22 55
40 55
60 55
34 56
40 56
55 56
60 56
63 56
96 56
15 57
48 57
58 57
66 57
77 57
84 57
88 57
93 57
100 57
2 58
4 58
45 58
53 58
21 59
23 59
25 59
38 59
83 59
85 59
88 59
89 59
6 60
8 60
13 60
23 60
27 60
49 60
63 60
68 60
83 60
92 60
22 61
25 61
30 61
33 61
46 61
54 61
73 61
82 61
87 61
95 61
33 62
37 62
82 62
94 62
7 63
22 63
32 63
42 63
45 63
24 64
46 64
70 64
78 64
14 65
31 65
33 65
39 65
49 65
60 65
78 65
80 65
88 65
3 66
11 66
27 66
38 66
43 66
49 66
64 66
68 66
21 67
22 67
28 67
44 67
58 67
62 67
65 67
74 67
92 67
5 68
47 68
57 68
59 68
65 68
70 68
83 68
85 68
23 69
54 69
59 69
60 69
63 69
2 70
7 70
29 70
85 70
90 70
3 71
35 71
41 71
79 71
82 71
83 71
92 71
26 72
31 72
40 72
45 72
55 72
59 72
61 72
92 72
12 73
49 73
55 73
65 73
73 73
86 73
90 73
95 73
19 74
28 74
35 74
60 74
75 74
82 74
85 74
100 74
9 75
21 75
73 75
81 75
85 75
86 75
8 76
24 76
31 76
5 77
34 77
68 77
73 77
43 78
45 78
55 78
57 78
59 78
65 78
70 78
79 78
92 78
1 79
9 79
12 79
32 79
40 79
58 79
89 79
93 79
27 80
31 80
32 80
66 80
98 80
100 80
7 81
21 81
42 81
66 81
67 81
86 81
87 81
15 82
29 82
33 82
37 82
45 82
56 82
70 82
87 82
95 82
43 83
60 83
16 84
51 84
60 84
65 84
78 84
9 85
27 85
38 85
52 85
79 85
86 85
96 85
17 86
48 86
92 86
100 86
5 87
8 87
9 87
21 87
30 87
31 87
64 87
72 87
76 87
80 87
83 87
20 88
38 88
76 88
85 88
3 89
7 89
64 89
74 89
79 89
44 90
46 90
53 90
64 90
70 90
73 90
6 91
10 91
18 91
20 91
25 91
27 92
36 92
46 92
50 92
55 92
63 92
66 92
99 92
2 93
11 93
14 93
69 93
85 93
97 93
19 94
51 94
54 94
59 94
65 94
66 94
10 95
16 95
24 95
25 95
48 95
88 95
39 96
77 96
98 96
3 97
6 97
7 97
13 97
22 97
29 97
33 97
34 97
38 97
56 97
29 98
39 98
46 98
72 98
92 98
97 98
99 98
39 99
45 99
100 99
19 100
31 100
39 100
56 100
66 100
