100
10 1
29 1
38 1
51 1
55 1
72 1
82 1
2 2
34 2
35 2
38 2
48 2
49 2
71 2
74 2
80 2
92 2
95 2
13 3
22 3
52 3
62 3
70 3
97 3
10 4
12 4
26 4
35 4
51 4
69 4
72 4
82 4
89 4
16 5
18 5
24 5
26 5
39 5
43 5
66 5
84 5
92 5
64 6
94 6
7 7
40 7
46 7
63 7
71 7
75 7
78 7
7 8
9 8
19 8
40 8
64 8
79 8
80 8
6 9
7 9
15 9
28 9
43 9
45 9
46 9
73 9
76 9
89 9
34 10
49 10
92 10
93 10
21 11
35 11
40 11
45 11
47 11
61 11
84 11
97 11
18 12
45 12
59 12
82 12
94 12
6 13
18 13
25 13
36 13
52 13
55 13
80 13
85 14
98 14
5 15
53 15
1 16
14 16
35 16
40 16
56 16
62 16
74 16
75 16
84 16
91 16
11 17
12 17
13 17
16 17
45 17
62 17
65 17
95 17
6 18
7 18
13 18
18 18
27 18
45 18
57 18
59 18
93 18
13 19
16 19
52 19
65 19
77 19
81 19
84 19
87 19
30 20
39 20
77 20
79 20
74 21
49 22
56 22
84 22
88 22
99 22
12 23
30 23
35 23
61 23
64 23
74 23
100 23
6 24
7 24
29 24
41 24
55 24
58 24
79 24
2 25
9 25
56 25
71 25
99 25
17 26
83 26
89 26
17 27
30 27
48 27
77 27
85 27
12 28
28 28
31 28
43 28
45 28
51 28
69 28
73 28
91 28
29 29
34 29
45 29
66 29
77 29
83 29
87 29
98 29
28 30
56 30
78 30
36 31
1 32
3 32
27 32
28 32
34 32
48 32
70 32
75 32
81 32
14 33
21 33
24 33
50 33
56 33
57 33
72 33
100 33
7 34
14 34
23 34
75 34
33 35
55 35
72 35
76 35
4 36
65 36
76 36
80 36
92 36
17 37
19 37
24 37
25 37
47 37
52 37
65 37
66 37
80 37
84 37
86 37
3 38
5 38
8 38
26 38
44 38
53 38
70 38
91 38
100 38
11 39
29 39
34 39
38 39
44 39
52 39
58 39
65 39
85 39
1 40
9 40
24 40
27 40
44 40
56 40
66 40
15 41
33 41
38 41
52 41
60 41
82 41
94 41
28 42
33 42
57 42
64 42
76 42
80 42
12 43
22 43
73 43
77 43
84 43
92 43
97 43
36 44
38 44
51 44
65 44
68 44
82 44
58 45
64 45
79 45
6 46
14 46
31 46
41 46
57 46
65 46
72 46
11 47
28 47
49 47
77 47
81 47
85 47
98 47
22 48
23 48
37 48
46 48
100 48
1 49
26 49
78 49
93 49
3 50
21 50
45 50
73 50
78 50
86 50
89 50
92 50
11 51
19 51
20 51
23 51
34 51
64 51
89 51
15 52
20 52
29 52
35 52
8 53
10 53
18 53
28 53
40 53
60 53
64 53
66 53
90 53
99 53
8 54
10 54
11 54
18 54
24 54
26 54
28 54
48 54
79 54
21 55
60 55
61 55
62 55
83 55
6 56
40 56
43 56
67 56
76 56
88 56
90 56
11 57
25 57
50 57
52 57
61 57
69 57
75 57
78 57
100 57
52 58
62 58
75 58
13 59
17 59
20 59
34 59
39 59
59 59
61 59
64 59
84 59
88 59
94 59
99 59
10 60
11 60
20 60
36 60
38 60
53 60
56 60
61 60
1 61
3 61
13 61
30 61
57 61
70 61
99 61
12 62
33 62
46 62
87 62
1 63
12 63
17 63
37 63
47 64
48 64
50 64
13 65
33 65
40 65
42 65
47 65
55 65
78 65
100 65
8 66
35 66
53 66
72 66
73 66
21 67
29 67
32 67
40 67
53 67
54 67
63 67
65 67
73 67
84 67
17 68
25 68
58 68
61 68
71 68
93 68
36 69
37 69
39 69
95 69
24 70
26 70
27 70
34 70
65 70
66 70
97 70
11 71
25 71
30 71
31 71
39 71
46 71
66 71
72 71
85 71
41 72
51 72
54 72
57 72
76 72
1 73
7 73
38 73
42 73
55 73
93 73
96 73
27 74
54 74
91 74
15 75
51 75
83 75
100 75
11 76
14 76
27 76
40 76
41 76
70 76
92 76
97 76
1 77
6 77
15 77
37 77
53 77
67 77
97 77
5 78
14 78
18 78
21 78
28 78
40 78
43 78
49 78
50 78
59 78
65 78
10 79
19 79
24 79
39 79
70 79
72 79
74 79
94 79
2 80
14 80
50 80
59 80
60 80
2 81
5 81
36 81
73 81
22 82
26 82
41 82
59 82
99 82
39 83
49 83
51 83
58 83
69 83
76 83
17 84
21 84
35 84
72 84
86 84
88 84
90 84
93 84
15 85
28 85
40 85
64 85
71 85
78 85
89 85
95 85
96 85
97 85
3 86
20 86
33 86
36 86
48 86
53 86
56 86
66 86
76 86
14 87
94 87
17 88
25 88
30 88
80 88
86 88
88 88
3 89
5 89
38 89
50 89
55 89
93 89
5 90
55 90
70 90
86 90
87 90
93 90
9 91
11 91
13 91
15 91
34 91
41 91
48 91
89 91
99 91
6 92
31 92
47 92
48 92
83 92
92 92
94 92
98 92
1 93
7 93
23 93
29 93
31 93
32 93
51 93
53 93
54 93
69 93
71 93
76 93
90 93
23 94
31 94
50 94
58 94
59 94
76 94
84 94
6 95
16 95
17 95
20 95
23 95
24 95
25 95
47 95
54 95
86 95
1 96
17 96
30 96
36 96
38 96
40 96
55 96
65 96
75 96
15 97
90 97
2 98
22 98
35 98
87 98
9 99
15 99
20 99
30 99
58 99
84 99
86 99
90 99
95 99
7 100
24 100
39 100
62 100
63 100
71 100
76 100
80 100
