100
11 1
27 1
30 1
41 1
75 1
79 1
83 1
100 1
25 2
55 2
80 2
97 2
100 2
4 3
5 3
23 3
40 3
44 3
52 3
71 3
89 3
95 3
100 3
5 4
6 4
24 4
34 4
48 4
64 4
67 4
84 4
4 5
21 5
52 5
59 5
71 5
77 5
16 6
39 6
65 6
67 6
97 6
4 7
7 7
14 7
30 7
36 7
78 7
86 7
87 7
90 7
97 7
19 8
22 8
80 8
98 8
99 8
10 9
23 9
26 9
36 9
84 9
23 10
28 10
36 10
38 10
83 10
84 10
29 11
40 11
45 11
69 11
71 11
93 11
26 12
53 12
87 12
4 13
18 13
50 13
90 13
96 13
7 14
26 14
27 14
37 14
42 14
50 14
68 14
77 14
82 14
91 14
92 14
95 14
1 15
5 15
37 15
48 15
75 15
89 15
99 15
9 16
12 16
40 16
44 16
87 16
91 16
99 16
6 17
18 17
22 17
24 17
27 17
29 17
46 17
58 17
59 17
71 17
87 17
34 18
65 18
71 18
79 18
89 18
92 18
99 18
30 19
36 19
80 19
5 20
46 20
51 20
88 20
89 20
91 20
3 21
32 21
35 21
58 21
64 21
70 21
7 22
31 22
32 22
75 22
81 22
3 23
20 23
75 23
86 23
37 24
53 24
56 24
74 24
79 24
80 24
1 25
6 25
11 25
12 25
53 25
56 25
63 25
1 26
24 26
27 26
29 26
64 26
84 26
86 26
20 27
32 27
41 27
63 27
93 27
95 27
99 27
39 28
61 28
65 28
71 28
81 28
96 28
8 29
12 29
29 29
32 29
39 29
54 29
62 29
63 29
66 29
84 29
89 29
13 30
15 30
28 30
69 30
95 30
4 31
10 31
14 31
66 31
75 31
96 31
10 32
13 32
37 32
63 32
78 32
81 32
82 32
25 33
62 33
81 33
86 33
89 33
14 34
39 34
45 34
74 34
75 34
85 34
93 34
27 35
39 35
40 35
48 35
63 35
68 35
8 36
34 36
47 36
60 36
65 36
100 36
49 37
53 37
76 37
81 37
96 37
2 38
22 38
50 39
54 39
66 39
3 40
8 40
27 40
44 40
46 40
70 40
73 40
99 40
11 41
19 41
31 41
36 41
42 41
53 41
77 41
81 41
88 41
99 41
2 42
14 42
21 42
24 42
30 42
47 42
54 42
82 42
86 42
89 42
5 43
60 43
69 43
12 44
16 44
36 44
46 44
66 44
87 44
92 44
47 45
51 45
55 45
57 45
78 45
3 46
35 46
45 46
91 46
35 47
36 47
53 47
64 47
75 47
77 47
80 47
12 48
22 48
30 48
38 48
55 48
57 48
6 49
23 49
29 49
51 49
68 49
89 49
92 49
99 49
2 50
36 50
42 50
44 50
46 50
57 50
58 50
78 50
23 51
34 51
56 51
75 51
80 51
81 51
2 52
10 52
13 52
14 52
18 52
53 52
78 52
1 53
14 53
31 53
32 53
44 53
62 53
93 53
99 53
20 54
59 54
68 54
82 54
5 55
16 55
18 55
25 55
45 55
50 55
62 55
69 55
94 55
17 56
43 56
63 56
74 56
80 56
81 56
1 57
14 57
26 57
46 57
52 57
53 57
58 57
87 57
12 58
24 58
25 58
39 58
69 58
71 58
72 58
30 59
40 59
67 59
73 59
87 59
2 60
5 60
29 60
65 60
68 60
82 60
11 61
38 61
46 61
53 61
68 61
77 61
7 62
13 62
15 62
22 62
47 62
55 62
63 62
67 62
75 62
83 62
39 63
55 63
61 63
89 63
98 63
12 64
19 64
22 64
23 64
25 64
47 64
60 64
85 64
99 64
15 65
17 65
69 65
72 65
79 65
12 66
13 66
35 66
39 66
45 66
47 66
61 66
97 66
15 67
22 67
37 67
38 67
68 67
86 67
98 67
1 68
2 68
27 68
67 68
80 68
93 68
24 69
34 69
49 69
65 69
66 69
79 69
15 70
28 70
41 70
45 70
73 70
88 70
90 70
14 71
19 71
22 71
41 71
74 71
99 71
100 71
15 72
38 72
44 72
84 72
87 72
29 73
30 73
31 73
58 73
65 73
79 73
88 73
100 73
1 74
5 74
17 74
34 74
58 74
69 74
76 74
97 74
18 75
56 75
62 75
64 75
65 75
78 75
100 75
2 76
4 76
9 76
13 76
15 76
23 76
29 76
54 76
79 76
83 76
4 77
11 77
47 77
52 77
73 77
85 77
93 77
7 78
20 78
67 78
81 78
94 78
98 78
56 79
70 79
78 79
33 80
69 80
82 80
84 80
86 80
94 80
97 80
5 81
23 81
24 81
70 81
88 81
90 81
16 82
18 82
25 82
31 82
59 82
70 82
83 82
86 82
1 83
32 83
36 83
38 83
42 83
43 83
51 83
70 83
2 84
5 84
46 84
5 85
24 85
40 85
59 85
60 85
96 85
4 86
12 86
32 86
48 86
69 86
100 86
32 87
40 87
83 87
15 88
21 88
43 88
54 88
61 88
64 88
67 88
90 88
7 89
28 89
66 89
15 90
29 90
44 90
45 90
62 90
66 90
72 90
86 90
35 91
36 91
45 91
47 91
51 91
60 91
82 91
87 91
21 92
37 92
45 92
46 92
61 92
74 92
20 93
32 93
50 93
56 93
97 93
19 94
21 94
25 94
36 94
76 94
15 95
17 95
25 95
76 95
90 95
91 95
10 96
21 96
23 96
45 96
51 96
62 96
1 97
6 97
11 97
23 97
39 97
59 97
60 97
76 97
77 97
93 97
65 98
66 98
4 99
11 99
20 99
28 99
65 99
90 99
100 99
2 100
16 100
19 100
26 100
39 100
45 100
62 100
73 100
88 100
