100
63 1
70 1
79 1
86 1
3 2
12 2
13 2
28 2
33 2
37 2
64 2
76 2
78 2
8 3
24 3
29 3
45 3
51 3
57 3
89 3
95 3
16 4
46 4
53 4
73 4
84 4
98 4
4 5
19 5
20 5
48 5
50 5
57 5
63 5
65 5
93 5
37 6
45 6
53 6
63 6
91 6
1 7
4 7
8 7
14 7
20 7
26 7
30 7
67 7
94 7
97 7
43 8
68 8
87 8
88 8
4 9
13 9
22 9
88 9
1 10
27 10
49 10
59 10
71 10
98 10
9 11
20 11
34 11
71 11
99 11
2 12
12 12
36 12
39 12
41 12
42 12
48 12
72 12
99 12
10 13
34 13
41 13
46 13
58 13
68 13
82 13
87 13
12 14
29 14
36 14
50 14
51 14
73 14
79 14
4 15
20 15
32 15
64 15
80 15
82 15
96 15
7 16
10 16
21 16
28 16
33 16
40 16
47 16
59 16
61 16
69 16
99 16
29 17
38 17
55 17
65 17
36 18
53 18
62 18
66 18
81 18
69 19
83 19
84 19
88 19
14 20
29 20
34 20
47 20
55 20
61 20
82 20
15 21
20 21
22 21
24 21
29 21
78 21
18 22
25 22
39 22
85 22
10 23
16 23
22 23
41 23
71 23
77 23
89 23
3 24
5 24
34 24
45 24
64 24
78 24
79 24
84 24
1 25
2 25
17 25
53 25
60 25
81 25
90 25
98 25
99 25
10 26
32 26
33 26
57 26
5 27
7 27
23 27
37 27
39 27
40 27
60 27
62 27
84 27
1 28
15 28
27 28
29 28
39 28
44 28
54 28
61 28
68 28
83 28
87 28
94 28
99 28
12 29
17 29
20 29
50 29
52 29
60 29
86 29
92 29
11 30
28 30
41 30
42 30
65 30
92 30
1 31
13 31
23 31
48 31
92 31
16 32
22 32
38 32
58 32
67 32
77 32
79 32
6 33
13 33
39 33
82 33
97 33
1 34
7 34
30 34
31 34
43 34
64 34
74 34
78 34
93 34
19 35
70 35
73 35
74 35
95 35
33 36
46 36
58 36
62 36
87 36
90 36
19 37
24 37
25 37
35 37
39 37
50 37
53 37
65 37
12 38
13 38
14 38
31 38
72 38
83 38
2 39
11 39
29 39
65 39
82 39
1 40
27 40
29 40
31 40
46 40
47 40
64 40
74 40
82 40
92 40
6 41
9 41
13 41
19 41
28 41
32 41
52 41
61 41
68 41
72 41
81 41
86 41
92 41
95 41
10 42
74 42
90 42
96 42
98 42
8 43
12 43
36 43
37 43
38 43
57 43
91 43
11 44
13 44
16 44
25 44
42 44
45 44
71 44
2 45
7 45
46 45
53 45
77 45
98 45
100 45
11 46
21 46
69 46
78 46
94 46
9 47
40 47
41 47
42 47
54 47
57 47
68 47
69 47
4 48
21 48
29 48
2 49
31 49
39 49
62 49
74 49
13 50
54 50
65 50
82 50
91 50
94 50
23 51
28 51
37 51
99 51
7 52
26 52
28 52
32 52
52 52
93 52
40 53
53 53
82 53
95 53
4 54
15 54
33 54
48 54
49 54
65 54
66 54
85 54
89 54
57 55
74 55
85 55
95 55
100 55
13 56
22 56
32 56
46 56
2 57
14 57
30 57
45 57
51 57
72 57
79 57
80 57
10 58
43 58
56 58
73 58
76 58
27 59
42 59
44 59
46 59
57 59
73 59
76 59
79 59
3 60
28 60
48 60
88 60
90 60
3 61
5 61
24 61
52 61
68 61
71 61
87 61
45 62
85 62
15 63
23 63
24 63
26 63
32 63
52 63
63 63
75 63
87 63
14 64
28 64
33 64
40 64
89 64
17 65
32 65
82 65
36 66
39 66
55 66
83 66
94 66
5 67
14 67
24 67
31 67
35 67
37 67
63 67
69 67
79 67
86 67
93 67
4 68
30 68
53 68
55 68
58 68
87 68
91 68
22 69
30 69
39 69
82 69
9 70
23 70
47 70
62 70
69 70
97 70
2 71
17 71
39 71
48 71
67 71
74 71
9 72
15 72
20 72
29 72
36 72
37 72
54 72
55 72
98 72
26 73
40 73
65 73
3 74
33 74
47 74
91 74
9 75
13 75
17 75
32 75
40 75
42 75
62 75
76 75
78 75
83 75
99 75
19 76
42 76
54 76
61 76
25 77
35 77
43 77
44 77
47 77
57 77
60 77
61 77
79 77
90 77
91 77
23 78
36 78
49 78
61 78
72 78
88 78
54 79
55 79
61 79
64 79
75 79
78 79
87 79
99 79
100 79
4 80
8 80
13 80
71 80
90 80
2 81
22 81
26 81
27 81
30 81
58 81
69 81
22 82
28 82
36 82
57 82
69 82
81 82
87 82
98 82
100 82
11 83
12 83
27 83
28 83
42 83
47 83
51 83
71 83
74 83
20 84
31 84
44 84
83 84
12 85
14 85
35 85
50 85
21 86
32 86
40 86
14 87
23 87
29 87
88 87
92 87
99 87
1 88
15 88
19 88
43 88
46 88
64 88
73 88
37 89
42 89
44 89
74 89
84 89
8 90
28 90
33 90
37 90
44 90
46 90
47 90
59 90
83 90
25 91
33 91
61 91
13 92
16 92
38 92
58 92
60 92
68 92
94 92
16 93
25 93
46 93
87 93
8 94
11 94
75 94
93 94
97 94
7 95
14 95
61 95
66 95
73 95
10 96
46 96
55 96
19 97
44 97
51 97
69 97
72 97
23 98
47 98
55 98
16 99
71 99
93 99
22 100
26 100
42 100
44 100
48 100
52 100
60 100
