100
8 1
15 1
33 1
39 1
52 1
59 1
100 1
31 2
68 2
81 2
4 3
25 3
28 3
48 3
68 3
71 3
73 3
90 3
100 3
4 4
11 4
12 4
36 4
48 4
50 4
57 4
95 4
98 4
25 5
63 5
75 5
77 5
5 6
26 6
43 6
45 6
52 6
61 6
65 6
97 6
29 7
31 7
50 7
76 7
4 8
10 8
11 8
39 8
44 8
79 8
88 8
3 9
25 9
66 9
9 10
51 10
71 10
74 10
77 10
79 10
90 10
2 11
12 11
31 11
41 11
55 11
65 11
75 11
2 12
21 12
40 12
20 13
28 13
49 13
55 13
63 13
91 13
32 14
40 14
57 14
69 14
17 15
20 15
23 15
24 15
33 15
65 15
69 15
71 15
77 15
1 16
6 16
14 16
29 16
51 16
60 16
89 16
2 17
26 17
35 17
39 17
43 17
58 17
62 17
63 17
64 17
67 17
90 17
12 18
40 18
53 18
55 18
59 18
83 18
6 19
22 19
28 19
33 19
50 19
56 19
66 19
68 19
71 19
84 19
19 20
26 20
30 20
50 20
80 20
81 20
5 21
7 21
42 21
49 21
86 21
88 21
90 21
13 22
15 22
20 22
71 22
73 22
89 22
96 22
9 23
11 23
49 23
61 23
64 23
72 23
91 23
15 24
16 24
27 24
39 24
74 24
75 24
76 24
78 24
94 24
14 25
23 25
26 25
36 25
60 25
88 25
89 25
3 26
7 26
35 26
47 26
49 26
52 26
55 26
61 26
86 26
47 27
55 27
63 27
89 27
92 27
35 28
46 28
55 28
64 28
66 28
20 29
24 29
31 29
32 29
38 29
49 29
63 29
67 29
69 29
74 29
86 29
9 30
13 30
34 30
74 30
83 30
39 31
40 31
46 31
48 31
58 31
29 32
42 32
52 32
66 32
69 32
76 32
83 32
88 32
1 33
6 33
39 33
65 33
71 33
18 34
75 34
79 34
18 35
29 35
44 35
57 35
73 35
75 35
84 35
88 35
36 36
39 36
60 36
61 36
70 36
71 36
82 36
90 36
96 36
100 36
10 37
13 37
17 37
33 37
55 37
69 37
77 37
91 37
92 37
100 37
7 38
16 38
42 38
50 38
53 38
13 39
19 39
25 39
52 39
62 39
65 39
78 39
82 39
6 40
15 40
35 40
50 40
66 40
78 40
82 40
100 40
25 41
26 41
27 41
35 41
52 41
61 41
98 41
3 42
13 42
24 42
25 42
32 42
98 42
28 43
48 43
58 43
68 43
96 43
3 44
10 44
11 44
22 44
23 44
24 44
32 44
77 44
27 45
34 45
46 45
59 45
68 45
75 45
15 46
16 46
27 46
65 46
70 46
76 46
19 47
20 47
62 47
76 47
79 47
94 47
11 48
13 48
40 48
45 48
54 48
86 48
91 48
9 49
27 49
33 49
38 49
74 49
81 49
91 49
95 49
2 50
25 50
41 50
43 50
53 50
67 50
98 50
10 51
14 51
42 51
44 51
55 51
81 51
8 52
16 52
46 52
74 52
86 52
91 52
11 53
37 53
38 53
52 53
80 53
100 53
10 54
41 54
83 54
9 55
12 55
34 55
36 55
43 55
52 55
72 55
77 55
85 55
1 56
38 56
62 56
86 56
15 57
19 57
22 57
40 57
72 57
79 57
83 57
8 58
13 58
44 58
58 58
65 58
92 58
18 59
19 59
24 59
28 59
52 59
88 59
97 59
100 59
6 60
8 60
13 60
20 60
25 60
30 60
34 60
51 60
79 60
96 60
98 60
1 61
28 61
68 61
3 62
29 62
41 62
73 62
78 62
11 63
18 63
19 63
26 63
30 63
36 63
57 63
85 63
86 63
66 64
55 65
72 65
73 65
1 66
19 66
25 66
34 66
44 66
50 66
71 66
96 66
1 67
5 67
13 67
15 67
17 67
91 67
3 68
39 68
40 68
42 68
52 68
61 68
68 68
75 68
2 69
4 69
20 69
41 69
42 69
55 69
60 69
68 69
74 69
89 69
95 69
6 70
26 70
30 70
61 70
75 70
81 70
92 70
3 71
57 71
69 71
80 71
96 71
1 72
36 72
40 72
46 72
48 72
53 72
82 72
84 72
2 73
14 73
22 73
34 73
50 73
23 74
29 74
36 74
61 74
65 74
73 74
81 74
7 75
37 75
63 75
73 75
74 75
82 75
85 75
1 76
10 76
14 76
19 76
28 76
37 76
60 76
73 76
76 76
89 76
15 77
67 77
84 77
9 78
19 78
34 78
40 78
49 78
57 78
62 78
73 78
76 78
82 78
99 78
12 79
24 79
30 79
37 79
48 79
58 79
68 79
20 80
23 80
54 80
63 80
64 80
77 80
95 80
18 81
21 81
41 81
44 81
53 81
83 81
98 81
13 82
70 82
83 82
14 83
19 83
35 83
40 83
50 83
84 83
90 83
100 83
53 84
61 84
75 84
78 84
9 85
26 85
39 85
64 85
67 85
78 85
85 85
99 85
100 85
14 86
29 86
68 86
73 86
88 86
15 87
34 87
35 87
39 87
53 87
60 87
76 87
90 87
92 87
94 87
1 88
68 88
72 88
84 88
25 89
31 89
39 89
58 89
83 89
87 89
61 90
41 91
53 91
63 91
9 92
38 92
44 92
58 92
75 92
82 92
38 93
46 93
48 93
53 93
61 93
71 93
1 94
12 94
18 94
55 94
86 94
2 95
15 95
17 95
25 95
51 95
69 95
98 95
9 96
25 96
32 96
66 96
86 96
69 97
7 98
34 98
44 98
51 98
60 98
62 98
74 98
93 98
95 98
100 98
1 99
24 99
29 99
68 99
85 99
3 100
7 100
19 100
29 100
46 100
51 100
65 100
