100
53 1
57 1
58 1
77 1
30 2
61 2
63 2
87 2
99 2
6 3
11 3
35 3
42 3
52 3
57 3
68 3
82 3
94 3
97 3
28 4
60 4
1 5
32 5
72 5
85 5
87 5
17 6
45 6
84 6
95 6
96 6
9 7
14 7
40 7
41 7
45 7
81 7
87 7
98 7
1 8
13 8
17 8
33 8
61 8
68 8
95 8
10 9
28 9
30 9
80 9
82 9
96 9
19 10
22 10
27 10
38 10
40 10
47 10
70 10
77 10
21 11
38 11
69 11
77 11
9 12
12 12
32 12
41 12
76 12
99 12
12 13
16 13
26 13
45 13
69 13
93 13
29 14
58 14
81 14
2 15
7 15
39 15
42 15
48 15
53 15
62 15
69 15
27 16
35 16
48 16
65 16
70 16
6 17
17 17
54 17
75 17
92 17
96 17
13 18
23 18
39 18
40 18
95 18
21 19
24 19
39 19
55 19
67 19
83 19
84 19
15 20
16 20
52 20
78 20
83 20
90 20
100 20
23 21
55 21
7 22
19 22
72 22
82 22
94 22
99 22
1 23
15 23
31 23
36 23
40 23
58 23
76 23
23 24
55 24
60 24
72 24
96 24
7 25
10 25
56 25
5 26
6 26
14 26
19 26
26 26
27 26
41 26
42 26
16 27
22 27
24 27
26 27
36 27
68 27
12 28
50 28
67 28
71 28
80 28
97 28
20 29
46 29
10 30
27 30
41 30
63 30
7 31
37 31
91 31
3 32
6 32
10 32
19 32
38 32
55 32
64 32
69 32
79 32
86 32
4 33
62 33
81 33
85 33
87 33
7 34
16 34
21 34
24 34
27 34
34 34
58 34
66 34
86 34
88 34
95 34
97 34
5 35
22 35
23 35
30 35
39 35
52 35
59 35
66 35
74 35
99 35
12 36
35 36
50 36
100 36
18 37
19 37
26 37
45 37
58 37
79 37
22 38
32 38
37 38
40 38
59 38
66 38
69 38
72 38
73 38
86 38
95 38
1 39
14 39
36 39
45 39
63 39
67 39
73 39
77 39
82 39
83 39
91 39
6 40
16 40
37 40
61 40
77 40
92 40
7 41
23 41
39 41
45 41
60 41
63 41
70 41
81 41
85 41
99 41
16 42
31 42
44 42
45 42
50 42
82 42
89 42
93 42
9 43
36 43
41 43
56 43
62 43
68 43
84 43
99 43
6 44
11 44
29 44
30 44
91 44
2 45
22 45
63 45
92 45
97 45
15 46
21 46
24 46
31 46
35 46
77 46
78 46
84 46
87 46
97 46
16 47
24 47
59 47
61 47
63 47
67 47
69 47
87 47
8 48
12 48
39 48
48 48
62 48
70 48
92 48
6 49
30 49
41 49
42 49
48 49
50 49
71 49
90 49
94 49
1 50
2 50
10 50
38 50
39 50
52 50
60 50
69 50
75 50
87 50
12 51
32 51
42 51
45 51
48 51
51 51
54 51
82 51
98 51
8 52
51 52
54 52
55 52
86 52
16 53
27 53
30 53
47 53
63 53
67 53
69 53
90 53
4 54
11 54
17 54
20 54
28 54
46 54
83 54
2 55
8 55
13 55
21 55
23 55
36 55
41 55
71 55
76 55
97 55
99 55
33 56
62 56
72 56
75 56
83 56
91 56
94 56
95 56
1 57
44 57
46 57
51 57
59 57
60 57
67 57
82 57
20 58
23 58
46 58
54 58
94 58
6 59
8 59
31 59
53 59
60 59
74 59
77 59
92 59
25 60
41 60
79 60
81 60
89 60
26 61
44 61
52 61
67 61
83 61
95 61
22 62
24 62
25 62
59 62
74 62
89 62
91 62
7 63
16 63
17 63
45 63
48 63
70 63
76 63
88 63
13 64
33 64
70 64
77 64
85 64
95 64
30 65
81 65
87 65
35 66
40 66
50 66
53 66
56 66
75 66
77 66
96 66
7 67
48 67
1 68
12 68
27 68
49 68
59 68
64 68
86 68
96 68
100 68
5 69
9 69
27 69
46 69
50 69
90 69
100 69
7 70
32 70
52 70
55 70
71 70
80 70
10 71
11 71
38 71
54 71
58 71
79 71
21 72
38 72
55 72
58 72
62 72
73 72
74 73
81 73
84 73
4 74
21 74
28 74
34 74
43 74
84 74
94 74
95 74
4 75
22 75
32 75
56 75
58 75
3 76
13 76
34 76
38 76
56 76
79 76
80 76
4 77
14 77
29 77
38 77
56 77
73 77
81 77
88 77
99 77
100 77
24 78
41 78
59 78
63 78
81 78
94 78
74 79
77 79
97 79
8 80
43 80
61 80
84 80
95 80
10 81
18 81
36 81
44 81
46 81
53 81
62 81
89 81
100 81
7 82
22 82
33 82
64 82
78 82
9 83
18 83
42 83
61 83
78 83
96 83
5 84
28 84
73 84
97 84
16 85
17 85
19 85
25 85
41 85
47 85
63 85
73 85
76 85
86 85
91 85
95 85
12 86
22 86
43 86
44 86
78 86
1 87
47 87
62 87
75 87
88 87
94 87
100 87
6 88
25 88
28 88
31 88
39 88
67 88
88 88
93 88
30 89
24 90
28 90
86 90
15 91
44 91
52 91
58 91
76 91
78 91
98 91
19 92
32 92
38 92
66 92
69 92
92 92
93 92
97 92
14 93
22 93
26 93
69 93
78 93
92 93
27 94
40 94
55 94
60 94
63 94
69 94
78 94
97 94
99 94
9 95
29 95
32 95
52 95
59 95
74 95
80 95
82 95
83 95
90 95
26 96
36 96
56 96
64 96
74 96
90 96
93 96
6 97
39 97
42 97
61 97
69 97
85 97
89 97
97 97
99 97
7 98
40 98
55 98
66 98
71 98
87 98
91 98
8 99
70 99
92 99
95 99
58 100
