100
1 1
12 1
14 1
26 1
35 1
38 1
47 1
71 1
80 1
3 2
8 2
78 2
100 2
21 3
61 3
65 3
72 3
100 3
58 4
60 4
10 5
36 5
58 5
63 5
68 5
73 5
89 5
99 5
7 6
63 6
65 6
66 6
91 6
16 7
66 7
50 8
61 8
76 8
78 8
98 8
8 9
19 9
30 9
57 9
59 9
70 9
86 9
90 9
6 10
9 11
36 11
53 11
60 11
67 11
71 11
73 11
2 12
43 12
52 12
53 12
75 12
79 12
1 13
30 13
40 13
57 13
78 13
12 14
20 14
26 14
27 14
74 14
82 14
98 14
11 15
36 15
73 15
19 16
30 16
41 16
72 16
99 16
39 17
44 17
46 17
18 18
30 18
48 18
50 18
22 19
30 19
34 19
36 19
39 19
50 19
76 19
98 19
99 19
5 20
41 20
55 20
56 20
67 20
72 20
43 21
46 21
76 21
24 22
33 22
49 22
97 22
27 23
28 23
45 23
46 23
58 23
86 23
14 24
37 24
39 24
69 24
76 24
78 24
12 25
55 25
99 25
15 26
52 26
67 26
3 27
31 27
43 27
70 27
72 27
80 27
1 28
8 28
17 28
29 28
30 28
39 28
51 28
57 28
58 28
64 28
72 28
78 28
81 28
1 29
34 29
47 29
76 29
92 29
95 29
9 30
12 30
36 30
44 30
73 30
74 30
81 30
87 30
100 30
4 31
13 31
35 31
65 31
66 31
71 31
94 31
96 31
97 31
100 31
10 32
14 32
32 32
38 32
45 32
49 32
50 32
53 32
80 32
81 32
21 33
43 33
82 33
15 34
35 34
38 34
41 34
64 34
70 34
74 34
14 35
32 35
41 35
42 35
94 35
99 35
25 36
43 36
55 36
58 36
9 37
29 37
40 37
50 37
74 37
7 38
22 38
24 38
34 38
36 38
40 38
42 38
68 38
22 39
38 39
51 39
52 39
62 39
67 39
68 39
84 39
91 39
93 39
95 39
100 39
22 40
35 40
39 40
48 40
56 40
81 40
93 40
98 40
17 41
36 41
61 41
93 41
97 41
20 42
26 42
37 42
39 42
51 42
56 42
83 42
84 42
9 43
94 43
3 44
21 44
28 44
57 44
64 44
74 44
75 44
90 44
8 45
17 45
46 45
66 45
73 45
90 45
5 46
9 46
20 46
23 46
46 46
53 46
56 46
57 46
59 46
82 46
91 46
3 47
14 47
27 47
83 47
95 47
2 48
14 48
32 48
53 48
54 48
65 48
80 48
81 48
3 49
39 49
42 49
44 49
49 49
72 49
91 49
21 50
23 50
35 50
59 50
77 50
100 50
35 51
54 51
63 51
66 51
78 51
81 51
29 52
31 52
37 52
58 52
59 52
68 52
9 53
13 53
26 53
34 53
47 53
64 53
79 53
84 53
4 54
6 54
11 54
47 54
51 54
52 54
58 54
68 54
81 54
87 54
100 54
24 55
30 55
55 55
59 55
60 55
79 55
81 55
89 55
95 55
77 56
83 56
6 57
13 57
21 57
25 57
94 57
20 58
22 58
36 58
49 58
53 58
63 58
75 58
85 58
97 58
4 59
19 59
31 59
39 59
40 59
54 59
73 59
87 59
89 59
10 60
21 60
39 60
41 60
73 60
77 60
78 60
84 60
86 60
7 61
27 61
77 61
16 62
19 62
32 62
40 62
55 62
84 62
21 63
67 63
70 63
22 64
27 64
38 64
83 64
95 64
61 65
72 65
78 65
81 65
87 65
97 65
19 66
50 66
58 66
72 66
97 66
23 67
48 67
55 67
56 67
69 67
71 67
2 68
33 68
73 68
82 68
87 68
5 69
23 69
37 69
48 69
55 69
56 69
57 69
84 69
85 69
4 70
16 70
17 70
25 70
28 70
47 70
85 70
92 70
64 71
11 72
38 72
43 72
45 72
49 72
54 72
56 72
66 72
96 72
31 73
70 73
78 73
17 74
19 74
36 74
39 74
42 74
47 74
59 74
72 74
14 75
32 75
59 75
70 75
84 75
90 75
31 76
44 76
74 76
15 77
39 77
42 77
61 77
92 77
1 78
21 78
22 78
34 78
54 78
69 78
93 78
12 79
23 79
31 79
43 79
46 79
75 79
88 79
1 80
17 80
25 80
38 80
39 80
45 80
53 80
76 80
78 80
79 80
96 80
100 80
3 81
28 81
66 81
99 81
3 82
32 82
40 82
44 82
53 82
63 82
76 82
82 82
93 82
97 82
16 83
20 83
27 83
39 83
47 83
52 83
61 83
71 83
78 83
83 83
91 83
73 84
100 84
8 85
23 85
58 85
85 85
94 85
36 86
54 86
60 86
65 86
8 87
35 87
52 87
54 87
56 87
66 87
17 88
78 88
82 88
86 88
91 88
98 88
27 89
65 89
72 89
74 89
80 89
90 89
27 90
43 90
44 90
54 90
75 90
81 90
83 90
91 90
2 91
8 91
17 91
21 91
22 91
27 91
45 91
59 91
70 91
71 91
79 91
83 91
14 92
37 92
61 92
68 92
74 92
78 92
88 92
93 92
96 92
1 93
23 93
27 93
31 93
44 93
56 93
71 93
88 93
3 94
28 94
74 94
87 94
21 95
50 95
57 95
65 95
66 95
68 95
80 95
86 95
54 96
64 96
65 96
13 97
21 97
25 97
66 97
91 97
22 98
30 98
33 98
52 98
62 98
90 98
94 98
8 99
23 99
30 99
37 99
39 99
44 99
47 99
50 99
77 99
82 99
13 100
51 100
68 100
74 100
97 100
