100
51 1
65 1
95 1
17 2
28 2
40 2
47 2
49 2
60 2
75 2
91 2
19 3
45 3
54 3
63 3
68 3
76 3
82 3
86 3
91 3
35 4
45 4
47 4
92 4
97 4
100 4
9 5
24 5
32 5
35 5
59 5
5 6
8 6
20 6
50 6
71 6
40 7
61 7
84 7
49 8
72 8
77 8
18 9
33 9
73 9
87 9
93 9
4 10
7 10
49 10
66 10
80 10
95 10
97 10
10 11
21 11
22 11
33 11
37 11
45 11
97 11
9 12
12 12
17 12
23 12
25 12
37 12
45 12
54 12
87 12
10 13
16 13
35 13
70 13
88 13
97 13
100 13
25 14
80 14
87 14
5 15
14 15
35 15
36 15
53 15
63 15
74 15
77 15
87 15
94 15
100 15
11 16
21 16
30 16
45 16
58 16
62 16
64 16
73 16
86 16
90 16
9 17
41 17
51 17
71 17
90 17
10 18
27 18
33 18
36 18
65 18
92 18
97 18
98 18
18 19
19 19
22 19
26 19
27 19
34 19
39 19
41 19
73 19
86 19
93 19
14 20
50 20
76 20
95 20
98 20
3 21
10 21
44 21
59 21
70 21
78 21
79 21
88 21
91 21
4 22
13 22
36 22
44 22
53 22
64 22
82 22
88 22
100 22
11 23
12 23
19 23
36 23
52 23
58 23
99 23
8 24
83 24
86 24
9 25
10 25
13 25
43 25
56 25
70 25
81 25
91 25
5 26
11 26
69 26
72 26
74 26
85 26
2 27
46 27
79 27
98 27
25 28
50 28
63 28
81 28
92 28
99 28
16 29
18 29
26 29
28 29
40 29
44 29
61 29
63 29
65 29
76 29
8 30
17 30
21 30
31 30
42 30
68 30
72 30
74 30
84 30
98 30
1 31
4 31
9 31
15 31
50 31
59 31
77 31
78 31
98 31
3 32
4 32
41 32
48 32
78 32
51 33
55 33
73 33
76 33
96 33
30 34
51 34
74 34
83 34
95 34
97 34
14 35
30 35
37 35
58 35
61 35
63 35
96 35
17 36
19 36
35 36
52 36
60 36
62 36
75 36
82 36
84 36
25 37
56 37
59 37
62 37
73 37
79 37
89 37
90 37
100 37
17 38
23 38
33 38
41 38
47 38
63 38
69 38
12 39
21 39
26 39
29 39
84 39
85 39
10 40
16 40
37 40
83 40
1 41
32 41
36 41
58 41
95 41
36 42
45 42
82 42
87 42
2 43
47 43
52 43
54 43
68 43
74 43
86 43
90 43
92 43
9 44
33 44
62 44
76 44
97 44
24 45
44 45
47 45
49 45
76 45
83 45
96 45
23 46
30 46
32 46
61 46
73 46
90 46
93 46
3 47
10 47
30 47
32 47
37 47
38 47
45 47
53 47
71 47
75 47
1 48
11 48
88 48
38 49
49 49
51 49
60 49
72 49
10 50
32 50
44 50
58 50
59 50
85 50
93 50
13 51
25 51
43 51
62 51
63 51
82 51
100 51
3 52
17 52
48 52
58 52
89 52
8 53
42 53
45 53
48 53
69 53
70 53
72 53
77 53
78 53
79 53
80 53
22 54
25 54
37 54
44 54
47 54
51 54
58 54
83 54
35 55
42 55
54 55
57 55
69 55
92 55
97 55
30 56
40 56
47 56
81 56
91 56
92 56
6 57
10 57
36 57
78 57
81 57
88 57
7 58
12 58
85 58
96 58
7 59
20 59
25 59
38 59
39 59
51 59
97 59
6 60
12 60
24 60
52 60
88 60
89 60
44 61
47 61
76 61
86 61
97 61
99 61
1 62
14 62
16 62
22 62
50 62
91 62
100 62
9 63
35 63
40 63
42 63
59 63
65 63
70 63
96 63
31 64
34 64
37 64
44 64
51 64
60 64
83 64
17 65
28 65
29 65
79 65
87 65
88 65
94 65
97 65
100 65
11 66
18 66
41 66
42 66
53 66
72 66
73 66
5 67
10 67
33 67
66 67
67 67
68 67
29 68
36 68
86 68
92 68
94 68
1 69
4 69
31 69
45 69
51 69
54 69
56 69
63 69
84 69
85 69
86 69
2 70
3 70
13 70
18 70
45 70
62 70
64 70
76 70
77 70
78 70
83 70
11 71
12 71
19 71
58 71
60 71
90 71
12 72
15 72
6 73
41 73
47 73
53 73
55 73
76 73
3 74
48 74
60 74
63 74
67 74
77 74
8 75
10 75
17 75
18 75
53 75
57 75
62 75
97 75
1 76
2 76
28 76
73 76
95 76
99 76
11 77
12 77
64 77
69 77
72 77
78 77
84 77
94 77
1 78
12 78
15 78
22 78
26 78
50 78
53 78
59 78
100 78
23 79
29 79
40 79
46 79
47 79
67 79
69 79
70 79
73 79
75 79
12 80
42 80
46 80
57 80
62 80
67 80
75 80
82 80
96 80
12 81
15 81
35 81
54 81
58 81
67 81
71 81
79 81
14 82
23 82
32 82
35 82
46 82
54 82
57 82
58 82
37 83
87 83
37 84
48 84
50 84
65 84
87 84
35 85
46 85
58 85
89 85
91 85
4 86
7 86
20 86
74 86
79 86
85 86
97 86
25 87
66 87
79 87
80 87
22 88
41 88
62 88
75 88
94 88
1 89
10 89
52 89
78 89
13 90
16 90
34 90
35 90
36 90
80 90
99 90
48 91
52 91
69 91
74 91
46 92
55 92
68 92
96 92
1 93
16 93
30 93
37 93
38 93
47 93
59 93
75 93
78 93
94 93
49 94
69 94
83 94
98 94
17 95
20 95
33 95
57 95
58 95
70 95
79 95
94 95
26 96
84 96
4 97
7 97
31 97
44 97
52 97
62 97
67 97
94 97
13 98
24 98
56 98
57 98
79 98
90 98
94 98
39 99
58 99
78 99
3 100
58 100
61 100
68 100
69 100
79 100
87 100
