100
1 1
24 1
60 1
67 1
16 2
21 2
29 2
30 2
33 2
43 2
52 2
58 2
88 2
30 3
51 3
59 3
67 3
73 3
90 3
92 3
94 3
13 4
17 4
20 4
43 4
45 4
59 4
82 4
83 4
94 4
99 4
2 5
16 5
24 5
35 5
44 5
56 5
57 5
67 5
68 5
70 6
80 6
82 6
84 6
90 6
99 6
100 6
5 7
14 7
21 7
38 7
51 7
57 7
65 7
66 7
87 7
39 8
54 8
86 8
16 9
20 9
23 9
28 9
66 9
68 9
89 9
3 10
11 10
23 10
30 10
52 10
87 10
92 10
93 10
1 11
2 11
24 11
90 11
91 11
7 12
11 12
17 12
28 12
39 12
57 12
75 12
78 12
80 12
81 12
82 12
11 13
17 13
19 13
23 13
34 13
45 13
48 13
56 13
18 14
57 14
81 14
83 14
91 14
90 15
26 16
29 16
77 16
83 16
1 17
19 17
20 17
29 17
67 17
75 17
23 18
26 18
34 18
39 18
42 18
63 18
72 18
92 18
94 18
2 19
48 19
68 19
81 19
87 19
4 20
20 20
44 20
63 20
71 20
16 21
48 21
68 21
73 21
91 21
7 22
8 22
31 22
45 22
62 22
71 22
74 22
87 22
96 22
20 23
28 23
69 23
72 23
50 24
63 24
65 24
66 24
75 24
79 24
99 24
10 25
16 25
56 25
15 26
21 26
40 26
49 26
51 26
58 26
1 27
7 27
20 28
27 28
67 28
69 28
94 28
13 29
66 29
11 30
18 30
21 30
25 30
29 30
37 30
48 30
56 30
68 30
71 30
85 30
4 31
72 31
79 31
26 32
48 32
66 32
72 32
9 33
37 33
64 33
72 33
84 33
4 34
8 34
2 35
83 35
3 36
10 36
21 37
76 37
6 38
29 38
41 38
45 38
47 38
65 38
75 38
80 38
96 38
35 39
45 39
75 39
78 39
19 40
23 40
36 40
53 40
81 40
9 41
15 41
30 41
31 41
33 41
34 41
40 41
52 41
73 41
2 42
27 42
28 42
33 42
40 42
46 42
51 42
7 43
26 43
32 43
91 43
30 44
51 44
67 44
74 44
76 44
78 44
2 45
17 45
36 45
55 45
58 45
82 45
99 45
15 46
38 46
43 46
46 46
49 46
79 46
92 46
19 47
30 47
33 47
72 47
8 48
20 48
31 48
68 48
79 48
85 48
94 48
26 49
46 49
53 49
57 49
80 49
25 50
35 50
36 50
44 50
72 50
96 50
26 51
32 51
37 51
48 51
52 51
56 51
60 51
68 51
82 51
90 51
26 52
60 52
61 52
63 52
19 53
54 53
60 53
63 53
64 53
81 53
8 54
40 54
46 54
66 54
89 54
6 55
9 55
11 55
16 55
52 55
54 55
78 55
8 56
12 56
15 56
21 56
28 56
36 56
57 56
37 57
47 57
91 57
99 57
5 58
6 58
11 58
37 58
40 58
48 58
70 58
96 58
10 59
16 59
53 59
66 59
67 59
78 59
82 59
91 59
97 59
99 59
21 60
28 60
66 60
88 60
90 60
14 61
22 61
27 61
34 61
47 61
52 61
56 61
70 61
97 61
99 61
4 62
37 62
40 62
29 63
60 63
93 63
100 63
56 64
10 65
15 65
38 65
61 65
65 65
67 65
85 65
2 66
21 66
23 66
62 66
75 66
87 66
89 66
91 66
4 67
5 67
94 67
22 68
29 68
31 68
33 68
44 68
61 68
99 68
3 69
40 69
47 69
56 69
62 69
76 69
93 69
95 69
99 69
4 70
10 70
20 70
33 70
45 70
46 70
48 70
75 70
78 70
83 70
96 70
30 71
33 71
61 71
70 71
91 71
12 72
17 72
29 72
58 72
63 72
79 72
93 72
96 72
15 73
17 73
22 73
30 73
39 73
41 73
57 73
5 74
70 74
74 74
77 74
2 75
43 75
56 75
70 75
93 75
8 76
55 76
56 76
57 76
59 76
68 76
80 76
22 77
33 77
67 77
68 77
80 77
47 78
49 78
61 78
97 78
18 79
19 79
20 79
42 79
64 79
71 79
2 80
39 80
41 80
49 80
62 80
71 80
77 80
6 81
39 81
52 81
61 81
64 81
92 81
6 82
35 82
49 82
54 82
56 82
68 82
76 82
80 82
86 82
98 82
3 83
19 83
63 83
81 83
86 83
99 83
57 84
69 84
78 84
82 84
36 85
52 85
59 85
64 85
83 85
97 85
4 86
5 86
23 86
26 86
44 86
49 86
71 86
75 86
77 86
79 86
90 86
6 87
23 87
34 87
41 87
51 87
13 88
22 88
32 88
47 88
56 88
72 88
77 88
2 89
9 89
35 89
69 89
85 89
1 90
10 90
15 90
29 90
92 90
99 90
1 91
3 91
11 91
56 91
67 91
79 91
81 91
90 91
91 91
93 91
23 92
37 92
42 92
54 92
57 92
58 92
85 92
4 93
8 93
23 93
47 93
49 93
59 93
61 93
63 93
98 93
18 94
32 94
35 94
44 94
53 94
97 94
100 94
10 95
13 95
20 95
26 95
37 95
40 95
59 95
66 95
93 95
96 95
13 96
38 96
58 96
69 96
35 97
63 97
78 97
84 97
97 97
99 97
56 98
58 98
94 98
20 99
22 99
36 99
47 99
58 99
78 99
83 99
100 99
36 100
39 100
42 100
88 100
92 100
100 100
