100
8 1
13 1
23 1
36 1
44 1
48 1
67 1
69 1
72 1
80 1
98 1
9 2
27 2
31 2
42 2
48 2
3 3
16 3
28 3
74 3
81 3
88 3
15 4
40 4
50 4
77 4
81 4
96 4
97 4
1 5
5 5
13 5
16 5
37 5
40 5
78 5
3 6
11 6
36 6
39 6
54 6
56 6
62 6
63 6
74 6
78 6
81 6
86 6
91 6
18 7
30 7
31 7
64 7
79 7
54 8
56 8
57 8
80 8
2 9
26 9
38 9
40 9
82 9
99 9
12 10
19 10
51 10
74 10
76 10
77 10
18 11
64 11
79 11
83 11
92 11
3 12
19 12
35 12
52 12
75 12
4 13
45 13
53 13
69 13
2 14
13 14
28 14
60 14
80 14
81 14
83 14
87 14
88 14
26 15
31 15
47 15
49 15
72 15
96 15
1 16
6 16
20 16
28 16
47 16
70 16
83 16
96 16
29 17
40 17
41 17
47 17
60 17
72 17
76 17
94 17
98 17
6 18
22 18
39 18
43 18
49 18
9 19
13 19
60 19
78 19
8 20
36 20
45 20
61 20
67 20
13 21
32 21
36 21
51 21
54 21
70 21
74 21
75 21
41 22
45 22
66 22
71 22
74 22
82 22
99 22
2 23
10 23
20 23
22 23
48 23
50 23
52 23
58 23
62 23
83 23
67 24
68 24
69 24
13 25
22 25
30 25
33 25
49 25
67 25
80 25
4 26
34 26
56 26
58 26
69 26
77 26
97 26
98 26
61 27
94 27
96 27
6 28
24 28
43 28
52 28
68 28
80 28
93 28
96 28
99 28
4 29
5 29
50 29
53 29
76 29
78 29
81 29
87 29
89 29
19 30
85 30
90 30
11 31
20 31
28 31
59 31
61 31
92 31
60 32
66 32
24 33
25 33
26 33
36 33
78 33
39 34
41 34
44 34
49 34
87 34
97 34
35 35
42 35
66 35
78 35
2 36
6 36
35 36
37 36
63 36
76 36
93 36
100 36
29 37
32 37
43 37
56 37
61 37
83 37
29 38
70 38
6 39
54 39
72 39
90 39
12 40
24 40
28 40
57 40
62 40
81 40
5 41
8 41
17 41
19 41
41 41
81 41
84 41
85 41
87 41
93 41
17 42
25 42
35 42
50 42
63 42
69 42
70 42
81 42
85 42
34 43
69 43
92 43
3 44
22 44
23 44
29 44
43 44
60 44
63 44
67 44
80 44
86 44
14 45
32 45
41 45
46 45
68 45
98 45
14 46
15 46
20 46
58 46
63 46
66 46
75 46
78 46
79 46
86 46
10 47
11 47
22 47
30 47
69 47
70 47
76 47
21 48
43 48
44 48
96 48
1 49
22 49
28 49
54 49
59 49
68 49
83 49
84 49
96 49
99 49
3 50
8 50
14 50
16 50
18 50
36 50
61 50
81 50
84 50
33 51
53 51
88 51
91 51
92 51
98 51
6 52
9 52
24 52
42 52
43 52
44 52
63 52
67 52
71 52
75 52
80 52
7 53
44 53
60 53
82 53
84 53
100 53
11 54
28 54
36 54
38 54
43 54
47 54
57 54
77 54
85 54
20 55
45 55
72 55
26 56
65 56
71 56
100 56
1 57
17 57
37 57
43 57
59 57
64 57
90 57
91 57
99 57
10 58
26 58
45 58
59 58
64 58
65 58
73 58
1 59
9 59
24 59
34 59
38 59
39 59
42 59
60 59
83 59
41 60
63 60
80 60
98 60
3 61
18 61
19 61
30 61
35 61
94 61
13 62
17 62
18 62
20 62
43 62
47 62
49 62
52 62
60 62
61 62
68 62
80 62
81 62
86 62
2 63
48 63
53 63
71 63
76 63
96 63
12 64
18 64
71 64
95 64
97 64
30 65
46 65
49 65
54 65
70 65
76 65
49 66
14 67
35 67
87 67
9 68
21 68
35 68
59 68
63 68
89 68
96 68
19 69
46 69
56 69
65 69
84 69
16 70
20 70
27 70
39 70
47 70
74 70
75 70
77 70
25 71
26 71
29 71
33 71
50 71
88 71
98 71
11 72
28 72
43 72
63 72
65 72
79 72
100 72
13 73
17 73
19 73
40 73
46 73
71 73
83 73
98 73
20 74
36 74
66 74
79 74
93 74
36 75
43 75
73 75
79 75
80 75
99 75
3 76
20 76
29 76
30 76
54 76
83 76
17 77
29 77
35 77
52 77
56 77
58 77
86 77
2 78
10 78
18 78
28 78
29 78
31 78
32 78
65 78
82 78
93 78
4 79
15 79
20 79
22 79
35 79
41 79
58 79
69 79
82 79
36 80
36 81
45 81
50 81
55 81
78 81
90 81
3 82
28 82
43 82
51 82
72 82
73 82
12 83
29 83
41 83
49 83
68 83
73 83
94 83
100 83
21 84
37 84
42 84
56 84
93 84
94 84
95 84
39 85
56 85
74 85
86 85
30 86
31 86
65 86
95 86
99 86
17 87
20 87
23 87
73 87
74 88
90 88
97 88
14 89
26 89
41 89
42 89
57 89
73 89
91 89
93 89
100 89
50 90
87 90
97 90
3 91
8 91
54 91
57 91
78 91
15 92
26 92
70 92
93 92
4 93
27 93
29 93
46 93
53 93
65 93
67 93
71 93
86 93
25 94
45 94
50 94
82 94
25 95
31 95
55 95
64 95
88 95
98 95
5 96
37 96
40 96
73 96
74 96
75 96
8 97
18 97
33 97
70 97
2 98
3 98
10 98
16 98
25 98
44 98
46 98
56 98
59 98
75 98
10 99
16 99
56 99
66 99
85 99
93 99
9 100
10 100
48 100
61 100
96 100
98 100
