100
1 1
37 1
76 1
99 1
24 2
51 2
68 2
2 3
7 3
17 3
26 3
29 3
30 3
78 3
85 3
97 3
98 3
31 4
68 4
71 4
99 4
6 5
36 5
88 5
5 6
8 6
12 6
18 6
54 6
69 6
78 6
88 6
99 6
10 7
38 7
39 7
53 7
55 7
67 7
78 7
93 7
95 7
37 8
50 8
2 9
39 9
55 9
69 9
71 9
83 9
93 9
17 10
66 10
73 10
95 10
2 11
7 11
17 11
25 11
37 11
59 11
64 11
67 11
77 11
88 11
90 11
100 11
16 12
30 12
34 12
59 12
74 12
76 12
82 12
84 12
25 13
30 13
60 13
80 13
100 13
21 14
46 14
59 14
69 14
75 14
32 15
43 15
62 15
29 16
35 16
39 16
78 16
84 16
94 16
39 17
48 17
50 17
92 17
3 18
18 18
19 18
34 18
43 18
51 18
68 18
92 18
3 19
12 19
14 19
15 19
23 19
40 19
61 19
69 19
36 20
56 20
62 20
71 20
82 20
97 20
98 20
34 21
57 21
61 21
87 21
89 21
97 21
38 22
46 22
64 22
75 22
54 23
58 23
85 23
29 24
32 24
94 24
96 24
9 25
60 25
93 25
97 25
5 26
11 26
20 26
42 26
52 26
54 26
72 26
74 26
80 26
6 27
10 27
26 27
31 27
41 27
4 28
18 28
19 28
23 28
28 28
76 28
80 28
92 28
2 29
49 29
53 29
72 29
27 30
32 30
36 30
65 30
80 30
16 31
25 31
28 31
35 31
74 32
76 32
81 32
82 32
12 33
18 33
28 33
34 33
37 33
38 33
39 33
50 33
77 33
78 33
85 33
2 34
14 34
61 34
71 34
77 34
81 34
23 35
33 35
79 35
84 35
91 35
61 36
62 36
63 36
64 36
66 36
92 36
99 36
19 37
29 37
39 37
56 37
77 37
92 37
23 38
54 38
83 38
36 39
68 39
79 39
7 40
33 40
34 40
71 40
81 40
8 41
23 41
29 41
33 41
40 41
63 41
65 41
69 41
80 41
88 41
18 42
30 42
40 42
52 42
54 42
84 42
9 43
32 43
39 43
51 43
59 43
13 44
39 44
43 44
44 44
52 44
73 44
93 44
25 45
31 45
38 45
49 45
82 45
1 46
2 46
36 46
48 46
50 46
83 46
94 46
95 46
5 47
11 47
22 47
37 47
65 47
89 47
9 48
14 48
46 48
74 48
96 48
24 49
27 49
42 49
52 49
64 49
65 49
66 49
67 49
75 49
78 49
38 50
42 50
48 50
24 51
67 51
72 51
73 51
78 51
95 51
96 51
2 52
33 52
50 52
60 52
80 52
87 52
23 53
31 53
39 53
65 53
88 53
95 53
28 54
40 54
2 55
15 55
33 55
42 55
43 55
44 55
84 55
87 55
94 55
98 55
9 56
19 56
20 56
46 56
66 56
15 57
17 57
18 57
37 57
48 57
64 57
96 57
99 57
20 58
37 58
61 58
80 58
86 58
95 58
2 59
19 59
38 59
39 59
56 59
78 59
18 60
35 60
40 60
51 60
65 60
69 60
75 60
93 60
19 61
27 61
32 61
45 61
67 61
82 61
20 62
28 62
42 62
51 62
58 62
63 62
15 63
24 63
59 63
64 63
70 63
73 63
95 63
97 63
1 64
34 64
37 64
49 64
51 64
78 64
92 64
11 65
49 65
59 65
90 65
99 65
13 66
75 66
77 66
91 66
19 67
39 67
52 67
91 67
3 68
23 68
34 68
36 68
38 68
63 68
68 68
71 68
76 68
90 68
2 69
12 69
19 69
40 69
42 69
86 69
91 69
9 70
18 70
26 70
48 70
58 70
61 70
76 70
95 70
22 71
38 71
88 71
17 72
52 72
89 72
15 73
90 73
7 74
13 74
19 74
21 74
38 74
47 74
95 74
30 75
38 75
39 75
44 75
50 75
53 75
59 75
60 75
75 75
9 76
40 76
67 76
89 76
97 76
21 77
23 77
35 77
42 77
51 77
58 77
88 77
29 78
37 78
52 78
91 78
98 78
99 78
8 79
46 79
49 79
55 79
62 79
80 79
88 79
34 80
42 80
78 80
83 80
12 81
21 81
25 81
28 81
36 81
39 81
41 81
56 81
67 81
72 81
81 81
86 81
89 81
2 82
8 82
47 82
50 82
58 82
76 82
6 83
20 83
37 83
78 83
99 84
100 84
34 85
35 85
41 85
69 85
70 85
50 86
62 86
5 87
15 87
21 87
22 87
43 87
62 87
95 87
6 88
19 88
28 88
45 88
50 88
61 88
76 88
5 89
20 89
24 89
28 89
48 89
69 89
72 89
87 89
93 89
96 89
5 90
28 90
39 90
47 90
48 90
58 90
59 90
68 90
81 90
91 90
96 90
5 91
10 91
41 91
45 91
81 91
93 91
99 91
24 92
33 92
50 92
56 92
59 92
63 92
71 92
80 92
3 93
12 93
18 93
19 93
27 93
42 93
60 93
64 93
67 93
78 93
84 93
90 93
19 94
24 94
36 94
37 94
60 94
82 94
40 95
80 95
81 95
91 95
94 95
33 96
47 96
53 96
58 96
67 96
88 96
23 97
45 97
67 97
100 97
12 98
51 98
41 99
71 99
77 99
81 99
86 99
22 100
47 100
76 100
99 100
