100
3 1
34 1
51 1
16 2
42 2
36 3
46 3
66 3
68 3
76 3
87 3
6 4
17 4
38 4
57 4
63 4
89 4
92 4
72 5
1 6
13 6
20 6
28 6
44 6
47 6
90 6
11 7
26 7
38 7
40 7
56 7
61 7
62 7
63 7
70 7
4 8
7 8
40 8
45 8
57 8
78 8
1 9
2 9
6 9
9 9
68 9
69 9
70 9
71 9
74 9
90 9
3 10
4 10
5 10
26 10
39 10
48 10
67 10
68 10
76 10
89 10
26 11
30 11
49 11
83 11
88 11
94 11
96 11
98 11
32 12
42 12
49 12
79 12
2 13
3 13
12 13
32 13
52 13
53 13
81 13
92 13
1 14
15 14
44 14
48 14
61 14
70 14
71 14
92 14
11 15
33 15
45 15
67 15
25 16
42 16
85 16
22 17
76 17
92 17
97 17
14 18
24 18
30 18
34 18
53 18
67 18
94 18
99 18
57 19
59 19
84 19
91 19
30 20
36 20
43 20
47 20
57 20
63 20
19 21
21 21
46 21
64 21
86 21
88 21
93 21
97 21
6 22
21 22
49 22
67 22
42 23
48 23
94 23
67 24
88 24
19 25
29 25
54 25
64 25
68 25
87 25
100 25
3 26
50 26
79 26
77 27
19 28
41 28
44 28
51 28
74 28
91 28
41 29
47 29
65 29
72 29
98 29
21 30
29 30
31 30
50 30
61 30
63 30
77 30
93 30
22 31
23 31
40 31
58 31
66 31
12 32
13 32
18 32
22 32
26 32
35 32
44 32
73 32
100 32
14 33
48 33
61 33
65 33
76 33
79 33
12 34
36 34
48 34
82 34
83 34
86 34
10 35
13 35
17 35
32 35
33 35
99 35
14 36
44 36
51 36
56 36
60 36
70 36
21 37
26 37
50 37
57 37
61 37
93 37
20 38
35 38
83 38
13 39
17 39
30 39
67 39
79 39
10 40
23 40
31 40
37 40
43 40
55 40
65 40
79 40
82 40
20 41
29 41
38 41
47 41
87 41
9 42
11 42
42 42
55 42
67 42
86 42
1 43
16 43
30 43
35 43
38 43
47 43
61 43
66 43
75 43
92 43
94 43
98 43
27 44
52 44
66 44
67 44
8 45
42 45
83 45
100 45
13 46
32 46
36 46
39 46
56 46
36 47
13 48
16 48
32 48
53 48
74 48
84 48
92 48
5 49
14 49
33 49
45 49
54 49
74 49
97 49
19 50
79 50
87 50
1 51
2 51
23 51
26 51
31 51
41 51
48 51
59 51
64 51
65 51
79 51
84 51
98 51
1 52
6 52
18 52
48 52
66 52
70 52
74 52
75 52
97 52
7 53
20 53
54 53
57 53
72 53
74 53
79 53
87 53
48 54
92 54
32 55
51 55
76 55
82 55
89 55
3 56
21 56
51 56
52 56
94 56
22 57
33 57
58 57
64 57
82 57
3 58
8 58
10 58
22 58
24 58
25 58
45 58
93 58
19 59
25 59
43 59
93 59
5 60
30 60
33 60
78 60
79 60
88 60
97 60
99 60
16 61
17 61
20 61
23 61
51 61
54 61
76 61
93 61
16 62
28 62
43 62
47 62
52 62
68 62
72 62
79 62
81 62
9 63
25 63
54 63
74 63
78 63
89 63
91 63
19 64
35 64
96 64
9 65
16 65
47 65
73 65
77 65
81 65
8 66
29 66
46 66
49 66
53 66
55 66
67 66
70 66
97 66
10 67
12 67
31 67
62 67
64 67
67 67
99 67
32 68
10 69
40 69
59 69
72 69
80 69
85 69
96 69
15 70
18 70
20 70
24 70
33 70
57 70
17 71
35 71
37 71
69 71
75 71
76 71
22 72
26 72
36 72
46 72
77 72
81 72
93 72
34 73
48 73
62 73
63 73
66 73
84 73
1 74
7 74
83 74
14 75
51 75
64 75
74 75
79 75
88 75
97 75
37 76
46 76
55 76
91 76
27 77
40 77
60 77
61 77
90 77
92 77
38 78
52 78
56 78
60 78
83 78
87 78
91 78
9 79
67 79
85 79
23 80
77 80
85 80
91 80
94 80
100 80
26 81
58 81
4 82
24 82
55 82
67 82
11 83
12 83
55 83
66 83
73 83
1 84
38 84
44 84
60 84
82 84
85 84
91 84
100 84
11 85
21 85
35 85
42 85
71 85
98 85
44 86
55 86
99 86
8 87
62 87
63 87
78 87
86 87
44 88
64 88
75 88
80 88
85 88
90 88
92 88
98 88
12 89
22 89
23 89
25 89
32 89
69 89
70 89
81 89
84 89
89 89
90 89
2 90
7 90
23 90
29 90
36 90
39 90
46 90
64 90
79 90
50 91
52 91
57 91
62 91
81 91
10 92
28 92
62 92
68 92
69 92
75 92
82 92
100 92
33 93
34 93
42 93
43 93
51 93
53 93
58 93
60 93
81 93
87 93
9 94
25 94
47 94
48 94
53 94
77 94
1 95
19 95
42 95
43 95
57 95
73 95
84 95
96 95
31 96
34 96
47 96
54 96
65 96
80 96
91 96
96 96
99 96
31 97
35 97
95 97
100 97
15 98
20 98
27 98
90 98
97 98
98 98
31 99
37 99
5 100
8 100
60 100
76 100
78 100
91 100
93 100
100 100
