100
4 1
11 1
47 1
65 1
85 1
88 1
91 1
94 1
3 2
8 2
19 2
27 2
29 2
47 2
48 2
51 2
80 2
81 2
8 3
32 3
40 3
44 3
73 3
81 3
18 4
30 4
40 4
44 4
77 4
82 4
10 5
30 5
46 5
55 5
63 5
67 5
71 5
80 5
100 5
30 6
34 6
40 6
78 6
79 6
81 6
82 6
87 6
33 7
64 7
76 7
90 7
99 7
19 8
30 8
81 8
84 8
20 9
21 9
60 9
61 9
71 9
72 9
73 9
82 9
87 9
1 10
9 10
10 10
16 10
25 10
39 10
44 10
59 10
60 10
71 10
99 10
18 11
31 11
42 11
81 11
85 11
88 11
6 12
29 12
38 12
41 12
66 12
93 12
16 13
21 13
37 13
43 13
45 13
46 13
81 13
90 13
1 14
51 14
53 14
58 14
72 14
31 15
39 15
46 15
48 15
51 15
52 15
53 15
5 16
38 16
43 16
45 16
48 16
70 16
76 16
20 17
22 17
33 17
36 17
39 17
62 17
78 17
96 17
97 17
100 17
29 18
32 18
52 18
68 18
89 18
92 18
99 18
3 19
20 19
23 19
34 19
39 19
42 19
44 19
99 19
100 19
2 20
33 20
65 20
85 20
88 20
97 20
10 21
15 21
41 21
48 21
51 21
60 21
61 21
63 21
94 21
1 22
4 22
5 22
53 22
92 22
93 22
42 23
58 23
80 23
81 23
86 23
94 23
11 24
13 24
26 24
32 24
49 24
67 24
72 24
96 24
98 24
9 25
11 25
15 25
41 25
43 25
47 25
58 25
70 25
94 25
19 26
70 26
73 26
8 27
26 27
67 27
71 27
72 27
16 28
34 28
88 28
7 29
20 29
24 29
37 29
39 29
55 29
59 29
60 29
85 29
2 30
3 30
8 30
36 30
44 30
57 30
58 30
70 30
71 30
99 30
9 31
13 31
14 31
35 31
43 31
55 31
65 31
73 31
76 31
80 31
94 31
97 31
100 31
1 32
15 32
21 32
46 32
48 32
65 32
67 32
80 32
7 33
21 33
54 33
68 33
78 33
91 33
3 34
12 34
37 34
69 34
71 34
6 35
14 35
16 35
20 35
56 35
57 35
61 35
62 35
82 35
16 36
22 36
38 36
70 36
80 36
3 37
25 37
28 37
33 37
39 37
45 37
57 37
59 37
68 37
39 38
62 38
81 38
87 38
95 38
59 39
32 40
16 41
21 41
26 41
40 41
80 41
32 42
60 42
74 42
85 42
98 42
72 43
75 43
79 43
84 43
93 43
9 44
11 44
17 44
32 44
33 44
48 44
57 44
73 44
80 44
34 45
35 45
67 45
73 45
97 45
21 46
29 46
54 46
59 46
68 46
98 46
1 47
13 47
33 47
41 47
49 47
60 47
63 47
86 47
16 48
30 48
38 48
43 48
75 48
82 48
11 49
35 49
45 49
58 49
100 49
48 50
55 50
63 50
80 50
91 50
17 51
19 51
36 51
71 51
81 51
11 52
27 52
28 52
35 52
39 52
42 52
47 52
48 52
88 52
100 52
15 53
26 53
56 53
62 53
83 53
46 54
60 54
85 54
86 54
87 54
92 54
5 55
20 55
34 55
38 55
47 55
68 55
69 55
95 55
16 56
33 56
59 56
1 57
4 57
8 57
26 57
36 57
52 57
76 57
86 57
1 58
6 58
25 58
47 58
53 58
79 58
89 58
96 58
100 58
18 59
23 59
29 59
49 59
51 59
73 59
91 59
99 59
3 60
13 60
15 60
22 60
46 60
62 60
69 60
91 60
1 61
11 61
45 61
54 61
76 61
80 61
3 62
17 62
21 62
37 62
39 62
79 62
92 62
30 63
37 63
91 63
93 63
14 64
36 64
53 64
57 64
94 64
98 64
15 65
33 65
40 65
60 65
90 65
100 65
50 66
51 66
6 67
18 67
29 67
36 67
55 67
87 67
5 68
43 68
53 68
59 68
64 68
74 68
92 68
94 68
18 69
25 69
26 69
56 69
97 69
6 70
42 70
48 70
69 70
79 70
80 70
88 70
2 71
14 71
18 71
44 71
47 71
51 71
66 71
91 71
22 72
31 72
55 72
65 72
70 72
8 73
28 73
31 73
52 73
53 73
62 73
68 73
71 73
92 73
39 74
43 74
52 74
82 74
91 74
11 75
51 75
9 76
12 76
39 76
41 76
49 76
51 76
60 76
89 76
11 77
39 77
52 77
74 77
99 77
100 77
3 78
21 78
23 78
49 78
61 78
65 78
73 78
86 78
93 78
97 78
58 79
64 79
68 79
70 79
12 80
37 80
40 80
44 80
45 80
57 80
63 80
82 80
100 80
15 81
31 81
34 81
36 81
47 81
64 81
23 82
25 82
63 82
65 82
81 82
27 83
39 83
40 83
42 83
53 83
63 83
71 83
77 83
81 83
95 83
100 83
5 84
22 84
42 84
70 84
3 85
25 85
39 85
75 85
84 85
30 86
38 86
41 86
61 86
63 86
85 86
86 86
90 86
99 86
12 87
29 87
52 87
63 87
77 87
10 88
36 88
39 88
46 88
66 88
76 88
78 88
1 89
6 89
49 89
50 89
51 89
70 89
23 90
24 90
39 90
70 90
78 90
99 90
2 91
16 91
59 91
2 92
9 92
21 92
42 92
52 92
55 92
65 92
74 92
81 92
82 92
93 92
100 92
18 93
47 93
82 93
89 93
9 94
22 94
70 94
90 94
20 95
23 95
34 95
35 95
46 95
78 95
82 95
15 96
19 96
23 96
41 96
47 96
51 96
53 96
81 96
87 96
100 96
22 97
51 97
65 97
85 97
4 98
14 98
17 98
50 98
71 98
76 98
97 98
10 99
12 99
23 99
30 99
31 99
47 99
85 99
90 99
93 99
95 99
1 100
17 100
26 100
37 100
48 100
51 100
81 100
