100
1 1
20 1
21 1
33 1
70 1
11 2
24 2
56 2
73 2
74 2
88 2
2 3
35 3
41 3
82 3
26 4
30 4
36 4
38 4
95 4
14 5
23 5
24 5
38 5
39 5
41 5
52 5
59 5
20 6
25 6
34 6
38 6
63 6
65 6
70 6
80 6
92 6
97 6
6 7
20 7
77 7
91 7
9 8
34 8
42 8
52 8
75 8
6 9
23 9
29 9
64 9
81 9
3 10
18 10
58 10
10 11
36 11
77 11
80 11
96 11
3 12
14 12
33 12
49 12
61 12
93 12
95 12
14 13
32 13
50 13
52 13
54 13
76 13
97 13
2 14
13 14
21 14
28 14
31 14
53 14
56 14
100 14
23 15
39 15
85 15
16 16
19 16
70 16
91 16
10 17
19 17
22 17
67 17
69 17
74 17
99 17
16 18
20 18
34 18
55 18
68 18
4 19
14 19
23 19
26 19
56 19
78 19
81 19
82 19
86 19
13 20
34 20
42 20
72 20
81 20
90 20
96 20
6 21
18 21
22 21
23 21
30 21
32 21
37 21
76 21
94 21
12 22
22 22
34 22
20 23
36 23
12 24
16 24
27 24
53 24
66 24
81 24
2 25
12 25
26 25
44 25
52 25
57 25
63 25
88 25
91 25
11 26
16 26
19 26
46 26
57 26
59 26
3 27
7 27
19 27
7 28
36 28
61 28
90 28
91 28
93 28
3 29
5 29
31 29
61 29
84 29
89 29
93 29
97 29
43 30
64 30
70 30
79 30
11 31
26 31
45 31
47 31
63 31
66 31
86 31
88 31
22 32
36 32
37 32
47 32
62 32
69 32
82 32
92 32
96 32
48 33
24 34
45 34
60 34
62 34
73 34
95 35
96 35
7 36
10 36
39 36
44 36
64 36
76 36
79 36
2 37
29 37
37 37
66 37
83 37
20 38
35 38
46 38
21 39
28 39
49 39
70 39
76 39
3 40
62 40
66 40
68 40
76 40
12 41
30 41
47 41
51 41
77 41
97 41
5 42
7 42
14 42
23 42
26 42
36 42
46 42
71 42
97 42
44 43
47 43
69 43
9 44
10 44
11 44
25 44
40 44
42 44
44 44
54 44
55 44
61 44
66 44
74 44
87 44
99 44
45 45
57 45
64 45
68 45
80 45
3 46
7 46
8 46
14 46
87 46
11 47
34 47
47 47
58 47
59 47
77 47
6 48
32 48
53 48
73 48
76 48
88 48
92 48
98 48
4 49
5 49
30 49
67 49
85 49
31 50
36 50
75 50
2 51
5 51
8 51
23 51
30 51
62 51
71 51
73 51
7 52
13 52
60 52
83 52
28 53
33 53
51 53
65 53
8 54
20 54
23 54
30 54
36 54
38 54
40 54
56 54
58 54
67 54
31 55
43 55
54 55
58 55
72 55
85 55
40 56
68 56
77 56
5 57
6 57
25 57
30 57
51 57
77 57
83 57
85 57
33 58
45 58
57 58
84 58
95 58
98 58
100 58
28 59
39 59
49 59
91 59
14 60
19 60
31 60
39 60
47 60
100 60
1 61
2 61
3 61
11 61
12 61
40 61
45 61
82 61
3 62
17 62
43 62
49 62
61 62
68 62
72 62
90 62
6 63
8 63
31 63
32 63
35 63
53 63
56 63
63 63
72 63
100 63
4 64
5 64
33 64
35 64
63 64
77 64
82 64
54 65
62 65
64 65
66 65
83 65
84 65
2 66
5 66
12 66
33 66
39 66
36 67
50 67
56 67
62 67
68 67
88 67
99 67
1 68
32 68
72 68
77 68
89 68
16 69
21 69
26 69
36 69
48 69
63 69
70 69
87 69
89 69
94 69
4 70
22 70
25 70
49 70
72 70
83 70
34 71
47 71
54 71
55 71
74 71
95 71
36 72
56 72
79 72
83 72
86 72
93 72
96 72
31 73
34 73
41 73
59 73
98 73
18 74
27 74
32 74
38 74
46 74
51 74
63 74
67 74
8 75
9 75
21 75
24 75
29 75
34 75
68 75
94 75
2 76
24 76
25 76
29 76
33 76
53 76
55 76
3 77
43 77
63 77
72 77
75 77
95 77
21 78
28 78
36 78
59 78
65 78
91 78
14 79
39 79
49 79
57 79
71 79
9 80
23 80
26 80
35 80
41 80
50 80
51 80
60 80
61 80
70 80
74 80
26 81
27 81
41 81
58 81
23 82
30 82
40 82
46 82
67 82
69 82
93 82
13 83
32 83
39 83
91 83
6 84
7 84
17 84
41 84
45 84
73 84
97 84
3 85
23 85
28 85
37 85
62 85
77 85
95 85
97 85
99 85
25 86
34 86
46 86
48 86
88 86
1 87
12 87
22 87
34 87
57 87
79 87
56 88
19 89
22 89
37 89
46 89
51 89
69 89
74 89
83 89
1 90
2 90
10 90
12 90
15 90
26 90
30 90
40 90
45 90
60 90
85 90
99 90
100 90
7 91
34 91
66 91
77 91
79 91
83 91
90 91
95 91
96 91
100 91
25 92
28 92
32 92
51 92
60 92
62 92
69 92
76 92
77 92
93 92
6 93
8 93
30 93
41 93
44 93
51 93
69 93
91 93
7 94
24 94
61 94
68 94
72 94
13 95
19 95
32 95
39 95
55 95
60 95
75 95
81 95
12 96
18 96
29 96
54 96
60 96
64 96
43 97
56 97
64 97
68 97
72 97
79 97
81 97
97 97
5 98
39 98
40 98
41 98
42 98
47 98
48 98
69 98
71 98
32 99
39 99
59 99
85 99
100 99
5 100
29 100
50 100
69 100
100 100
