100
12 1
86 1
92 1
25 2
29 2
36 2
41 2
47 2
88 2
92 2
10 3
12 3
40 3
55 3
72 3
86 3
89 3
12 4
21 4
25 4
41 4
45 4
69 4
78 4
85 4
5 5
8 5
12 5
57 5
60 5
88 5
11 6
37 6
56 6
59 6
59 7
65 7
76 7
89 7
5 8
6 8
7 8
20 8
57 8
61 8
64 8
89 8
1 9
6 9
8 9
21 9
61 9
68 9
70 9
73 9
2 10
4 10
44 10
56 10
65 10
82 10
98 10
12 11
29 11
40 11
43 11
50 12
78 12
87 12
10 13
18 13
29 13
44 13
50 13
71 13
86 13
100 13
8 14
10 14
24 14
34 14
82 14
11 15
24 15
34 15
88 15
96 15
6 16
28 16
40 16
52 16
77 16
29 17
36 17
60 17
71 17
81 17
88 17
63 18
95 18
40 19
50 19
72 19
84 19
85 19
2 20
24 20
31 20
52 20
64 20
67 20
68 20
1 21
10 21
11 21
12 21
17 21
45 21
46 21
53 21
71 21
72 21
99 21
4 22
28 22
55 22
61 22
63 22
96 22
99 22
25 23
51 23
91 23
3 24
34 24
44 24
78 24
84 24
14 25
23 25
31 25
38 25
39 25
40 25
71 25
89 25
99 25
1 26
13 26
31 26
48 26
62 26
67 26
13 27
16 27
30 27
65 27
70 27
79 27
86 27
100 27
46 28
86 28
100 28
4 29
12 29
16 29
18 29
25 29
43 29
45 29
67 29
69 29
92 29
96 29
13 30
16 30
33 30
77 30
80 30
86 30
21 31
75 31
79 31
98 31
19 32
41 32
43 32
63 32
65 32
68 32
74 32
75 32
88 32
98 32
18 33
36 33
53 33
60 33
65 33
85 33
90 33
99 33
100 33
1 34
3 34
17 34
25 34
47 34
91 34
92 34
2 35
16 35
26 35
33 35
37 35
48 35
60 35
76 35
89 35
28 36
34 36
55 36
62 36
70 36
73 36
78 36
93 36
28 37
34 37
36 37
45 37
87 37
91 37
100 37
4 38
35 38
37 38
50 38
52 38
90 38
28 39
39 39
49 39
52 39
59 39
84 39
4 40
8 40
10 40
67 40
96 40
12 41
18 41
30 41
50 41
61 41
73 41
76 41
77 41
56 42
70 42
97 42
8 43
11 43
16 43
28 43
44 43
61 43
63 43
74 43
84 43
21 44
23 44
32 44
34 44
80 44
87 44
92 44
2 45
19 45
28 45
56 45
62 45
71 45
80 45
11 46
24 46
48 46
62 46
69 46
70 46
83 46
70 47
17 48
35 48
46 48
68 48
69 48
70 48
1 49
5 49
13 49
23 49
65 49
66 49
80 49
59 50
64 50
3 51
5 51
10 51
21 51
44 51
58 51
77 51
79 51
88 51
89 51
93 51
96 51
98 51
13 52
20 52
57 52
58 52
94 52
20 53
38 53
96 53
5 54
10 54
17 54
35 54
43 54
100 54
52 55
79 55
87 55
2 56
18 56
67 56
70 56
83 56
1 57
2 57
5 57
36 57
56 57
87 57
21 58
29 58
50 58
52 58
64 58
79 58
81 58
90 58
11 59
16 59
42 59
63 59
69 59
9 60
18 60
39 60
55 60
73 60
98 60
10 61
11 61
20 61
23 61
31 61
33 61
39 61
42 61
61 61
78 61
83 61
100 61
12 62
24 62
51 62
99 62
8 63
20 63
22 63
35 63
39 63
3 64
34 64
39 64
46 64
54 64
61 64
65 64
73 64
78 64
83 64
96 64
12 65
31 65
33 65
49 65
52 65
56 65
61 65
68 65
75 65
2 66
6 66
24 66
41 66
97 66
36 67
47 67
59 67
66 67
79 67
88 67
96 67
11 68
44 68
61 68
91 68
96 68
99 68
23 69
28 69
56 69
61 69
65 69
3 70
6 70
26 70
28 70
50 70
56 70
59 70
64 70
69 70
79 70
21 71
27 71
47 71
53 71
57 71
75 71
80 71
1 72
20 72
26 72
44 72
56 72
58 72
3 73
29 73
74 73
79 73
93 73
4 74
9 74
24 74
31 74
39 74
42 74
49 74
59 74
76 74
78 74
2 75
7 75
10 75
13 75
20 75
21 75
24 75
34 75
57 75
68 75
15 76
19 76
28 76
29 76
56 76
57 76
75 76
76 76
79 76
100 76
9 77
24 77
27 77
32 77
39 77
52 77
84 77
86 77
94 77
4 78
11 78
34 78
52 78
15 79
27 79
41 79
56 79
66 79
15 80
36 80
64 80
81 80
10 81
86 81
95 81
34 82
53 82
71 82
85 82
15 83
25 83
37 83
76 83
86 83
97 83
2 84
20 84
43 84
56 84
57 84
62 84
63 84
98 84
100 84
62 85
65 85
73 85
90 85
17 86
19 86
26 86
30 86
86 86
88 86
1 87
38 87
49 87
51 87
11 88
13 88
28 88
31 88
39 88
45 88
50 88
66 88
12 89
28 89
42 89
46 89
47 89
68 89
91 89
3 90
4 90
28 90
35 90
38 90
54 90
71 90
82 90
88 90
99 90
1 91
29 91
57 91
94 91
11 92
38 92
48 92
54 92
63 92
73 92
79 92
82 92
18 93
24 93
35 93
43 93
54 93
73 93
21 94
51 94
54 94
99 94
18 95
28 95
68 95
69 95
72 95
77 95
82 95
91 95
96 95
100 95
15 96
16 96
17 96
20 96
22 96
36 96
38 96
48 96
64 96
72 96
75 96
80 96
86 96
26 97
29 97
39 97
58 97
59 97
60 97
61 97
94 97
99 97
30 98
35 98
39 98
43 98
55 98
86 98
16 99
29 99
38 99
75 99
80 99
82 99
93 99
100 99
11 100
19 100
71 100
82 100
