100
5 1
7 1
9 1
38 1
89 1
90 1
16 2
25 2
32 2
46 2
84 2
17 3
24 3
42 3
52 3
61 3
74 3
81 3
2 4
3 4
16 4
18 4
34 4
39 4
40 4
65 4
77 4
81 4
96 4
7 5
9 5
27 5
28 5
34 5
54 5
86 5
88 5
100 5
94 6
10 7
18 7
12 8
23 8
32 8
37 8
63 8
74 8
79 8
21 9
25 9
52 9
55 9
63 9
81 9
91 9
93 9
8 10
13 10
17 10
18 10
21 10
54 10
70 10
100 10
11 11
33 11
64 11
74 11
79 11
85 11
91 11
93 11
19 12
43 12
60 12
64 12
86 12
2 13
9 13
44 13
87 13
10 14
11 14
14 14
19 14
43 14
57 14
58 14
66 14
86 14
97 14
10 15
41 15
51 15
68 15
74 15
84 15
91 15
100 15
5 16
19 16
25 16
29 16
33 16
41 16
63 16
94 16
22 17
43 17
60 17
77 17
82 17
7 18
9 18
11 18
50 18
60 18
84 18
85 18
18 19
23 19
42 19
46 19
48 19
83 19
2 20
8 20
13 20
26 20
53 20
95 20
100 20
22 21
30 21
35 21
37 21
69 21
73 21
89 21
26 22
32 22
37 22
73 22
77 22
1 23
18 23
23 23
33 23
45 23
50 23
51 23
67 23
74 23
78 23
3 24
9 24
14 24
31 24
37 24
3 25
28 25
29 25
40 25
69 25
79 25
81 25
4 26
11 26
33 26
55 26
67 26
73 26
93 26
6 27
23 27
25 27
38 27
70 27
71 27
78 27
15 28
51 28
80 28
4 29
19 29
59 29
80 29
94 29
98 29
39 30
47 30
53 30
60 30
3 31
13 31
37 31
38 31
46 31
49 31
51 31
54 31
57 31
61 31
98 31
24 32
27 32
49 32
54 32
59 32
63 32
71 32
14 33
19 33
20 33
39 33
81 33
44 34
48 34
56 34
62 34
69 34
81 34
85 34
19 35
35 35
36 35
48 35
60 35
70 35
71 35
77 35
2 36
15 36
19 36
72 36
78 36
94 36
16 37
24 37
26 37
42 37
57 37
62 37
75 37
10 38
19 38
24 38
27 38
34 38
84 38
31 39
33 39
90 39
19 40
20 40
27 40
40 40
60 40
64 40
81 40
87 40
100 40
3 41
24 41
25 41
30 41
99 41
12 42
14 42
16 42
41 42
50 42
75 42
89 42
6 43
14 43
17 43
22 43
29 43
49 43
66 43
74 43
76 43
77 43
13 44
40 44
44 44
54 44
63 44
81 44
13 45
21 45
81 45
83 45
7 46
25 46
42 46
67 46
83 46
100 46
3 47
9 47
12 47
24 47
29 47
46 47
67 47
68 47
74 47
44 48
48 48
57 48
60 48
67 48
72 48
76 48
19 49
23 49
52 49
53 49
97 49
2 50
24 50
38 50
44 50
89 50
97 50
2 51
35 51
60 51
72 51
1 52
21 52
67 52
85 52
99 52
35 53
36 53
37 53
52 53
65 53
70 53
86 53
11 54
23 54
35 54
43 54
94 54
47 55
50 55
52 55
100 55
1 56
18 56
43 56
45 56
10 57
24 57
71 57
74 57
7 58
17 58
23 58
66 58
69 58
72 58
94 58
13 59
25 59
26 59
40 59
48 59
49 59
52 59
23 60
52 60
63 60
98 60
41 61
46 61
50 61
58 61
72 61
80 61
97 61
4 62
15 62
19 62
22 62
29 62
35 62
36 62
90 62
92 62
6 63
29 63
63 63
66 63
88 63
93 63
6 64
42 64
54 64
62 64
66 64
70 64
19 65
23 65
31 65
49 65
64 65
72 65
77 65
85 65
9 66
26 66
89 66
1 67
20 67
31 67
43 67
62 67
81 67
4 68
38 68
41 68
74 68
93 68
7 69
9 69
22 69
27 69
56 69
57 69
58 69
87 69
88 69
99 69
2 70
8 70
15 70
47 70
61 70
76 70
97 70
57 71
69 71
88 71
17 72
19 72
26 72
63 72
66 72
71 72
83 72
88 72
15 73
17 73
22 73
33 73
48 73
68 73
72 73
77 73
81 73
92 73
14 74
23 74
79 74
96 74
100 74
4 75
6 75
40 75
47 75
78 75
8 76
7 77
18 77
22 77
25 77
48 77
50 77
57 77
80 77
33 78
41 78
52 78
93 78
100 78
3 79
12 79
14 79
23 79
33 79
37 79
38 79
54 79
82 79
21 80
26 80
55 80
65 80
69 80
76 80
85 80
89 80
16 81
24 81
26 81
42 81
73 81
20 82
25 82
80 82
86 82
87 82
91 82
95 82
96 82
7 83
29 83
41 83
43 83
47 83
54 83
56 83
76 83
91 83
97 83
8 84
10 84
43 84
58 84
68 84
88 84
2 85
46 85
52 85
92 85
93 85
98 85
4 86
5 86
14 86
21 86
30 86
48 86
11 87
28 87
50 87
67 87
95 87
56 88
65 88
95 88
9 89
17 89
35 89
67 89
70 89
76 89
77 89
86 89
2 90
9 90
69 90
70 90
86 90
54 91
79 91
83 91
71 92
83 92
85 92
99 92
44 93
49 93
60 93
63 93
7 94
10 94
13 94
14 94
25 94
31 94
39 94
55 94
59 94
60 94
62 94
77 94
32 95
38 95
44 95
50 95
51 95
77 95
81 95
95 95
13 96
21 96
63 96
80 96
98 96
3 97
4 97
12 97
24 97
61 97
95 97
99 97
8 98
26 98
42 98
54 98
81 98
99 98
1 99
2 99
20 99
68 99
95 99
96 99
1 100
7 100
17 100
26 100
53 100
61 100
95 100
99 100
