100
51 1
64 1
67 1
74 1
78 1
93 1
95 1
97 1
99 1
4 2
5 2
27 2
42 2
43 2
50 2
4 3
13 3
23 3
60 3
68 3
84 3
85 3
7 4
11 4
72 4
76 4
97 4
1 5
25 5
26 5
32 5
48 5
51 5
67 5
76 5
78 5
91 5
2 6
5 6
20 6
31 6
40 6
51 6
76 6
86 6
43 7
46 7
59 7
75 7
3 8
6 8
17 8
29 8
35 8
41 8
47 8
57 8
58 8
62 8
84 8
97 8
2 9
53 9
77 9
13 10
15 10
37 10
42 10
69 10
70 10
82 10
91 10
96 10
30 11
44 11
55 11
60 11
61 11
16 12
55 12
66 12
85 12
92 12
96 12
32 13
35 13
41 13
80 13
81 13
97 13
1 14
4 14
16 14
67 14
89 14
93 14
96 14
6 15
15 15
40 15
45 15
77 15
88 15
99 15
6 16
27 16
35 16
48 16
75 16
83 16
93 16
98 16
22 17
35 17
37 17
40 17
65 17
71 17
72 17
1 18
19 18
37 18
70 18
87 18
1 19
26 19
42 19
53 19
54 19
67 19
21 20
23 20
33 20
39 20
55 20
8 21
66 21
18 22
22 22
25 22
32 22
74 22
93 22
94 22
7 23
18 23
21 23
26 23
34 23
45 23
52 23
56 23
64 23
74 23
90 23
91 23
97 23
14 24
17 24
23 24
33 24
37 24
66 24
24 25
30 25
38 25
76 25
79 25
6 26
43 26
82 26
84 26
93 26
100 26
5 27
12 27
33 27
48 27
50 27
54 27
61 27
79 27
30 28
34 28
52 28
63 28
92 28
93 28
94 28
11 29
14 29
37 29
47 29
51 29
77 29
95 29
15 30
24 30
28 30
31 30
36 30
45 30
56 30
58 30
67 30
86 30
95 30
24 31
63 31
79 31
24 32
31 32
34 32
42 32
84 32
93 32
16 33
34 33
49 33
62 33
64 33
9 34
12 34
31 34
71 34
75 34
77 34
79 34
81 34
13 35
14 35
17 35
19 35
30 35
40 35
51 35
53 35
62 35
17 36
32 36
45 36
49 36
63 36
69 36
80 36
18 37
22 37
24 37
34 37
54 37
58 37
84 37
86 37
24 38
26 38
34 38
36 38
60 38
77 38
78 38
7 39
13 39
20 39
26 39
40 39
52 39
16 40
20 40
65 40
78 40
85 40
89 40
3 41
16 41
22 41
27 41
33 41
49 41
67 41
75 41
81 41
85 41
88 41
1 42
7 42
9 42
29 42
53 42
59 42
76 42
94 42
98 42
8 43
56 43
66 43
71 43
85 43
94 43
2 44
10 44
14 44
49 44
59 44
63 44
74 44
85 44
17 45
45 45
52 45
62 45
64 45
87 45
91 45
8 46
48 46
52 46
70 46
80 46
93 46
100 46
1 47
4 47
74 47
77 47
78 47
91 47
13 48
28 48
37 48
52 48
59 48
73 48
74 48
100 48
12 49
38 49
45 49
56 49
88 49
92 49
100 49
34 50
79 50
98 50
14 51
23 51
61 51
96 51
33 52
43 52
54 52
55 52
78 52
25 53
26 53
30 53
34 53
39 53
61 53
65 53
76 53
4 54
27 54
38 54
60 54
92 54
93 54
5 55
68 55
72 55
75 55
18 56
44 56
56 56
67 56
11 57
12 57
34 57
69 57
5 58
50 58
52 58
54 58
69 58
70 58
82 58
85 58
8 59
34 59
35 59
44 59
55 59
63 59
6 60
14 60
43 60
44 60
46 60
53 60
57 60
70 60
95 60
20 61
26 61
75 61
76 61
84 61
96 61
97 61
15 62
85 62
88 62
1 63
68 63
72 63
75 63
38 64
73 64
79 64
3 65
29 65
47 65
56 65
97 65
98 65
5 66
46 66
54 66
55 66
62 66
71 66
76 66
5 67
11 67
36 67
60 67
63 67
31 68
58 68
59 68
76 68
79 68
81 68
84 68
14 69
37 70
41 70
71 70
87 70
99 70
9 71
28 71
31 71
36 71
62 71
87 71
91 71
21 72
28 72
37 72
49 72
37 73
42 73
67 73
95 73
3 74
29 74
34 74
37 74
41 74
54 74
74 74
90 74
94 74
16 75
73 75
80 75
95 75
48 76
52 76
59 76
68 76
92 76
23 77
46 77
62 77
64 77
85 77
7 78
17 78
27 78
45 78
50 78
52 78
62 78
83 78
85 78
100 78
8 79
28 79
88 79
10 80
15 80
47 80
54 80
68 80
76 80
94 80
8 81
47 82
100 82
6 83
71 83
88 83
5 84
23 84
31 84
46 84
83 84
88 84
7 85
8 85
12 85
22 85
80 85
86 85
88 85
41 86
93 86
100 86
44 87
57 87
68 87
13 88
30 88
32 88
64 88
68 88
70 88
75 88
94 88
98 88
2 89
39 89
46 89
57 89
65 89
73 89
80 89
92 89
94 89
3 90
11 90
15 90
16 90
21 90
65 90
92 90
94 90
27 91
44 91
62 91
97 91
5 92
7 92
11 92
23 92
47 92
50 92
51 92
62 92
75 92
78 92
87 92
17 93
84 93
68 94
3 95
9 95
14 95
21 95
29 95
59 95
79 95
80 95
87 95
88 95
32 96
33 96
52 96
80 96
84 96
95 96
97 96
51 97
8 98
12 98
13 98
22 98
30 98
42 98
43 98
52 98
65 98
85 98
44 99
45 99
68 99
85 99
7 100
19 100
31 100
43 100
45 100
47 100
55 100
69 100
