100
3 1
12 1
29 1
44 1
56 1
76 1
83 1
29 2
34 2
35 2
55 2
58 2
76 2
87 2
88 2
100 2
15 3
25 3
30 3
40 3
43 3
48 3
52 3
6 4
16 4
18 4
20 4
30 4
38 4
42 4
68 4
73 4
91 4
95 4
97 4
99 4
8 5
14 5
39 5
82 5
93 5
2 6
7 6
24 6
39 6
43 6
61 6
36 7
44 7
45 7
73 7
74 7
78 7
1 8
3 8
5 8
14 8
40 8
49 8
66 8
79 8
29 9
34 9
54 9
69 9
73 9
87 9
15 10
21 10
24 10
32 10
45 10
56 10
87 10
92 10
100 10
3 11
4 11
7 11
11 11
16 11
47 11
52 11
55 11
57 11
67 11
71 11
76 11
87 11
29 12
34 12
37 12
42 12
52 12
73 12
84 12
85 12
7 13
17 13
18 13
21 13
23 13
34 13
43 13
54 13
59 13
68 13
75 13
15 14
38 14
46 14
49 14
58 14
23 15
57 15
74 15
75 15
96 15
28 16
57 16
61 16
62 16
78 16
90 16
93 16
10 17
24 17
58 17
78 17
82 17
7 18
21 18
26 18
33 18
45 18
65 18
75 18
8 19
48 19
53 19
67 19
72 19
82 19
91 19
93 19
11 20
18 20
19 20
32 20
36 20
73 20
88 20
26 21
50 21
59 21
73 21
89 21
2 22
12 22
42 22
53 22
88 22
29 23
47 23
53 23
62 23
63 23
75 23
95 23
40 24
45 24
69 24
93 24
98 24
5 25
11 25
37 25
40 25
43 25
58 25
61 25
67 25
13 26
30 26
33 26
36 26
44 26
48 26
58 26
67 26
74 26
1 27
26 27
73 27
92 27
33 28
55 28
88 28
90 28
15 29
19 29
24 29
50 29
52 29
60 29
65 29
84 29
90 29
95 29
96 29
3 30
6 30
36 30
55 30
73 30
90 30
92 30
7 31
28 31
35 31
49 31
59 31
62 31
9 32
22 32
41 32
69 32
16 33
18 33
50 33
59 33
86 33
21 34
34 34
82 34
97 34
100 34
3 35
31 35
44 35
63 35
77 35
93 35
72 36
100 36
42 37
46 37
69 37
72 37
86 37
30 38
33 38
37 38
45 38
65 38
66 38
81 38
3 39
4 39
43 39
52 39
92 39
93 39
5 40
15 40
25 40
5 41
14 41
15 41
44 41
66 41
75 41
78 41
93 41
100 41
13 42
26 42
31 42
44 42
52 42
93 42
95 42
5 43
44 43
53 43
88 43
4 44
5 44
53 44
16 45
26 45
46 45
57 45
66 45
79 45
1 46
13 46
16 46
21 46
36 46
47 46
62 46
66 46
75 46
21 47
41 47
73 47
75 47
100 47
26 48
27 48
34 48
51 48
52 48
54 48
73 48
74 48
76 48
82 48
24 49
62 49
74 49
80 49
84 49
87 49
94 49
95 49
1 50
3 50
40 50
69 50
79 50
14 51
66 51
4 52
57 52
67 52
71 52
82 52
93 52
23 53
32 53
69 53
73 53
86 53
2 54
11 54
18 54
23 54
31 54
37 54
42 54
69 54
75 54
89 54
91 54
11 55
21 55
33 55
8 56
14 56
18 56
36 56
48 56
53 56
91 56
92 56
2 57
6 57
17 57
26 57
38 57
45 57
47 57
69 57
15 58
37 58
45 58
50 58
57 58
67 58
98 58
2 59
5 59
18 59
47 59
56 59
57 59
74 59
1 60
5 60
14 60
16 60
18 60
25 60
32 60
71 60
89 60
36 61
44 61
59 61
63 61
99 61
19 62
23 62
35 62
48 62
50 62
72 62
88 62
94 62
11 63
18 63
21 63
63 63
66 63
78 63
80 63
5 64
13 64
32 64
50 64
69 64
81 64
88 64
92 64
93 64
21 65
39 65
45 65
60 65
64 65
69 65
74 65
76 65
89 65
45 66
58 66
59 66
84 66
96 66
5 67
9 67
19 67
71 67
75 67
92 67
10 68
11 68
29 68
54 68
59 68
73 68
41 69
60 69
67 69
75 69
79 69
86 69
95 69
100 69
10 70
12 70
16 70
59 70
68 70
70 70
78 70
92 70
27 71
37 71
44 71
65 71
66 71
68 71
89 71
22 72
39 72
46 72
50 72
78 72
10 73
27 73
66 73
72 73
75 73
82 73
10 74
35 74
39 74
66 74
85 74
96 74
4 75
17 75
50 75
52 75
10 76
37 76
50 76
72 76
76 76
87 76
93 76
97 76
1 77
11 77
50 77
63 77
80 77
21 78
83 78
86 78
33 79
99 79
16 80
33 80
46 80
51 80
60 80
63 80
64 80
86 80
87 80
10 81
23 81
47 81
54 81
60 81
6 82
21 82
25 82
33 82
88 82
100 82
8 83
11 83
33 83
61 83
62 83
91 83
93 83
98 83
9 84
11 84
25 84
65 84
67 84
75 84
4 85
25 85
34 85
55 85
81 85
86 85
5 86
25 86
41 86
47 86
53 86
56 86
18 87
56 87
78 87
82 87
5 88
20 88
72 88
14 89
15 89
26 89
36 89
44 89
45 89
68 89
26 90
33 90
38 90
52 90
69 90
77 90
84 90
89 90
10 91
15 91
32 91
47 91
57 91
84 91
99 91
18 92
28 92
29 92
34 92
35 92
89 92
5 93
14 93
27 93
47 93
85 93
94 93
23 94
31 94
32 94
33 94
39 94
79 94
88 94
19 95
23 95
37 95
38 95
45 95
48 95
50 95
59 95
64 95
31 96
46 96
54 96
67 96
73 96
83 96
84 96
96 96
13 97
15 97
49 97
63 97
67 97
72 97
85 97
100 97
3 98
20 98
23 98
28 98
84 98
86 98
21 99
71 99
73 99
91 99
18 100
23 100
29 100
32 100
36 100
37 100
66 100
