100
6 1
29 1
31 1
38 1
39 1
52 1
60 1
63 1
68 1
73 1
80 1
81 1
83 1
91 1
1 2
11 2
18 2
40 2
45 2
6 3
16 3
21 3
33 3
67 3
69 3
83 3
89 3
15 4
24 4
26 4
27 4
31 4
35 4
47 4
73 4
25 5
31 5
76 5
79 5
82 5
95 5
4 6
42 6
77 6
4 7
27 7
37 7
48 7
64 7
65 7
70 7
87 7
98 7
15 8
32 8
38 8
41 8
51 8
68 8
83 8
84 8
86 8
100 8
35 9
38 9
39 9
49 9
55 9
56 9
63 9
80 9
92 9
6 10
11 10
26 10
36 10
39 10
51 10
63 10
6 11
10 11
13 11
54 11
78 11
79 11
93 11
9 12
34 12
98 12
55 13
67 13
16 14
46 14
52 14
64 14
80 14
82 14
86 14
90 14
18 15
21 15
24 15
30 15
31 15
57 15
60 15
94 15
15 16
67 16
68 16
32 17
65 17
74 17
86 17
91 17
99 17
6 18
41 18
57 18
60 18
83 18
9 19
20 19
35 19
37 19
59 19
71 19
88 19
91 19
12 20
27 20
54 20
66 20
70 20
78 20
84 20
89 20
5 21
22 21
35 21
37 21
45 21
52 21
57 21
75 21
80 21
94 21
9 22
16 22
20 22
32 22
38 22
53 22
63 22
66 22
83 22
17 23
18 23
36 23
38 23
52 23
88 23
90 23
16 24
29 24
67 24
69 24
12 25
59 25
61 25
73 25
79 25
13 26
25 26
35 26
36 26
41 26
52 26
58 26
72 26
76 26
100 26
4 27
7 27
10 27
73 27
75 27
83 27
1 28
3 28
25 28
31 28
41 28
54 28
61 28
65 28
66 28
74 28
79 28
84 28
99 28
30 29
46 29
51 29
58 29
80 29
19 30
24 30
40 30
69 30
72 30
80 30
96 30
22 31
58 31
67 31
70 31
77 31
99 31
11 32
21 32
23 32
28 32
46 32
48 32
61 32
65 32
80 32
5 33
15 33
33 33
64 33
79 33
61 34
63 34
68 34
76 34
84 34
97 34
6 35
15 35
22 35
25 35
43 35
59 35
68 35
3 36
15 36
26 36
68 36
72 36
33 37
41 37
57 37
9 38
23 38
37 38
51 38
70 38
74 38
79 38
90 38
99 38
12 39
36 39
61 39
65 39
66 39
30 40
33 40
34 40
36 40
38 40
88 40
7 41
21 41
26 41
48 41
52 41
57 41
72 41
80 41
85 41
9 42
40 42
44 42
65 42
67 42
95 42
6 43
16 43
19 43
28 43
45 43
59 43
69 43
73 43
75 43
92 43
3 44
58 44
85 44
93 44
99 44
42 45
45 45
95 45
7 46
12 46
18 46
26 46
32 46
40 46
56 46
59 46
75 46
84 46
94 46
16 47
52 47
63 47
69 47
81 47
19 48
22 48
25 48
31 48
34 48
80 48
90 48
6 49
12 49
19 49
33 49
66 49
90 49
92 49
7 50
12 50
18 50
51 50
88 50
91 50
7 51
28 51
35 51
73 51
84 51
86 51
12 52
49 52
57 52
78 52
92 52
2 53
12 53
14 53
20 53
25 53
33 53
47 53
74 53
87 53
39 54
50 54
37 55
58 55
75 55
88 55
7 56
14 56
16 56
19 56
24 56
35 56
16 57
19 57
13 58
31 58
89 58
13 59
15 59
75 59
17 60
19 60
52 60
73 60
74 60
84 60
98 60
30 61
37 61
43 61
64 61
83 61
89 61
8 62
29 62
44 62
54 62
68 62
71 62
76 62
95 62
99 62
8 63
9 63
20 63
49 63
50 63
52 63
60 63
81 63
93 63
17 64
26 64
36 64
39 64
66 64
75 64
91 64
96 64
1 65
26 65
27 65
30 65
78 65
83 65
97 65
39 66
44 66
52 66
65 66
86 66
90 66
52 67
60 67
80 67
90 67
98 67
36 68
65 68
62 69
75 69
83 69
26 70
37 70
60 70
64 70
68 70
72 70
79 70
6 71
34 71
35 71
4 72
12 72
40 72
52 72
54 72
58 72
94 72
2 73
3 73
11 73
25 73
34 73
45 73
84 73
94 73
16 74
62 74
75 74
98 74
31 75
66 75
82 75
89 75
3 76
4 76
39 76
9 77
49 77
78 77
79 77
81 77
99 77
49 78
64 78
66 78
78 78
14 79
19 79
47 79
63 79
76 79
85 79
91 79
5 80
11 80
25 80
32 80
41 80
45 80
46 80
87 80
21 81
44 81
65 81
67 81
68 81
79 81
2 82
34 82
44 82
47 82
57 82
67 82
30 83
38 83
59 83
78 83
85 83
16 84
26 84
35 84
43 84
97 84
9 85
14 85
15 85
26 85
27 85
37 85
48 85
60 85
99 85
26 86
47 86
2 87
15 87
28 87
39 87
51 87
56 87
63 87
68 87
76 87
84 87
89 87
18 88
27 88
34 88
52 88
53 88
71 88
98 88
13 89
23 89
24 89
28 89
38 89
46 89
58 89
61 89
84 89
93 89
95 89
98 89
23 90
31 90
39 90
49 90
20 91
31 91
80 91
9 92
45 92
80 92
97 92
29 93
83 93
90 93
12 94
23 94
47 94
55 94
99 94
21 95
34 95
36 95
37 95
44 95
79 95
81 95
100 95
33 96
36 96
43 96
53 96
57 96
72 96
91 96
99 96
18 97
44 97
56 97
59 97
91 97
95 97
9 98
67 98
78 98
88 98
90 98
100 98
15 99
19 100
24 100
38 100
57 100
60 100
