100
11 1
24 1
36 1
79 1
88 1
99 1
12 2
19 2
50 2
51 2
60 2
84 2
96 2
18 3
42 3
77 3
2 4
18 4
47 4
75 4
8 5
13 5
20 5
33 5
39 5
62 5
71 5
86 5
23 6
26 6
49 6
51 6
56 6
20 7
41 7
42 7
51 7
58 7
68 7
2 8
50 8
51 8
52 8
56 8
80 8
84 8
41 9
53 9
57 9
63 9
66 9
68 9
69 9
85 9
10 10
12 10
28 10
33 10
43 10
92 10
34 11
46 11
52 11
73 11
77 11
79 11
87 11
40 12
55 12
57 12
32 13
97 13
98 13
7 14
12 14
20 14
34 14
54 14
79 14
84 14
90 14
15 15
18 15
38 15
46 15
62 15
66 15
80 15
16 16
23 16
45 16
50 16
56 16
68 16
78 16
94 16
96 16
97 16
23 17
34 17
35 17
44 17
62 17
12 18
20 18
44 18
50 18
63 18
80 18
81 18
14 19
17 19
21 19
22 19
25 19
40 19
54 19
57 19
59 19
73 19
78 19
89 19
95 19
20 20
63 20
68 20
78 20
85 20
7 21
19 21
24 21
62 21
81 21
92 21
2 22
14 22
22 22
38 22
78 22
81 22
94 22
96 22
99 22
4 23
56 23
57 23
66 23
73 23
83 23
2 24
3 24
19 24
48 24
72 24
81 24
82 24
98 24
99 24
44 25
72 25
89 25
96 25
10 26
17 26
23 26
50 26
54 26
56 26
86 26
88 27
94 27
3 28
16 28
64 28
71 28
80 28
93 28
96 28
20 29
54 29
58 29
5 30
6 30
7 30
31 30
32 30
38 30
41 30
50 30
69 30
70 30
75 30
90 30
21 31
22 31
23 31
76 31
77 31
78 31
80 31
84 31
90 31
12 32
20 32
23 32
43 32
63 32
79 32
83 32
96 32
8 33
54 33
56 33
74 33
78 33
15 34
21 34
34 34
60 34
79 34
25 35
55 35
58 35
67 35
92 35
5 36
26 36
42 36
65 36
66 36
89 36
3 37
11 37
12 37
31 37
41 37
49 37
55 37
56 37
73 37
9 38
12 38
19 38
24 38
38 38
48 38
60 38
83 38
79 39
85 39
89 39
10 40
30 40
62 40
72 40
7 41
10 41
12 41
15 41
43 41
46 41
75 41
15 42
18 42
21 42
54 42
61 42
68 42
98 42
78 43
98 43
5 44
6 44
17 44
23 44
31 44
37 44
38 44
40 44
45 44
83 44
84 44
96 44
16 45
18 45
22 45
28 45
32 45
57 45
68 45
71 45
75 45
16 46
52 46
68 46
82 46
97 46
8 47
34 47
66 47
68 47
81 47
44 48
61 48
73 48
99 48
13 49
31 49
58 49
8 50
20 50
27 50
29 50
31 50
33 50
45 50
67 50
77 50
78 50
92 50
96 50
98 50
8 51
18 51
43 51
71 51
93 51
57 52
59 52
71 52
80 52
82 52
19 53
50 53
55 53
62 53
66 53
80 53
87 53
93 53
96 53
100 53
28 54
47 54
48 54
50 54
53 54
54 54
65 54
68 54
74 54
8 55
20 55
51 55
60 55
61 55
13 56
16 56
26 56
55 56
56 56
97 56
8 57
15 57
19 57
34 57
48 57
55 57
14 58
59 58
63 58
29 59
30 59
40 59
75 59
78 59
81 59
83 59
86 59
6 60
50 60
97 60
99 60
5 61
15 61
16 61
52 61
95 61
3 62
17 62
37 62
41 62
46 62
54 62
58 62
96 62
10 63
11 63
18 63
27 63
39 63
40 63
56 63
97 63
29 64
33 64
44 64
50 64
87 64
91 64
95 64
96 64
99 64
35 65
58 65
60 65
66 65
81 65
86 65
91 65
17 66
67 66
84 66
8 67
21 67
45 67
61 67
67 67
21 68
28 68
33 68
57 68
60 68
68 68
78 68
6 69
16 69
24 69
44 69
1 70
4 70
46 70
59 70
63 70
73 70
81 70
82 70
98 70
41 71
46 71
55 71
76 71
82 71
94 71
96 71
100 71
1 72
11 72
40 72
49 72
51 72
52 72
82 72
89 72
99 72
15 73
37 73
75 73
84 73
6 74
38 74
52 74
60 74
62 74
67 74
84 74
2 75
46 75
56 75
65 75
66 75
81 75
87 75
7 76
55 76
84 76
89 76
16 77
20 77
23 77
31 77
69 77
82 77
84 77
88 77
95 77
100 77
2 78
7 78
10 78
13 78
38 78
43 78
70 78
76 78
92 78
95 78
18 79
23 79
34 79
85 79
89 79
15 80
37 80
46 80
47 80
58 80
61 80
74 80
75 80
76 80
96 80
97 80
100 80
7 81
90 81
5 82
90 82
93 82
14 83
17 83
58 83
4 84
8 84
16 84
21 84
22 84
33 84
54 84
83 84
84 84
91 84
95 84
2 85
16 85
24 85
32 85
34 85
55 85
59 85
67 85
89 85
19 86
37 86
38 86
43 87
48 87
68 87
71 87
21 88
31 88
37 88
41 88
48 88
72 88
96 88
8 89
9 89
20 89
32 89
43 89
48 89
52 89
83 89
87 89
94 89
95 89
15 90
23 90
32 90
43 90
48 90
60 90
70 90
72 90
81 90
84 90
1 91
23 91
29 91
30 91
31 91
44 91
47 91
49 91
54 91
63 91
93 91
12 92
19 92
24 92
73 92
79 92
82 92
87 92
2 93
6 93
7 93
15 93
56 93
65 93
67 93
8 94
14 94
22 94
59 94
81 94
99 94
10 95
18 95
27 95
61 95
62 95
9 96
29 96
35 96
50 96
56 96
65 96
91 96
5 97
33 97
35 97
41 97
68 97
14 98
16 98
33 98
39 98
62 98
25 99
54 99
61 99
79 99
81 99
89 99
92 99
56 100
83 100
84 100
91 100
