100
2 1
5 1
6 1
9 1
10 1
12 1
15 1
17 1
18 1
19 1
24 1
27 1
29 1
31 1
32 1
33 1
35 1
37 1
38 1
42 1
43 1
45 1
47 1
48 1
50 1
51 1
52 1
61 1
62 1
63 1
64 1
65 1
67 1
68 1
71 1
73 1
74 1
75 1
76 1
79 1
81 1
82 1
84 1
85 1
87 1
88 1
90 1
91 1
93 1
94 1
96 1
99 1
2 2
4 2
5 2
6 2
8 2
10 2
15 2
16 2
20 2
23 2
24 2
25 2
26 2
30 2
33 2
35 2
36 2
40 2
43 2
44 2
45 2
46 2
47 2
53 2
55 2
56 2
57 2
60 2
61 2
64 2
65 2
67 2
69 2
70 2
75 2
82 2
83 2
86 2
88 2
90 2
94 2
95 2
96 2
98 2
99 2
100 2
1 3
2 3
3 3
6 3
7 3
10 3
12 3
15 3
17 3
18 3
24 3
28 3
29 3
30 3
31 3
32 3
36 3
39 3
41 3
42 3
45 3
46 3
48 3
49 3
51 3
52 3
55 3
56 3
58 3
60 3
65 3
70 3
71 3
72 3
73 3
74 3
79 3
81 3
84 3
93 3
94 3
95 3
97 3
98 3
99 3
100 3
3 4
5 4
7 4
10 4
13 4
15 4
20 4
22 4
23 4
24 4
27 4
28 4
30 4
31 4
32 4
35 4
38 4
40 4
41 4
42 4
43 4
44 4
48 4
49 4
50 4
56 4
57 4
59 4
60 4
62 4
63 4
64 4
66 4
68 4
69 4
72 4
73 4
74 4
77 4
78 4
80 4
83 4
84 4
88 4
89 4
91 4
93 4
95 4
98 4
100 4
5 5
7 5
8 5
10 5
14 5
15 5
17 5
18 5
19 5
23 5
31 5
33 5
35 5
39 5
45 5
46 5
47 5
48 5
49 5
50 5
53 5
55 5
56 5
57 5
58 5
60 5
61 5
63 5
66 5
67 5
68 5
69 5
70 5
71 5
72 5
73 5
74 5
76 5
77 5
78 5
79 5
80 5
81 5
83 5
84 5
85 5
87 5
88 5
89 5
90 5
92 5
93 5
96 5
98 5
100 5
2 6
6 6
7 6
8 6
12 6
17 6
18 6
19 6
20 6
22 6
25 6
26 6
28 6
30 6
34 6
35 6
38 6
41 6
43 6
45 6
46 6
48 6
50 6
51 6
54 6
55 6
57 6
59 6
60 6
62 6
64 6
66 6
68 6
71 6
74 6
75 6
76 6
77 6
81 6
82 6
86 6
87 6
89 6
90 6
93 6
97 6
98 6
99 6
100 6
1 7
2 7
4 7
8 7
9 7
11 7
14 7
15 7
16 7
19 7
20 7
23 7
24 7
26 7
29 7
30 7
31 7
32 7
37 7
39 7
40 7
43 7
44 7
45 7
47 7
48 7
49 7
50 7
51 7
53 7
54 7
56 7
60 7
61 7
62 7
65 7
66 7
68 7
71 7
76 7
78 7
79 7
81 7
83 7
84 7
87 7
88 7
89 7
91 7
95 7
97 7
98 7
99 7
1 8
2 8
3 8
7 8
9 8
13 8
16 8
17 8
18 8
20 8
21 8
22 8
28 8
29 8
30 8
31 8
32 8
33 8
34 8
36 8
37 8
44 8
46 8
50 8
51 8
52 8
53 8
56 8
57 8
58 8
59 8
60 8
61 8
62 8
63 8
68 8
69 8
70 8
71 8
72 8
75 8
76 8
78 8
79 8
81 8
82 8
83 8
85 8
92 8
93 8
96 8
99 8
3 9
4 9
5 9
7 9
9 9
11 9
14 9
15 9
16 9
18 9
23 9
25 9
26 9
28 9
29 9
31 9
35 9
36 9
38 9
41 9
42 9
44 9
46 9
47 9
49 9
50 9
51 9
52 9
55 9
56 9
57 9
59 9
60 9
62 9
64 9
65 9
66 9
67 9
70 9
73 9
75 9
78 9
81 9
82 9
85 9
86 9
87 9
89 9
91 9
92 9
93 9
94 9
95 9
96 9
1 10
2 10
4 10
5 10
6 10
7 10
8 10
10 10
13 10
14 10
15 10
18 10
19 10
21 10
22 10
23 10
26 10
36 10
37 10
38 10
40 10
41 10
42 10
44 10
45 10
46 10
51 10
52 10
54 10
59 10
60 10
61 10
62 10
63 10
64 10
66 10
67 10
68 10
70 10
71 10
74 10
76 10
81 10
82 10
83 10
87 10
88 10
89 10
91 10
92 10
93 10
95 10
97 10
99 10
3 11
4 11
7 11
10 11
12 11
14 11
15 11
16 11
20 11
21 11
25 11
27 11
28 11
31 11
33 11
34 11
36 11
37 11
40 11
46 11
47 11
48 11
52 11
53 11
54 11
56 11
64 11
72 11
77 11
79 11
81 11
82 11
85 11
87 11
88 11
89 11
91 11
94 11
97 11
98 11
99 11
100 11
1 12
2 12
4 12
6 12
7 12
8 12
14 12
18 12
19 12
20 12
24 12
26 12
27 12
29 12
32 12
33 12
35 12
38 12
39 12
41 12
44 12
46 12
47 12
49 12
50 12
51 12
53 12
55 12
56 12
57 12
59 12
62 12
64 12
70 12
71 12
73 12
75 12
79 12
81 12
82 12
83 12
85 12
88 12
90 12
91 12
93 12
94 12
95 12
98 12
100 12
1 13
2 13
4 13
5 13
7 13
8 13
11 13
12 13
13 13
15 13
16 13
17 13
18 13
19 13
23 13
26 13
27 13
28 13
29 13
30 13
31 13
33 13
35 13
37 13
41 13
43 13
44 13
45 13
46 13
49 13
50 13
52 13
53 13
54 13
55 13
61 13
66 13
68 13
69 13
72 13
73 13
74 13
75 13
76 13
77 13
79 13
81 13
82 13
83 13
85 13
86 13
87 13
88 13
90 13
92 13
93 13
96 13
97 13
99 13
1 14
3 14
4 14
5 14
6 14
8 14
9 14
10 14
19 14
23 14
24 14
25 14
26 14
27 14
28 14
29 14
31 14
32 14
35 14
36 14
38 14
39 14
40 14
43 14
44 14
45 14
46 14
47 14
49 14
51 14
52 14
54 14
55 14
58 14
64 14
65 14
66 14
67 14
68 14
70 14
71 14
72 14
74 14
80 14
81 14
84 14
87 14
88 14
89 14
92 14
93 14
94 14
95 14
96 14
97 14
98 14
99 14
4 15
5 15
6 15
7 15
10 15
12 15
13 15
14 15
16 15
17 15
18 15
19 15
20 15
22 15
24 15
30 15
31 15
38 15
41 15
42 15
43 15
44 15
45 15
46 15
47 15
49 15
50 15
51 15
54 15
55 15
56 15
57 15
58 15
60 15
66 15
68 15
69 15
70 15
75 15
78 15
80 15
81 15
89 15
90 15
91 15
93 15
96 15
100 15
2 16
6 16
7 16
8 16
10 16
11 16
12 16
15 16
18 16
21 16
22 16
23 16
25 16
26 16
29 16
31 16
39 16
44 16
48 16
50 16
52 16
53 16
54 16
56 16
57 16
58 16
59 16
60 16
61 16
63 16
64 16
65 16
73 16
74 16
84 16
86 16
90 16
91 16
92 16
94 16
96 16
97 16
2 17
3 17
4 17
5 17
6 17
13 17
14 17
15 17
19 17
20 17
22 17
23 17
24 17
28 17
30 17
31 17
33 17
35 17
39 17
41 17
42 17
43 17
44 17
45 17
46 17
47 17
48 17
51 17
52 17
53 17
56 17
58 17
59 17
60 17
61 17
62 17
63 17
65 17
72 17
73 17
75 17
76 17
77 17
79 17
80 17
81 17
84 17
85 17
89 17
91 17
93 17
94 17
97 17
100 17
1 18
2 18
4 18
6 18
7 18
8 18
9 18
10 18
11 18
12 18
14 18
16 18
20 18
23 18
24 18
30 18
32 18
33 18
34 18
36 18
42 18
43 18
44 18
48 18
49 18
51 18
53 18
55 18
56 18
57 18
58 18
62 18
63 18
65 18
66 18
72 18
73 18
74 18
83 18
84 18
86 18
87 18
88 18
89 18
90 18
91 18
93 18
94 18
95 18
99 18
1 19
2 19
3 19
8 19
10 19
11 19
12 19
13 19
16 19
20 19
23 19
25 19
26 19
27 19
31 19
33 19
35 19
39 19
40 19
41 19
47 19
48 19
51 19
52 19
55 19
59 19
61 19
63 19
69 19
70 19
71 19
72 19
74 19
76 19
77 19
78 19
79 19
80 19
85 19
89 19
91 19
93 19
96 19
98 19
99 19
2 20
5 20
6 20
7 20
8 20
10 20
11 20
12 20
14 20
15 20
16 20
17 20
18 20
19 20
20 20
21 20
23 20
25 20
29 20
33 20
34 20
35 20
39 20
45 20
47 20
48 20
49 20
50 20
51 20
52 20
56 20
58 20
60 20
63 20
64 20
66 20
67 20
68 20
72 20
73 20
75 20
78 20
86 20
88 20
89 20
91 20
92 20
94 20
96 20
99 20
100 20
1 21
2 21
3 21
4 21
5 21
7 21
8 21
10 21
11 21
12 21
13 21
17 21
18 21
21 21
25 21
26 21
27 21
28 21
29 21
33 21
34 21
35 21
37 21
38 21
39 21
41 21
42 21
44 21
45 21
46 21
47 21
48 21
49 21
50 21
51 21
52 21
53 21
55 21
56 21
57 21
58 21
61 21
64 21
65 21
67 21
72 21
73 21
74 21
75 21
76 21
77 21
82 21
84 21
87 21
88 21
90 21
91 21
93 21
96 21
98 21
99 21
100 21
2 22
3 22
7 22
8 22
9 22
12 22
13 22
15 22
16 22
18 22
21 22
23 22
24 22
25 22
31 22
32 22
36 22
38 22
39 22
40 22
41 22
43 22
44 22
47 22
49 22
50 22
51 22
54 22
57 22
58 22
59 22
60 22
62 22
63 22
65 22
68 22
69 22
70 22
77 22
81 22
86 22
89 22
92 22
96 22
97 22
99 22
100 22
4 23
7 23
10 23
11 23
12 23
13 23
14 23
19 23
20 23
23 23
24 23
25 23
26 23
28 23
30 23
33 23
34 23
36 23
38 23
40 23
43 23
44 23
49 23
55 23
56 23
57 23
58 23
62 23
63 23
65 23
68 23
69 23
70 23
71 23
72 23
73 23
74 23
77 23
79 23
80 23
89 23
96 23
97 23
1 24
3 24
4 24
5 24
10 24
12 24
13 24
14 24
20 24
21 24
22 24
24 24
26 24
27 24
28 24
29 24
32 24
33 24
34 24
38 24
39 24
40 24
41 24
42 24
46 24
47 24
48 24
49 24
50 24
53 24
55 24
59 24
60 24
62 24
63 24
65 24
66 24
68 24
70 24
71 24
72 24
73 24
74 24
76 24
79 24
80 24
83 24
84 24
85 24
86 24
87 24
93 24
97 24
2 25
3 25
4 25
11 25
12 25
20 25
21 25
22 25
31 25
32 25
33 25
36 25
38 25
39 25
41 25
42 25
43 25
45 25
46 25
47 25
49 25
52 25
54 25
55 25
60 25
64 25
67 25
73 25
74 25
76 25
79 25
80 25
82 25
84 25
85 25
87 25
89 25
91 25
92 25
93 25
97 25
98 25
99 25
100 25
1 26
2 26
3 26
5 26
10 26
11 26
12 26
14 26
15 26
16 26
18 26
19 26
21 26
23 26
24 26
25 26
29 26
30 26
31 26
32 26
36 26
41 26
42 26
44 26
45 26
46 26
47 26
53 26
54 26
55 26
56 26
57 26
58 26
62 26
63 26
64 26
65 26
66 26
67 26
70 26
72 26
74 26
76 26
77 26
79 26
82 26
86 26
87 26
89 26
90 26
91 26
92 26
94 26
95 26
98 26
1 27
2 27
3 27
4 27
7 27
10 27
12 27
13 27
18 27
19 27
26 27
27 27
28 27
29 27
31 27
32 27
34 27
35 27
36 27
37 27
41 27
43 27
44 27
46 27
48 27
55 27
56 27
58 27
59 27
63 27
65 27
67 27
69 27
70 27
71 27
72 27
74 27
75 27
76 27
78 27
79 27
80 27
81 27
83 27
87 27
88 27
91 27
92 27
93 27
96 27
98 27
99 27
100 27
3 28
8 28
9 28
11 28
12 28
13 28
14 28
15 28
18 28
19 28
20 28
23 28
24 28
27 28
28 28
29 28
30 28
33 28
36 28
37 28
38 28
40 28
41 28
43 28
44 28
45 28
48 28
49 28
50 28
51 28
54 28
55 28
59 28
60 28
61 28
62 28
64 28
65 28
67 28
68 28
69 28
71 28
72 28
74 28
77 28
79 28
84 28
85 28
87 28
88 28
89 28
90 28
93 28
94 28
96 28
98 28
99 28
2 29
3 29
4 29
5 29
7 29
8 29
9 29
11 29
12 29
13 29
16 29
17 29
20 29
21 29
23 29
25 29
26 29
28 29
29 29
32 29
35 29
36 29
38 29
39 29
40 29
41 29
43 29
44 29
46 29
48 29
50 29
51 29
53 29
55 29
57 29
58 29
59 29
60 29
61 29
63 29
64 29
65 29
68 29
70 29
72 29
73 29
74 29
75 29
77 29
78 29
79 29
80 29
81 29
82 29
83 29
84 29
86 29
89 29
100 29
1 30
4 30
5 30
6 30
8 30
10 30
12 30
13 30
15 30
16 30
17 30
18 30
19 30
20 30
22 30
23 30
24 30
26 30
27 30
28 30
29 30
31 30
32 30
33 30
34 30
35 30
37 30
43 30
44 30
46 30
48 30
49 30
51 30
53 30
56 30
57 30
58 30
63 30
64 30
65 30
66 30
67 30
68 30
70 30
71 30
73 30
74 30
76 30
77 30
79 30
80 30
82 30
85 30
87 30
89 30
90 30
91 30
94 30
95 30
96 30
97 30
100 30
1 31
3 31
10 31
11 31
12 31
13 31
14 31
15 31
16 31
17 31
20 31
21 31
24 31
26 31
27 31
31 31
32 31
33 31
35 31
36 31
38 31
40 31
41 31
42 31
43 31
44 31
46 31
50 31
51 31
57 31
60 31
61 31
63 31
65 31
67 31
68 31
71 31
72 31
74 31
76 31
77 31
79 31
80 31
81 31
86 31
89 31
90 31
92 31
99 31
1 32
4 32
6 32
7 32
8 32
9 32
12 32
13 32
14 32
15 32
16 32
17 32
23 32
24 32
26 32
27 32
35 32
38 32
39 32
40 32
43 32
44 32
45 32
46 32
51 32
53 32
54 32
55 32
59 32
60 32
61 32
63 32
64 32
66 32
67 32
70 32
74 32
75 32
76 32
79 32
80 32
81 32
82 32
83 32
85 32
86 32
87 32
88 32
89 32
90 32
92 32
95 32
96 32
97 32
98 32
99 32
2 33
5 33
7 33
9 33
10 33
12 33
14 33
15 33
17 33
18 33
25 33
26 33
28 33
29 33
30 33
33 33
35 33
36 33
39 33
42 33
44 33
47 33
48 33
50 33
52 33
53 33
54 33
56 33
57 33
60 33
61 33
67 33
68 33
71 33
74 33
75 33
77 33
78 33
86 33
87 33
90 33
93 33
94 33
95 33
96 33
100 33
6 34
8 34
10 34
11 34
12 34
16 34
19 34
22 34
26 34
28 34
32 34
33 34
34 34
35 34
36 34
38 34
40 34
41 34
42 34
48 34
49 34
51 34
52 34
53 34
54 34
55 34
57 34
58 34
59 34
64 34
68 34
70 34
71 34
72 34
73 34
75 34
78 34
79 34
80 34
82 34
84 34
86 34
87 34
90 34
91 34
93 34
97 34
98 34
100 34
1 35
8 35
9 35
11 35
12 35
14 35
16 35
17 35
19 35
20 35
22 35
25 35
27 35
29 35
31 35
33 35
34 35
35 35
38 35
39 35
40 35
41 35
42 35
43 35
44 35
47 35
48 35
49 35
52 35
54 35
55 35
56 35
57 35
58 35
59 35
61 35
62 35
63 35
65 35
66 35
68 35
70 35
73 35
74 35
75 35
76 35
78 35
79 35
81 35
82 35
88 35
89 35
90 35
91 35
92 35
93 35
94 35
100 35
2 36
4 36
5 36
6 36
7 36
10 36
11 36
12 36
13 36
14 36
15 36
17 36
18 36
19 36
20 36
21 36
22 36
25 36
29 36
32 36
33 36
34 36
36 36
39 36
42 36
44 36
45 36
48 36
49 36
52 36
53 36
54 36
55 36
56 36
59 36
61 36
62 36
67 36
68 36
72 36
75 36
76 36
77 36
78 36
81 36
82 36
84 36
85 36
86 36
87 36
88 36
89 36
90 36
91 36
92 36
99 36
2 37
3 37
4 37
7 37
8 37
10 37
12 37
14 37
19 37
22 37
26 37
28 37
31 37
32 37
33 37
34 37
36 37
37 37
39 37
42 37
43 37
44 37
45 37
46 37
49 37
50 37
57 37
58 37
61 37
62 37
63 37
64 37
65 37
66 37
68 37
70 37
76 37
77 37
78 37
79 37
80 37
84 37
88 37
89 37
90 37
93 37
95 37
97 37
98 37
99 37
1 38
2 38
4 38
6 38
7 38
12 38
14 38
16 38
17 38
20 38
21 38
22 38
24 38
26 38
30 38
31 38
32 38
33 38
34 38
37 38
38 38
40 38
44 38
46 38
47 38
48 38
49 38
51 38
53 38
56 38
59 38
60 38
61 38
62 38
64 38
67 38
68 38
69 38
72 38
73 38
74 38
77 38
84 38
87 38
88 38
90 38
97 38
98 38
2 39
3 39
4 39
5 39
10 39
11 39
12 39
13 39
17 39
18 39
23 39
27 39
28 39
31 39
33 39
35 39
36 39
37 39
38 39
39 39
41 39
42 39
43 39
45 39
50 39
52 39
55 39
56 39
58 39
62 39
63 39
64 39
65 39
66 39
68 39
69 39
78 39
79 39
80 39
81 39
85 39
86 39
87 39
88 39
94 39
95 39
99 39
2 40
3 40
5 40
8 40
9 40
14 40
16 40
17 40
18 40
19 40
20 40
21 40
24 40
32 40
34 40
36 40
37 40
39 40
40 40
44 40
46 40
47 40
52 40
56 40
57 40
58 40
59 40
60 40
62 40
63 40
66 40
67 40
72 40
73 40
74 40
75 40
77 40
89 40
91 40
94 40
97 40
1 41
2 41
3 41
4 41
6 41
7 41
9 41
10 41
11 41
13 41
14 41
15 41
17 41
18 41
20 41
21 41
22 41
26 41
28 41
31 41
32 41
36 41
37 41
41 41
43 41
44 41
45 41
46 41
47 41
49 41
51 41
53 41
54 41
56 41
59 41
62 41
64 41
66 41
68 41
70 41
72 41
76 41
77 41
80 41
81 41
82 41
83 41
84 41
86 41
88 41
89 41
90 41
92 41
94 41
95 41
96 41
97 41
99 41
2 42
4 42
5 42
6 42
7 42
10 42
11 42
12 42
15 42
18 42
22 42
23 42
25 42
26 42
27 42
32 42
33 42
34 42
35 42
36 42
37 42
38 42
39 42
43 42
45 42
48 42
52 42
54 42
55 42
56 42
57 42
58 42
59 42
60 42
61 42
62 42
63 42
64 42
65 42
66 42
67 42
68 42
69 42
70 42
76 42
77 42
80 42
84 42
85 42
88 42
91 42
93 42
95 42
96 42
97 42
98 42
99 42
1 43
7 43
8 43
9 43
11 43
13 43
14 43
15 43
16 43
21 43
23 43
25 43
26 43
29 43
32 43
33 43
34 43
35 43
36 43
39 43
40 43
42 43
43 43
44 43
46 43
48 43
50 43
52 43
53 43
55 43
56 43
60 43
62 43
63 43
64 43
67 43
70 43
72 43
73 43
74 43
76 43
78 43
81 43
82 43
84 43
85 43
86 43
94 43
95 43
97 43
2 44
3 44
5 44
6 44
9 44
10 44
12 44
13 44
14 44
15 44
17 44
21 44
22 44
27 44
28 44
29 44
32 44
34 44
35 44
36 44
39 44
41 44
44 44
46 44
47 44
50 44
55 44
58 44
59 44
60 44
64 44
65 44
68 44
69 44
70 44
71 44
72 44
73 44
74 44
76 44
79 44
80 44
81 44
82 44
84 44
85 44
89 44
90 44
91 44
93 44
94 44
96 44
100 44
1 45
3 45
4 45
5 45
7 45
9 45
12 45
15 45
20 45
22 45
23 45
24 45
25 45
26 45
27 45
28 45
30 45
31 45
33 45
35 45
36 45
37 45
39 45
43 45
44 45
46 45
48 45
49 45
50 45
53 45
56 45
58 45
59 45
64 45
65 45
67 45
69 45
72 45
75 45
77 45
79 45
83 45
85 45
88 45
89 45
90 45
91 45
92 45
93 45
98 45
100 45
1 46
6 46
7 46
9 46
10 46
12 46
13 46
14 46
15 46
17 46
18 46
20 46
21 46
23 46
25 46
28 46
29 46
31 46
32 46
33 46
36 46
41 46
46 46
48 46
50 46
52 46
53 46
58 46
60 46
63 46
64 46
65 46
68 46
70 46
71 46
72 46
73 46
75 46
76 46
77 46
78 46
79 46
80 46
82 46
86 46
89 46
90 46
92 46
98 46
1 47
3 47
4 47
7 47
14 47
15 47
19 47
20 47
24 47
26 47
30 47
33 47
36 47
40 47
41 47
42 47
44 47
45 47
48 47
50 47
52 47
53 47
56 47
57 47
58 47
62 47
64 47
67 47
68 47
69 47
72 47
77 47
82 47
84 47
85 47
86 47
88 47
89 47
93 47
97 47
98 47
99 47
2 48
4 48
7 48
8 48
12 48
14 48
17 48
24 48
25 48
29 48
30 48
31 48
32 48
33 48
34 48
36 48
38 48
40 48
42 48
43 48
44 48
46 48
47 48
48 48
49 48
52 48
53 48
54 48
56 48
58 48
61 48
62 48
63 48
65 48
70 48
71 48
72 48
74 48
75 48
77 48
82 48
86 48
87 48
88 48
90 48
91 48
96 48
97 48
98 48
1 49
2 49
4 49
6 49
8 49
11 49
12 49
14 49
15 49
16 49
17 49
18 49
21 49
24 49
26 49
27 49
28 49
30 49
33 49
34 49
42 49
44 49
48 49
54 49
56 49
57 49
58 49
61 49
68 49
69 49
71 49
74 49
75 49
78 49
79 49
80 49
84 49
86 49
87 49
90 49
91 49
92 49
93 49
94 49
2 50
3 50
4 50
6 50
7 50
9 50
11 50
14 50
17 50
19 50
20 50
22 50
28 50
30 50
36 50
37 50
38 50
39 50
44 50
45 50
47 50
48 50
49 50
50 50
54 50
55 50
57 50
61 50
70 50
73 50
74 50
76 50
85 50
86 50
88 50
89 50
91 50
92 50
93 50
95 50
98 50
99 50
1 51
4 51
5 51
6 51
7 51
8 51
9 51
11 51
13 51
14 51
15 51
16 51
17 51
20 51
21 51
24 51
26 51
29 51
30 51
32 51
35 51
36 51
40 51
41 51
45 51
46 51
47 51
50 51
51 51
53 51
54 51
56 51
57 51
61 51
63 51
64 51
67 51
70 51
71 51
72 51
74 51
75 51
76 51
81 51
82 51
84 51
86 51
87 51
89 51
92 51
94 51
95 51
97 51
98 51
99 51
100 51
1 52
2 52
4 52
5 52
6 52
7 52
8 52
11 52
12 52
13 52
14 52
16 52
21 52
22 52
24 52
30 52
33 52
36 52
38 52
40 52
41 52
42 52
46 52
47 52
54 52
55 52
59 52
62 52
63 52
64 52
67 52
68 52
69 52
70 52
76 52
77 52
78 52
79 52
80 52
82 52
83 52
84 52
86 52
89 52
90 52
92 52
94 52
95 52
96 52
97 52
98 52
3 53
5 53
7 53
10 53
11 53
12 53
16 53
21 53
22 53
25 53
26 53
28 53
30 53
34 53
36 53
37 53
40 53
44 53
45 53
47 53
51 53
52 53
54 53
55 53
58 53
61 53
62 53
67 53
68 53
72 53
75 53
79 53
80 53
81 53
84 53
85 53
86 53
90 53
91 53
92 53
93 53
97 53
98 53
100 53
2 54
6 54
7 54
11 54
15 54
18 54
21 54
23 54
25 54
27 54
28 54
30 54
32 54
33 54
34 54
40 54
43 54
44 54
46 54
49 54
51 54
53 54
54 54
55 54
57 54
58 54
60 54
61 54
62 54
65 54
67 54
70 54
72 54
73 54
74 54
75 54
77 54
81 54
82 54
85 54
86 54
90 54
91 54
92 54
93 54
94 54
97 54
98 54
99 54
100 54
2 55
6 55
12 55
14 55
15 55
18 55
19 55
21 55
22 55
23 55
29 55
30 55
31 55
35 55
38 55
39 55
42 55
44 55
47 55
49 55
50 55
52 55
53 55
56 55
57 55
59 55
60 55
61 55
66 55
67 55
72 55
73 55
76 55
78 55
79 55
83 55
84 55
85 55
86 55
87 55
88 55
90 55
92 55
93 55
97 55
99 55
1 56
2 56
3 56
5 56
6 56
12 56
13 56
14 56
17 56
19 56
22 56
23 56
24 56
25 56
27 56
28 56
29 56
30 56
31 56
33 56
34 56
37 56
39 56
41 56
42 56
45 56
46 56
47 56
49 56
50 56
51 56
52 56
56 56
60 56
62 56
64 56
65 56
66 56
71 56
72 56
75 56
76 56
77 56
78 56
79 56
80 56
81 56
84 56
87 56
89 56
92 56
93 56
95 56
96 56
97 56
98 56
99 56
100 56
1 57
4 57
5 57
6 57
8 57
13 57
14 57
16 57
17 57
19 57
22 57
24 57
27 57
31 57
33 57
35 57
39 57
43 57
44 57
45 57
49 57
50 57
51 57
53 57
54 57
55 57
57 57
64 57
68 57
69 57
70 57
73 57
74 57
75 57
77 57
78 57
79 57
80 57
83 57
85 57
86 57
88 57
89 57
90 57
95 57
96 57
98 57
100 57
1 58
3 58
8 58
9 58
11 58
13 58
19 58
22 58
23 58
24 58
25 58
30 58
32 58
33 58
35 58
38 58
39 58
43 58
44 58
46 58
47 58
48 58
50 58
52 58
54 58
55 58
57 58
58 58
61 58
62 58
63 58
65 58
67 58
69 58
71 58
74 58
78 58
79 58
81 58
82 58
84 58
86 58
87 58
90 58
91 58
94 58
96 58
97 58
98 58
99 58
100 58
2 59
5 59
8 59
10 59
12 59
13 59
15 59
16 59
17 59
22 59
24 59
26 59
28 59
30 59
32 59
33 59
38 59
42 59
43 59
46 59
48 59
51 59
53 59
54 59
57 59
59 59
60 59
61 59
66 59
67 59
68 59
71 59
74 59
76 59
77 59
78 59
79 59
83 59
85 59
87 59
88 59
90 59
94 59
98 59
100 59
1 60
2 60
3 60
5 60
7 60
8 60
10 60
11 60
15 60
18 60
19 60
22 60
24 60
25 60
29 60
30 60
32 60
33 60
36 60
40 60
43 60
44 60
45 60
46 60
47 60
48 60
52 60
55 60
59 60
64 60
65 60
66 60
69 60
70 60
74 60
75 60
76 60
77 60
79 60
82 60
83 60
85 60
93 60
95 60
96 60
97 60
100 60
1 61
2 61
5 61
11 61
14 61
17 61
18 61
23 61
24 61
25 61
27 61
32 61
34 61
35 61
37 61
38 61
40 61
41 61
42 61
43 61
46 61
50 61
52 61
54 61
55 61
56 61
57 61
62 61
67 61
70 61
78 61
83 61
85 61
89 61
93 61
94 61
95 61
96 61
99 61
1 62
2 62
3 62
4 62
13 62
14 62
15 62
19 62
21 62
22 62
23 62
25 62
27 62
29 62
30 62
33 62
34 62
36 62
37 62
39 62
42 62
44 62
45 62
46 62
48 62
49 62
54 62
55 62
56 62
58 62
59 62
60 62
61 62
63 62
65 62
66 62
68 62
71 62
72 62
73 62
74 62
76 62
77 62
78 62
81 62
84 62
85 62
88 62
89 62
91 62
98 62
100 62
1 63
2 63
3 63
5 63
6 63
7 63
8 63
12 63
13 63
14 63
15 63
18 63
19 63
21 63
22 63
23 63
24 63
25 63
27 63
28 63
30 63
32 63
36 63
37 63
38 63
39 63
40 63
43 63
45 63
47 63
48 63
49 63
50 63
52 63
54 63
56 63
57 63
59 63
60 63
63 63
65 63
76 63
77 63
78 63
80 63
85 63
87 63
91 63
100 63
1 64
2 64
4 64
5 64
8 64
11 64
15 64
16 64
18 64
19 64
20 64
21 64
23 64
24 64
25 64
26 64
29 64
30 64
31 64
32 64
37 64
38 64
39 64
40 64
41 64
42 64
43 64
45 64
49 64
51 64
53 64
54 64
55 64
56 64
58 64
60 64
61 64
63 64
65 64
66 64
68 64
73 64
74 64
77 64
78 64
79 64
81 64
82 64
83 64
86 64
88 64
90 64
91 64
92 64
93 64
96 64
100 64
1 65
4 65
5 65
6 65
7 65
8 65
10 65
11 65
12 65
13 65
16 65
19 65
20 65
22 65
23 65
25 65
26 65
28 65
29 65
30 65
33 65
37 65
38 65
40 65
42 65
43 65
44 65
45 65
46 65
49 65
50 65
51 65
53 65
56 65
59 65
60 65
61 65
62 65
63 65
65 65
67 65
68 65
70 65
71 65
74 65
76 65
77 65
80 65
81 65
82 65
84 65
88 65
90 65
97 65
99 65
2 66
4 66
7 66
9 66
10 66
11 66
13 66
15 66
16 66
17 66
21 66
22 66
28 66
29 66
30 66
31 66
32 66
36 66
37 66
39 66
41 66
45 66
46 66
47 66
50 66
51 66
56 66
58 66
59 66
60 66
61 66
64 66
67 66
68 66
69 66
70 66
72 66
73 66
74 66
75 66
81 66
82 66
86 66
87 66
88 66
93 66
95 66
96 66
97 66
99 66
3 67
8 67
10 67
11 67
15 67
16 67
21 67
22 67
23 67
24 67
29 67
30 67
31 67
32 67
35 67
38 67
39 67
40 67
46 67
50 67
51 67
52 67
53 67
54 67
58 67
61 67
66 67
67 67
68 67
69 67
71 67
73 67
74 67
76 67
78 67
80 67
82 67
87 67
89 67
90 67
91 67
92 67
96 67
100 67
1 68
4 68
5 68
6 68
7 68
8 68
9 68
10 68
11 68
14 68
17 68
23 68
24 68
26 68
28 68
31 68
36 68
38 68
40 68
43 68
44 68
45 68
46 68
48 68
49 68
50 68
53 68
55 68
56 68
57 68
59 68
60 68
61 68
64 68
65 68
68 68
71 68
72 68
73 68
74 68
75 68
76 68
80 68
82 68
84 68
87 68
88 68
91 68
94 68
99 68
100 68
3 69
4 69
5 69
6 69
9 69
10 69
11 69
12 69
15 69
16 69
19 69
22 69
23 69
25 69
26 69
28 69
30 69
31 69
38 69
39 69
43 69
44 69
45 69
48 69
50 69
53 69
54 69
56 69
59 69
60 69
63 69
66 69
67 69
68 69
69 69
72 69
74 69
77 69
81 69
82 69
83 69
84 69
87 69
88 69
91 69
92 69
95 69
99 69
3 70
4 70
5 70
6 70
12 70
13 70
14 70
15 70
17 70
18 70
19 70
20 70
21 70
24 70
28 70
34 70
35 70
40 70
41 70
42 70
44 70
45 70
46 70
47 70
49 70
52 70
54 70
56 70
58 70
59 70
61 70
63 70
65 70
66 70
67 70
68 70
69 70
70 70
74 70
77 70
78 70
79 70
80 70
84 70
86 70
89 70
91 70
92 70
94 70
95 70
96 70
100 70
1 71
6 71
7 71
8 71
10 71
14 71
16 71
19 71
21 71
22 71
24 71
25 71
29 71
32 71
36 71
38 71
39 71
41 71
43 71
45 71
46 71
47 71
48 71
51 71
56 71
57 71
58 71
60 71
63 71
68 71
72 71
73 71
74 71
75 71
76 71
82 71
83 71
84 71
87 71
90 71
91 71
92 71
93 71
94 71
95 71
97 71
100 71
1 72
2 72
3 72
5 72
7 72
8 72
9 72
10 72
13 72
14 72
15 72
17 72
18 72
19 72
20 72
21 72
23 72
26 72
27 72
28 72
30 72
31 72
34 72
36 72
37 72
39 72
42 72
44 72
45 72
47 72
48 72
49 72
50 72
53 72
55 72
56 72
59 72
62 72
66 72
70 72
71 72
72 72
73 72
76 72
77 72
79 72
80 72
82 72
83 72
85 72
86 72
88 72
89 72
90 72
91 72
92 72
94 72
95 72
99 72
100 72
2 73
3 73
5 73
8 73
13 73
14 73
15 73
23 73
24 73
25 73
26 73
28 73
29 73
32 73
33 73
34 73
37 73
39 73
40 73
42 73
43 73
46 73
48 73
51 73
53 73
55 73
57 73
58 73
61 73
62 73
64 73
66 73
67 73
72 73
78 73
79 73
81 73
83 73
88 73
89 73
90 73
92 73
93 73
96 73
97 73
98 73
100 73
2 74
3 74
6 74
7 74
9 74
10 74
11 74
12 74
13 74
14 74
15 74
17 74
18 74
20 74
21 74
22 74
24 74
31 74
33 74
34 74
36 74
38 74
39 74
40 74
42 74
43 74
44 74
46 74
48 74
50 74
54 74
56 74
57 74
60 74
64 74
66 74
69 74
71 74
72 74
74 74
77 74
80 74
88 74
89 74
91 74
92 74
96 74
1 75
5 75
6 75
7 75
10 75
13 75
20 75
21 75
23 75
24 75
26 75
28 75
29 75
30 75
32 75
33 75
38 75
40 75
41 75
42 75
48 75
50 75
52 75
53 75
55 75
57 75
60 75
62 75
63 75
64 75
65 75
67 75
69 75
72 75
74 75
75 75
76 75
80 75
81 75
84 75
86 75
87 75
89 75
90 75
91 75
92 75
93 75
95 75
97 75
1 76
3 76
4 76
7 76
8 76
9 76
10 76
11 76
13 76
14 76
17 76
18 76
20 76
21 76
22 76
24 76
25 76
26 76
27 76
29 76
30 76
31 76
32 76
33 76
34 76
35 76
36 76
38 76
43 76
46 76
47 76
48 76
50 76
52 76
53 76
54 76
56 76
57 76
61 76
62 76
63 76
64 76
65 76
66 76
68 76
70 76
75 76
76 76
79 76
80 76
84 76
86 76
89 76
90 76
92 76
94 76
99 76
2 77
3 77
5 77
6 77
7 77
11 77
12 77
13 77
15 77
17 77
18 77
20 77
21 77
23 77
24 77
26 77
27 77
29 77
30 77
33 77
34 77
38 77
39 77
40 77
41 77
42 77
43 77
44 77
45 77
46 77
47 77
48 77
49 77
50 77
52 77
53 77
56 77
57 77
58 77
61 77
66 77
68 77
72 77
78 77
80 77
82 77
83 77
85 77
87 77
88 77
91 77
93 77
96 77
97 77
1 78
2 78
3 78
4 78
5 78
9 78
10 78
14 78
15 78
16 78
18 78
22 78
23 78
26 78
28 78
31 78
32 78
33 78
41 78
42 78
43 78
44 78
45 78
48 78
50 78
54 78
58 78
64 78
65 78
66 78
67 78
69 78
70 78
71 78
72 78
73 78
74 78
77 78
79 78
81 78
82 78
83 78
84 78
87 78
88 78
89 78
90 78
91 78
92 78
93 78
94 78
95 78
96 78
97 78
98 78
99 78
2 79
3 79
4 79
8 79
9 79
10 79
11 79
13 79
17 79
22 79
23 79
24 79
26 79
27 79
28 79
29 79
32 79
34 79
35 79
38 79
39 79
40 79
42 79
44 79
46 79
49 79
50 79
51 79
53 79
54 79
55 79
57 79
59 79
60 79
68 79
70 79
71 79
73 79
74 79
75 79
76 79
82 79
84 79
85 79
87 79
89 79
94 79
98 79
100 79
1 80
5 80
8 80
9 80
11 80
12 80
13 80
14 80
19 80
20 80
21 80
23 80
27 80
28 80
29 80
30 80
31 80
32 80
33 80
36 80
38 80
39 80
42 80
45 80
49 80
51 80
52 80
54 80
56 80
59 80
60 80
62 80
63 80
64 80
67 80
68 80
69 80
71 80
72 80
73 80
74 80
82 80
83 80
84 80
85 80
86 80
88 80
89 80
90 80
92 80
94 80
95 80
96 80
97 80
100 80
1 81
2 81
6 81
8 81
10 81
14 81
17 81
19 81
21 81
22 81
23 81
24 81
27 81
28 81
31 81
32 81
33 81
36 81
37 81
39 81
42 81
43 81
45 81
50 81
52 81
55 81
57 81
59 81
63 81
69 81
71 81
72 81
73 81
74 81
75 81
81 81
84 81
85 81
88 81
89 81
93 81
95 81
97 81
99 81
1 82
2 82
3 82
5 82
6 82
9 82
13 82
14 82
15 82
16 82
17 82
18 82
19 82
20 82
23 82
27 82
29 82
30 82
38 82
39 82
41 82
42 82
44 82
45 82
46 82
47 82
48 82
50 82
53 82
57 82
58 82
59 82
64 82
73 82
75 82
76 82
77 82
80 82
81 82
83 82
85 82
86 82
87 82
90 82
91 82
92 82
93 82
94 82
100 82
1 83
2 83
3 83
6 83
12 83
17 83
21 83
24 83
31 83
33 83
37 83
38 83
41 83
42 83
43 83
45 83
47 83
49 83
53 83
54 83
55 83
56 83
57 83
58 83
60 83
63 83
64 83
65 83
69 83
70 83
71 83
74 83
75 83
77 83
78 83
79 83
80 83
81 83
84 83
85 83
87 83
88 83
89 83
90 83
92 83
93 83
95 83
97 83
98 83
1 84
2 84
5 84
7 84
8 84
10 84
11 84
14 84
15 84
17 84
18 84
19 84
21 84
23 84
24 84
30 84
32 84
34 84
36 84
39 84
41 84
42 84
45 84
47 84
50 84
51 84
59 84
60 84
61 84
63 84
66 84
70 84
72 84
74 84
75 84
77 84
79 84
83 84
85 84
86 84
87 84
88 84
93 84
96 84
98 84
1 85
2 85
3 85
4 85
5 85
6 85
8 85
10 85
12 85
15 85
16 85
17 85
19 85
20 85
22 85
23 85
27 85
31 85
32 85
36 85
37 85
38 85
39 85
41 85
43 85
44 85
48 85
49 85
52 85
53 85
54 85
55 85
57 85
58 85
61 85
62 85
65 85
66 85
67 85
68 85
69 85
73 85
74 85
75 85
76 85
83 85
84 85
87 85
90 85
91 85
93 85
94 85
97 85
99 85
100 85
1 86
5 86
6 86
7 86
10 86
11 86
12 86
13 86
14 86
16 86
18 86
19 86
20 86
22 86
24 86
25 86
26 86
27 86
29 86
30 86
38 86
43 86
44 86
45 86
46 86
47 86
48 86
49 86
53 86
56 86
57 86
58 86
61 86
62 86
64 86
66 86
67 86
69 86
71 86
73 86
74 86
76 86
78 86
85 86
90 86
91 86
92 86
93 86
94 86
95 86
97 86
98 86
3 87
4 87
5 87
8 87
9 87
11 87
16 87
17 87
18 87
20 87
21 87
22 87
28 87
33 87
34 87
35 87
38 87
39 87
40 87
42 87
45 87
46 87
47 87
49 87
50 87
51 87
52 87
53 87
57 87
59 87
60 87
61 87
62 87
64 87
66 87
67 87
68 87
71 87
73 87
75 87
77 87
79 87
86 87
87 87
88 87
90 87
91 87
92 87
96 87
97 87
99 87
2 88
4 88
5 88
6 88
7 88
9 88
11 88
15 88
16 88
17 88
19 88
21 88
23 88
26 88
30 88
34 88
35 88
37 88
40 88
43 88
44 88
49 88
51 88
53 88
56 88
58 88
61 88
63 88
65 88
67 88
69 88
71 88
76 88
77 88
78 88
85 88
87 88
88 88
89 88
90 88
91 88
92 88
94 88
95 88
97 88
99 88
100 88
3 89
6 89
8 89
9 89
14 89
16 89
17 89
18 89
20 89
24 89
25 89
26 89
27 89
30 89
32 89
33 89
36 89
37 89
43 89
44 89
45 89
46 89
50 89
51 89
52 89
54 89
55 89
56 89
57 89
60 89
63 89
65 89
66 89
67 89
69 89
71 89
72 89
73 89
75 89
76 89
78 89
81 89
83 89
86 89
87 89
89 89
94 89
96 89
97 89
99 89
3 90
4 90
5 90
6 90
7 90
10 90
11 90
12 90
13 90
14 90
18 90
19 90
21 90
23 90
26 90
31 90
35 90
38 90
40 90
41 90
42 90
43 90
44 90
50 90
53 90
54 90
55 90
57 90
58 90
59 90
60 90
61 90
64 90
66 90
67 90
68 90
69 90
70 90
71 90
73 90
75 90
76 90
77 90
78 90
80 90
81 90
82 90
85 90
86 90
92 90
93 90
95 90
97 90
99 90
100 90
8 91
9 91
12 91
15 91
16 91
17 91
23 91
24 91
26 91
28 91
29 91
31 91
32 91
33 91
34 91
35 91
36 91
37 91
38 91
41 91
43 91
44 91
48 91
50 91
51 91
58 91
59 91
60 91
61 91
64 91
65 91
66 91
67 91
68 91
69 91
70 91
71 91
72 91
73 91
74 91
76 91
78 91
82 91
83 91
90 91
95 91
96 91
2 92
3 92
5 92
7 92
8 92
13 92
19 92
20 92
21 92
22 92
26 92
27 92
31 92
32 92
33 92
34 92
35 92
37 92
40 92
41 92
43 92
45 92
46 92
48 92
50 92
53 92
54 92
56 92
60 92
61 92
62 92
63 92
69 92
77 92
81 92
82 92
85 92
87 92
89 92
90 92
91 92
94 92
98 92
1 93
2 93
4 93
5 93
8 93
10 93
13 93
18 93
23 93
26 93
27 93
29 93
32 93
33 93
34 93
35 93
46 93
47 93
49 93
50 93
53 93
54 93
55 93
56 93
62 93
64 93
69 93
71 93
73 93
74 93
77 93
78 93
81 93
83 93
84 93
85 93
86 93
87 93
88 93
89 93
91 93
92 93
93 93
94 93
95 93
97 93
2 94
5 94
8 94
9 94
12 94
16 94
20 94
21 94
23 94
28 94
30 94
32 94
33 94
35 94
36 94
37 94
43 94
44 94
45 94
46 94
49 94
50 94
54 94
56 94
58 94
59 94
62 94
64 94
69 94
73 94
74 94
75 94
77 94
82 94
86 94
87 94
89 94
92 94
95 94
100 94
2 95
4 95
7 95
9 95
12 95
14 95
16 95
20 95
21 95
22 95
26 95
27 95
32 95
34 95
35 95
37 95
39 95
45 95
47 95
48 95
54 95
56 95
59 95
63 95
65 95
66 95
67 95
68 95
70 95
79 95
81 95
82 95
85 95
86 95
88 95
89 95
90 95
93 95
97 95
100 95
4 96
8 96
12 96
14 96
15 96
17 96
20 96
21 96
22 96
25 96
27 96
33 96
34 96
36 96
38 96
42 96
43 96
46 96
47 96
48 96
49 96
50 96
52 96
53 96
58 96
60 96
64 96
65 96
67 96
69 96
70 96
71 96
76 96
77 96
78 96
81 96
85 96
86 96
88 96
89 96
90 96
91 96
95 96
98 96
99 96
100 96
2 97
6 97
7 97
12 97
15 97
16 97
20 97
23 97
29 97
30 97
31 97
32 97
34 97
35 97
37 97
40 97
41 97
42 97
45 97
47 97
48 97
49 97
51 97
55 97
57 97
58 97
64 97
66 97
72 97
75 97
76 97
79 97
82 97
88 97
89 97
90 97
97 97
98 97
4 98
5 98
7 98
8 98
13 98
14 98
15 98
17 98
18 98
20 98
21 98
22 98
23 98
24 98
27 98
29 98
30 98
34 98
35 98
36 98
39 98
41 98
46 98
47 98
52 98
55 98
56 98
64 98
66 98
67 98
71 98
72 98
74 98
76 98
80 98
81 98
82 98
83 98
86 98
90 98
92 98
93 98
99 98
100 98
3 99
5 99
8 99
15 99
17 99
18 99
20 99
22 99
24 99
26 99
27 99
30 99
31 99
34 99
37 99
38 99
39 99
44 99
46 99
48 99
51 99
54 99
60 99
61 99
63 99
64 99
66 99
70 99
72 99
75 99
76 99
79 99
80 99
81 99
82 99
83 99
84 99
87 99
90 99
91 99
93 99
98 99
1 100
7 100
10 100
11 100
12 100
13 100
15 100
16 100
18 100
23 100
24 100
26 100
28 100
30 100
32 100
33 100
37 100
38 100
42 100
46 100
47 100
48 100
49 100
50 100
52 100
54 100
57 100
58 100
62 100
63 100
64 100
66 100
68 100
71 100
73 100
76 100
77 100
78 100
81 100
82 100
86 100
87 100
91 100
92 100
93 100
94 100
95 100
96 100
99 100
