100
1 1
3 1
4 1
5 1
6 1
7 1
9 1
12 1
13 1
14 1
15 1
18 1
19 1
23 1
24 1
27 1
34 1
37 1
38 1
39 1
40 1
41 1
42 1
44 1
45 1
46 1
47 1
48 1
51 1
53 1
54 1
55 1
56 1
57 1
59 1
61 1
62 1
63 1
64 1
65 1
66 1
67 1
70 1
74 1
79 1
80 1
83 1
84 1
85 1
87 1
88 1
92 1
96 1
98 1
100 1
1 2
3 2
7 2
9 2
10 2
11 2
18 2
20 2
21 2
22 2
23 2
25 2
28 2
29 2
31 2
32 2
36 2
37 2
39 2
40 2
43 2
44 2
46 2
53 2
55 2
57 2
62 2
63 2
65 2
67 2
68 2
71 2
72 2
76 2
78 2
79 2
80 2
81 2
86 2
87 2
89 2
90 2
91 2
92 2
94 2
95 2
98 2
99 2
100 2
2 3
4 3
6 3
8 3
13 3
14 3
17 3
19 3
21 3
22 3
24 3
25 3
31 3
32 3
33 3
35 3
42 3
43 3
45 3
46 3
47 3
48 3
50 3
51 3
52 3
53 3
54 3
56 3
58 3
60 3
63 3
64 3
66 3
68 3
70 3
71 3
72 3
73 3
77 3
78 3
79 3
80 3
85 3
87 3
89 3
90 3
92 3
94 3
100 3
2 4
3 4
4 4
6 4
7 4
9 4
11 4
13 4
14 4
15 4
16 4
17 4
18 4
20 4
21 4
22 4
25 4
26 4
27 4
28 4
29 4
31 4
32 4
33 4
34 4
35 4
36 4
37 4
38 4
40 4
41 4
43 4
45 4
46 4
51 4
52 4
54 4
59 4
63 4
64 4
67 4
68 4
69 4
72 4
75 4
80 4
81 4
83 4
84 4
87 4
96 4
97 4
98 4
100 4
1 5
2 5
4 5
5 5
6 5
7 5
8 5
9 5
11 5
12 5
13 5
14 5
17 5
18 5
20 5
24 5
26 5
27 5
28 5
29 5
31 5
32 5
33 5
34 5
35 5
36 5
37 5
40 5
41 5
42 5
43 5
45 5
49 5
50 5
51 5
53 5
56 5
57 5
58 5
59 5
61 5
62 5
64 5
65 5
68 5
71 5
73 5
74 5
75 5
76 5
78 5
79 5
80 5
83 5
86 5
89 5
90 5
92 5
93 5
95 5
96 5
97 5
98 5
99 5
100 5
2 6
7 6
8 6
9 6
11 6
17 6
18 6
19 6
22 6
23 6
25 6
26 6
28 6
30 6
32 6
34 6
35 6
36 6
38 6
41 6
42 6
45 6
49 6
50 6
52 6
55 6
56 6
57 6
58 6
60 6
66 6
71 6
72 6
73 6
74 6
76 6
79 6
80 6
82 6
84 6
85 6
86 6
87 6
88 6
90 6
91 6
95 6
96 6
97 6
98 6
2 7
9 7
10 7
12 7
14 7
15 7
17 7
20 7
22 7
23 7
26 7
29 7
30 7
31 7
32 7
33 7
34 7
36 7
37 7
38 7
39 7
42 7
45 7
46 7
47 7
49 7
52 7
55 7
57 7
59 7
62 7
64 7
66 7
67 7
69 7
70 7
72 7
75 7
78 7
82 7
84 7
86 7
87 7
91 7
94 7
96 7
97 7
98 7
100 7
1 8
5 8
6 8
8 8
9 8
10 8
11 8
14 8
15 8
19 8
21 8
22 8
27 8
30 8
35 8
45 8
47 8
52 8
53 8
58 8
60 8
61 8
62 8
65 8
66 8
67 8
68 8
70 8
71 8
72 8
73 8
75 8
77 8
78 8
80 8
81 8
82 8
86 8
89 8
90 8
91 8
95 8
96 8
97 8
98 8
100 8
2 9
4 9
5 9
6 9
7 9
8 9
11 9
15 9
16 9
18 9
19 9
20 9
22 9
33 9
35 9
36 9
40 9
43 9
44 9
46 9
48 9
49 9
50 9
52 9
58 9
63 9
66 9
68 9
69 9
70 9
74 9
76 9
78 9
81 9
83 9
84 9
88 9
89 9
91 9
92 9
93 9
94 9
98 9
1 10
3 10
5 10
9 10
11 10
13 10
14 10
16 10
18 10
19 10
20 10
22 10
24 10
28 10
29 10
30 10
32 10
35 10
38 10
39 10
40 10
43 10
45 10
48 10
50 10
51 10
52 10
53 10
56 10
58 10
60 10
62 10
67 10
71 10
72 10
77 10
78 10
79 10
81 10
83 10
84 10
85 10
87 10
88 10
92 10
93 10
94 10
96 10
1 11
2 11
4 11
5 11
6 11
8 11
9 11
17 11
18 11
19 11
20 11
21 11
25 11
26 11
27 11
35 11
37 11
40 11
45 11
47 11
48 11
49 11
51 11
52 11
54 11
55 11
56 11
57 11
58 11
60 11
63 11
66 11
67 11
69 11
72 11
73 11
74 11
75 11
76 11
77 11
82 11
83 11
85 11
86 11
87 11
89 11
91 11
94 11
95 11
96 11
97 11
98 11
100 11
1 12
7 12
10 12
11 12
12 12
13 12
15 12
16 12
19 12
22 12
23 12
27 12
28 12
29 12
31 12
33 12
34 12
35 12
37 12
40 12
41 12
43 12
46 12
49 12
53 12
54 12
55 12
56 12
58 12
59 12
61 12
62 12
68 12
69 12
72 12
73 12
77 12
80 12
82 12
83 12
85 12
86 12
87 12
92 12
94 12
2 13
4 13
6 13
8 13
9 13
10 13
11 13
12 13
14 13
20 13
25 13
28 13
29 13
30 13
33 13
35 13
37 13
38 13
40 13
42 13
45 13
47 13
49 13
51 13
52 13
54 13
55 13
62 13
64 13
66 13
70 13
72 13
75 13
78 13
80 13
84 13
86 13
87 13
89 13
91 13
92 13
93 13
95 13
100 13
3 14
4 14
7 14
8 14
11 14
14 14
15 14
17 14
18 14
20 14
21 14
23 14
24 14
25 14
26 14
28 14
29 14
30 14
32 14
34 14
39 14
40 14
41 14
42 14
45 14
46 14
52 14
54 14
55 14
56 14
59 14
60 14
62 14
63 14
64 14
65 14
66 14
67 14
69 14
70 14
71 14
74 14
76 14
77 14
81 14
82 14
86 14
89 14
91 14
94 14
98 14
100 14
5 15
11 15
14 15
15 15
17 15
18 15
21 15
22 15
23 15
26 15
27 15
31 15
32 15
33 15
35 15
36 15
39 15
41 15
44 15
48 15
49 15
50 15
51 15
54 15
55 15
56 15
57 15
58 15
59 15
60 15
61 15
63 15
67 15
68 15
69 15
75 15
76 15
78 15
79 15
83 15
84 15
85 15
87 15
89 15
90 15
91 15
92 15
94 15
95 15
97 15
99 15
1 16
3 16
7 16
9 16
11 16
15 16
16 16
20 16
22 16
23 16
24 16
25 16
26 16
27 16
29 16
31 16
32 16
35 16
36 16
38 16
39 16
41 16
44 16
45 16
47 16
48 16
49 16
51 16
52 16
53 16
54 16
56 16
57 16
59 16
60 16
61 16
63 16
65 16
67 16
71 16
73 16
75 16
76 16
78 16
80 16
81 16
88 16
90 16
92 16
93 16
94 16
95 16
97 16
98 16
99 16
1 17
2 17
5 17
6 17
7 17
9 17
10 17
14 17
15 17
16 17
20 17
21 17
26 17
27 17
29 17
30 17
33 17
39 17
40 17
43 17
44 17
46 17
47 17
49 17
50 17
51 17
52 17
53 17
55 17
57 17
58 17
61 17
62 17
64 17
65 17
66 17
69 17
70 17
72 17
74 17
75 17
77 17
79 17
80 17
82 17
84 17
86 17
88 17
89 17
91 17
92 17
97 17
98 17
99 17
100 17
3 18
5 18
6 18
8 18
9 18
10 18
12 18
18 18
20 18
23 18
24 18
25 18
29 18
31 18
32 18
34 18
35 18
36 18
38 18
39 18
43 18
46 18
48 18
49 18
51 18
52 18
54 18
57 18
59 18
61 18
63 18
65 18
67 18
68 18
69 18
71 18
72 18
73 18
74 18
77 18
78 18
81 18
84 18
94 18
95 18
98 18
99 18
1 19
4 19
5 19
7 19
8 19
9 19
10 19
11 19
12 19
13 19
14 19
16 19
17 19
18 19
21 19
22 19
23 19
25 19
26 19
27 19
31 19
32 19
33 19
35 19
36 19
38 19
39 19
42 19
47 19
48 19
49 19
64 19
65 19
66 19
67 19
73 19
82 19
86 19
87 19
88 19
92 19
93 19
95 19
99 19
1 20
3 20
4 20
5 20
9 20
10 20
16 20
17 20
18 20
20 20
21 20
28 20
32 20
36 20
37 20
38 20
39 20
40 20
43 20
44 20
45 20
46 20
48 20
49 20
50 20
53 20
54 20
56 20
58 20
60 20
62 20
66 20
67 20
69 20
72 20
74 20
76 20
79 20
80 20
81 20
83 20
84 20
90 20
94 20
96 20
97 20
100 20
1 21
4 21
5 21
8 21
9 21
12 21
14 21
15 21
18 21
19 21
20 21
26 21
28 21
31 21
32 21
33 21
34 21
35 21
36 21
37 21
38 21
39 21
40 21
41 21
45 21
46 21
49 21
52 21
53 21
55 21
57 21
58 21
59 21
61 21
62 21
63 21
64 21
67 21
68 21
69 21
70 21
72 21
73 21
75 21
77 21
78 21
79 21
81 21
90 21
91 21
92 21
97 21
99 21
100 21
3 22
4 22
5 22
9 22
10 22
12 22
14 22
18 22
19 22
20 22
21 22
22 22
25 22
27 22
30 22
33 22
35 22
36 22
37 22
43 22
44 22
45 22
47 22
49 22
50 22
52 22
57 22
60 22
63 22
64 22
66 22
67 22
69 22
70 22
72 22
74 22
77 22
79 22
83 22
87 22
89 22
92 22
93 22
94 22
95 22
96 22
100 22
2 23
4 23
7 23
10 23
11 23
16 23
19 23
21 23
25 23
26 23
27 23
29 23
30 23
31 23
39 23
41 23
42 23
44 23
45 23
46 23
49 23
51 23
52 23
53 23
55 23
60 23
62 23
63 23
64 23
68 23
72 23
73 23
74 23
76 23
77 23
79 23
80 23
82 23
83 23
84 23
88 23
91 23
94 23
96 23
97 23
100 23
1 24
3 24
4 24
5 24
6 24
9 24
12 24
13 24
15 24
17 24
18 24
20 24
22 24
23 24
25 24
27 24
30 24
34 24
36 24
37 24
38 24
39 24
43 24
44 24
45 24
46 24
47 24
52 24
58 24
60 24
64 24
66 24
67 24
68 24
69 24
72 24
75 24
78 24
84 24
87 24
90 24
92 24
97 24
5 25
6 25
7 25
8 25
10 25
11 25
12 25
14 25
16 25
17 25
19 25
20 25
21 25
22 25
23 25
27 25
29 25
33 25
34 25
36 25
41 25
42 25
44 25
47 25
51 25
52 25
53 25
55 25
58 25
59 25
61 25
62 25
63 25
66 25
68 25
69 25
70 25
72 25
73 25
74 25
75 25
76 25
79 25
80 25
81 25
83 25
84 25
87 25
89 25
90 25
91 25
93 25
94 25
95 25
96 25
98 25
99 25
1 26
5 26
6 26
9 26
11 26
14 26
15 26
16 26
18 26
19 26
21 26
24 26
25 26
26 26
30 26
32 26
34 26
37 26
38 26
39 26
44 26
46 26
47 26
51 26
52 26
54 26
55 26
56 26
57 26
61 26
62 26
63 26
66 26
68 26
73 26
74 26
75 26
76 26
78 26
81 26
82 26
84 26
85 26
88 26
90 26
92 26
94 26
95 26
97 26
100 26
2 27
4 27
5 27
7 27
9 27
15 27
16 27
20 27
22 27
23 27
29 27
30 27
33 27
35 27
37 27
38 27
39 27
40 27
43 27
46 27
47 27
49 27
50 27
53 27
55 27
56 27
59 27
61 27
63 27
65 27
67 27
70 27
71 27
77 27
78 27
80 27
82 27
83 27
84 27
85 27
86 27
87 27
88 27
91 27
92 27
95 27
96 27
99 27
100 27
5 28
6 28
7 28
10 28
13 28
14 28
15 28
16 28
18 28
20 28
22 28
23 28
26 28
27 28
28 28
32 28
33 28
35 28
36 28
37 28
39 28
42 28
43 28
44 28
45 28
47 28
48 28
50 28
51 28
53 28
54 28
55 28
56 28
57 28
60 28
63 28
67 28
68 28
70 28
73 28
77 28
80 28
81 28
82 28
87 28
88 28
93 28
95 28
96 28
97 28
98 28
99 28
1 29
2 29
3 29
4 29
5 29
7 29
10 29
12 29
15 29
17 29
18 29
23 29
25 29
26 29
27 29
28 29
35 29
37 29
38 29
41 29
43 29
44 29
46 29
47 29
48 29
50 29
51 29
52 29
56 29
58 29
61 29
62 29
66 29
67 29
69 29
70 29
72 29
73 29
74 29
75 29
77 29
79 29
80 29
81 29
83 29
91 29
96 29
98 29
99 29
100 29
2 30
3 30
7 30
8 30
10 30
12 30
13 30
16 30
17 30
21 30
24 30
25 30
26 30
27 30
28 30
29 30
37 30
38 30
41 30
42 30
46 30
51 30
54 30
55 30
57 30
58 30
59 30
62 30
63 30
64 30
69 30
71 30
72 30
74 30
75 30
76 30
82 30
84 30
86 30
87 30
88 30
89 30
90 30
91 30
92 30
94 30
98 30
100 30
1 31
2 31
6 31
7 31
11 31
13 31
14 31
15 31
18 31
19 31
20 31
21 31
22 31
24 31
33 31
34 31
36 31
37 31
38 31
39 31
42 31
43 31
44 31
45 31
46 31
47 31
48 31
49 31
50 31
54 31
56 31
57 31
58 31
59 31
60 31
61 31
64 31
74 31
75 31
80 31
82 31
84 31
85 31
86 31
87 31
89 31
90 31
91 31
92 31
94 31
98 31
99 31
2 32
3 32
4 32
5 32
6 32
8 32
9 32
10 32
12 32
13 32
14 32
18 32
19 32
22 32
23 32
24 32
25 32
26 32
27 32
31 32
32 32
34 32
36 32
40 32
41 32
42 32
44 32
47 32
51 32
53 32
54 32
55 32
56 32
58 32
60 32
61 32
62 32
63 32
64 32
65 32
68 32
73 32
74 32
75 32
77 32
78 32
79 32
83 32
85 32
86 32
89 32
94 32
95 32
96 32
98 32
1 33
3 33
6 33
7 33
9 33
11 33
14 33
16 33
20 33
22 33
29 33
32 33
34 33
35 33
36 33
39 33
44 33
45 33
46 33
49 33
50 33
51 33
53 33
57 33
61 33
65 33
66 33
67 33
70 33
74 33
75 33
76 33
78 33
80 33
81 33
84 33
85 33
86 33
88 33
91 33
94 33
95 33
97 33
98 33
100 33
1 34
5 34
7 34
11 34
12 34
13 34
14 34
17 34
21 34
22 34
24 34
27 34
28 34
30 34
32 34
33 34
34 34
35 34
36 34
38 34
42 34
43 34
44 34
47 34
49 34
50 34
51 34
55 34
56 34
59 34
62 34
64 34
65 34
66 34
67 34
68 34
70 34
71 34
72 34
75 34
76 34
77 34
80 34
83 34
88 34
89 34
91 34
92 34
94 34
95 34
97 34
99 34
100 34
1 35
6 35
8 35
11 35
16 35
17 35
19 35
22 35
25 35
27 35
28 35
30 35
33 35
34 35
35 35
36 35
37 35
38 35
42 35
43 35
45 35
53 35
56 35
66 35
68 35
70 35
71 35
74 35
75 35
76 35
80 35
90 35
91 35
92 35
93 35
95 35
96 35
100 35
1 36
2 36
5 36
7 36
8 36
9 36
11 36
12 36
13 36
14 36
15 36
16 36
19 36
26 36
28 36
33 36
36 36
40 36
44 36
49 36
50 36
51 36
53 36
61 36
63 36
68 36
70 36
73 36
75 36
76 36
77 36
78 36
79 36
80 36
83 36
84 36
88 36
89 36
90 36
93 36
97 36
99 36
3 37
4 37
7 37
8 37
9 37
12 37
13 37
14 37
20 37
22 37
23 37
26 37
29 37
30 37
32 37
37 37
38 37
40 37
41 37
43 37
45 37
46 37
47 37
48 37
50 37
51 37
54 37
56 37
58 37
61 37
64 37
66 37
67 37
69 37
70 37
74 37
75 37
77 37
80 37
81 37
82 37
87 37
90 37
92 37
95 37
98 37
100 37
5 38
7 38
8 38
9 38
10 38
12 38
13 38
15 38
17 38
19 38
21 38
22 38
23 38
24 38
28 38
33 38
34 38
36 38
37 38
40 38
43 38
45 38
46 38
49 38
50 38
51 38
55 38
58 38
60 38
63 38
64 38
65 38
67 38
68 38
70 38
71 38
73 38
75 38
80 38
81 38
82 38
83 38
84 38
85 38
87 38
89 38
90 38
95 38
96 38
97 38
98 38
99 38
100 38
3 39
4 39
5 39
7 39
8 39
11 39
12 39
16 39
18 39
19 39
20 39
23 39
24 39
27 39
29 39
30 39
31 39
34 39
35 39
36 39
37 39
39 39
41 39
42 39
44 39
46 39
47 39
49 39
51 39
52 39
55 39
56 39
57 39
59 39
61 39
63 39
65 39
66 39
68 39
71 39
72 39
73 39
76 39
77 39
78 39
82 39
83 39
84 39
85 39
87 39
89 39
90 39
91 39
92 39
94 39
97 39
99 39
7 40
12 40
15 40
16 40
20 40
21 40
23 40
24 40
25 40
28 40
30 40
31 40
32 40
34 40
35 40
37 40
41 40
43 40
47 40
48 40
49 40
50 40
52 40
54 40
58 40
60 40
61 40
68 40
70 40
71 40
72 40
74 40
78 40
80 40
82 40
85 40
86 40
94 40
96 40
98 40
99 40
1 41
4 41
6 41
7 41
9 41
10 41
11 41
13 41
14 41
15 41
16 41
17 41
18 41
20 41
23 41
24 41
25 41
26 41
27 41
28 41
29 41
30 41
31 41
34 41
36 41
37 41
38 41
42 41
50 41
51 41
52 41
54 41
57 41
59 41
60 41
62 41
63 41
65 41
67 41
68 41
70 41
73 41
75 41
76 41
78 41
79 41
80 41
84 41
86 41
87 41
89 41
90 41
91 41
92 41
97 41
98 41
99 41
100 41
3 42
6 42
9 42
13 42
14 42
15 42
18 42
20 42
21 42
22 42
23 42
25 42
27 42
28 42
29 42
30 42
31 42
33 42
35 42
40 42
46 42
47 42
48 42
52 42
56 42
57 42
60 42
63 42
66 42
67 42
70 42
71 42
72 42
76 42
77 42
78 42
81 42
83 42
85 42
87 42
88 42
89 42
91 42
93 42
95 42
98 42
3 43
4 43
9 43
13 43
16 43
18 43
20 43
22 43
23 43
26 43
27 43
29 43
30 43
32 43
33 43
34 43
37 43
38 43
41 43
42 43
43 43
44 43
45 43
48 43
49 43
53 43
54 43
61 43
62 43
67 43
68 43
70 43
73 43
75 43
76 43
78 43
79 43
80 43
86 43
87 43
88 43
93 43
98 43
100 43
1 44
3 44
4 44
5 44
6 44
7 44
8 44
9 44
11 44
12 44
13 44
14 44
15 44
16 44
17 44
18 44
19 44
20 44
21 44
22 44
25 44
26 44
27 44
29 44
32 44
34 44
35 44
38 44
39 44
42 44
43 44
45 44
49 44
50 44
51 44
53 44
56 44
58 44
59 44
60 44
65 44
67 44
75 44
77 44
78 44
80 44
82 44
85 44
86 44
88 44
89 44
91 44
92 44
95 44
96 44
2 45
3 45
4 45
7 45
9 45
12 45
13 45
18 45
21 45
22 45
23 45
26 45
27 45
28 45
30 45
33 45
38 45
39 45
40 45
41 45
42 45
43 45
47 45
48 45
51 45
55 45
57 45
58 45
60 45
61 45
62 45
63 45
66 45
67 45
69 45
70 45
71 45
74 45
77 45
81 45
83 45
85 45
88 45
91 45
93 45
94 45
95 45
96 45
98 45
99 45
100 45
1 46
2 46
4 46
5 46
6 46
10 46
11 46
14 46
15 46
19 46
22 46
24 46
27 46
28 46
29 46
30 46
32 46
34 46
36 46
45 46
46 46
47 46
48 46
49 46
52 46
56 46
57 46
58 46
63 46
65 46
69 46
70 46
74 46
75 46
76 46
77 46
79 46
80 46
81 46
82 46
83 46
84 46
87 46
88 46
89 46
91 46
92 46
93 46
94 46
95 46
100 46
2 47
3 47
6 47
7 47
8 47
11 47
12 47
18 47
19 47
23 47
28 47
31 47
32 47
40 47
43 47
45 47
49 47
50 47
53 47
55 47
58 47
59 47
61 47
63 47
70 47
72 47
74 47
76 47
79 47
82 47
84 47
85 47
87 47
88 47
92 47
93 47
94 47
98 47
99 47
100 47
1 48
4 48
7 48
10 48
13 48
18 48
19 48
21 48
25 48
27 48
28 48
29 48
30 48
31 48
32 48
33 48
36 48
38 48
39 48
40 48
42 48
44 48
45 48
47 48
51 48
53 48
55 48
56 48
60 48
63 48
65 48
68 48
73 48
79 48
81 48
87 48
92 48
93 48
95 48
96 48
98 48
99 48
2 49
4 49
5 49
7 49
10 49
13 49
15 49
16 49
19 49
20 49
23 49
24 49
26 49
28 49
29 49
30 49
32 49
33 49
37 49
38 49
40 49
41 49
43 49
45 49
46 49
53 49
54 49
55 49
56 49
57 49
58 49
60 49
62 49
68 49
71 49
76 49
78 49
80 49
81 49
82 49
83 49
84 49
85 49
86 49
87 49
89 49
90 49
91 49
93 49
98 49
100 49
1 50
4 50
5 50
8 50
10 50
13 50
14 50
15 50
16 50
18 50
22 50
23 50
24 50
29 50
31 50
32 50
33 50
34 50
36 50
37 50
38 50
39 50
40 50
41 50
42 50
43 50
44 50
45 50
46 50
47 50
48 50
49 50
51 50
54 50
55 50
60 50
61 50
62 50
63 50
64 50
65 50
71 50
72 50
73 50
77 50
80 50
82 50
86 50
88 50
90 50
91 50
92 50
94 50
97 50
98 50
4 51
5 51
6 51
10 51
11 51
12 51
15 51
17 51
18 51
19 51
20 51
21 51
22 51
23 51
25 51
26 51
32 51
33 51
34 51
36 51
38 51
39 51
41 51
43 51
46 51
47 51
48 51
52 51
53 51
54 51
56 51
58 51
59 51
71 51
74 51
77 51
79 51
81 51
84 51
86 51
89 51
90 51
92 51
93 51
94 51
95 51
97 51
2 52
3 52
4 52
8 52
10 52
13 52
15 52
17 52
20 52
22 52
25 52
27 52
30 52
31 52
36 52
39 52
41 52
45 52
46 52
47 52
49 52
52 52
54 52
55 52
56 52
58 52
59 52
61 52
62 52
68 52
73 52
76 52
77 52
79 52
80 52
81 52
82 52
83 52
84 52
86 52
89 52
90 52
95 52
98 52
99 52
100 52
3 53
4 53
9 53
15 53
17 53
18 53
22 53
28 53
31 53
32 53
35 53
37 53
38 53
39 53
40 53
41 53
43 53
44 53
45 53
47 53
49 53
52 53
56 53
57 53
60 53
62 53
65 53
70 53
71 53
72 53
74 53
78 53
82 53
85 53
86 53
88 53
92 53
93 53
94 53
1 54
4 54
5 54
10 54
11 54
12 54
13 54
16 54
17 54
18 54
21 54
22 54
25 54
26 54
27 54
28 54
31 54
32 54
33 54
35 54
36 54
39 54
40 54
41 54
44 54
46 54
47 54
48 54
51 54
52 54
53 54
54 54
55 54
56 54
57 54
60 54
61 54
64 54
65 54
66 54
67 54
70 54
72 54
73 54
75 54
76 54
77 54
79 54
80 54
83 54
84 54
87 54
91 54
92 54
94 54
96 54
100 54
2 55
3 55
8 55
9 55
10 55
11 55
12 55
14 55
15 55
16 55
17 55
18 55
20 55
21 55
28 55
30 55
33 55
35 55
38 55
39 55
43 55
46 55
47 55
49 55
50 55
52 55
53 55
55 55
56 55
57 55
58 55
59 55
60 55
64 55
66 55
67 55
68 55
69 55
70 55
73 55
74 55
79 55
82 55
83 55
84 55
90 55
92 55
1 56
2 56
3 56
6 56
7 56
8 56
9 56
11 56
12 56
13 56
15 56
18 56
19 56
20 56
21 56
22 56
25 56
26 56
27 56
29 56
30 56
31 56
32 56
37 56
40 56
43 56
46 56
48 56
50 56
55 56
57 56
59 56
61 56
62 56
63 56
64 56
65 56
66 56
69 56
70 56
72 56
73 56
77 56
78 56
79 56
80 56
84 56
86 56
87 56
89 56
90 56
93 56
95 56
97 56
100 56
3 57
5 57
6 57
8 57
11 57
12 57
13 57
21 57
23 57
24 57
26 57
27 57
28 57
30 57
34 57
35 57
36 57
37 57
38 57
39 57
40 57
41 57
44 57
45 57
48 57
49 57
50 57
52 57
54 57
55 57
57 57
58 57
59 57
64 57
66 57
70 57
72 57
73 57
75 57
77 57
78 57
80 57
82 57
84 57
85 57
86 57
91 57
93 57
98 57
99 57
100 57
7 58
12 58
13 58
14 58
15 58
17 58
18 58
20 58
22 58
23 58
25 58
26 58
27 58
29 58
30 58
31 58
32 58
33 58
34 58
37 58
39 58
40 58
41 58
42 58
43 58
44 58
47 58
48 58
49 58
50 58
51 58
54 58
56 58
59 58
61 58
62 58
63 58
64 58
66 58
68 58
69 58
73 58
74 58
75 58
77 58
78 58
79 58
80 58
81 58
82 58
83 58
88 58
90 58
91 58
93 58
94 58
98 58
99 58
2 59
5 59
6 59
7 59
8 59
9 59
12 59
16 59
18 59
25 59
26 59
27 59
30 59
34 59
36 59
37 59
38 59
39 59
40 59
42 59
44 59
45 59
46 59
48 59
51 59
52 59
53 59
54 59
56 59
58 59
59 59
60 59
63 59
64 59
65 59
66 59
68 59
72 59
73 59
79 59
83 59
84 59
90 59
92 59
100 59
2 60
5 60
6 60
8 60
11 60
12 60
13 60
14 60
17 60
18 60
20 60
22 60
23 60
24 60
25 60
28 60
29 60
30 60
35 60
36 60
37 60
38 60
42 60
43 60
45 60
46 60
48 60
49 60
51 60
52 60
54 60
57 60
58 60
64 60
67 60
71 60
72 60
73 60
76 60
77 60
83 60
88 60
95 60
97 60
100 60
1 61
2 61
4 61
5 61
8 61
9 61
10 61
11 61
12 61
17 61
18 61
19 61
20 61
22 61
25 61
28 61
33 61
35 61
37 61
39 61
40 61
42 61
43 61
45 61
48 61
50 61
53 61
58 61
62 61
64 61
65 61
66 61
68 61
69 61
71 61
72 61
73 61
75 61
76 61
77 61
78 61
80 61
81 61
83 61
84 61
91 61
93 61
95 61
6 62
7 62
8 62
9 62
10 62
11 62
13 62
14 62
15 62
16 62
18 62
19 62
21 62
24 62
25 62
26 62
28 62
29 62
30 62
32 62
34 62
37 62
44 62
47 62
48 62
49 62
50 62
52 62
53 62
54 62
55 62
56 62
58 62
59 62
61 62
62 62
64 62
65 62
67 62
68 62
69 62
72 62
74 62
77 62
79 62
81 62
83 62
84 62
88 62
91 62
92 62
93 62
94 62
96 62
97 62
100 62
2 63
4 63
5 63
6 63
7 63
9 63
10 63
15 63
17 63
18 63
21 63
22 63
26 63
27 63
30 63
31 63
35 63
36 63
38 63
40 63
42 63
46 63
50 63
51 63
53 63
59 63
60 63
61 63
63 63
66 63
68 63
75 63
76 63
77 63
78 63
79 63
80 63
83 63
84 63
85 63
89 63
90 63
92 63
95 63
97 63
2 64
3 64
5 64
7 64
8 64
9 64
11 64
13 64
14 64
15 64
16 64
19 64
24 64
29 64
30 64
32 64
35 64
36 64
38 64
39 64
40 64
41 64
42 64
43 64
44 64
45 64
46 64
48 64
51 64
53 64
54 64
55 64
58 64
60 64
61 64
62 64
63 64
64 64
65 64
66 64
67 64
68 64
71 64
73 64
74 64
75 64
78 64
80 64
81 64
84 64
85 64
88 64
89 64
90 64
91 64
97 64
99 64
100 64
1 65
3 65
5 65
6 65
10 65
12 65
13 65
15 65
18 65
22 65
26 65
27 65
30 65
32 65
33 65
36 65
38 65
39 65
41 65
43 65
47 65
48 65
49 65
51 65
54 65
55 65
57 65
58 65
61 65
63 65
64 65
68 65
69 65
70 65
72 65
75 65
76 65
79 65
80 65
81 65
82 65
88 65
89 65
90 65
91 65
92 65
94 65
95 65
97 65
99 65
4 66
8 66
9 66
11 66
12 66
13 66
14 66
16 66
17 66
18 66
19 66
20 66
22 66
23 66
24 66
25 66
27 66
28 66
31 66
36 66
37 66
38 66
41 66
45 66
46 66
47 66
48 66
51 66
52 66
54 66
56 66
58 66
69 66
72 66
73 66
75 66
79 66
81 66
86 66
88 66
89 66
100 66
3 67
4 67
5 67
6 67
7 67
8 67
11 67
13 67
15 67
22 67
23 67
25 67
28 67
31 67
36 67
37 67
39 67
41 67
44 67
48 67
52 67
55 67
57 67
58 67
59 67
60 67
62 67
64 67
65 67
66 67
67 67
69 67
70 67
72 67
73 67
74 67
76 67
77 67
78 67
80 67
81 67
82 67
84 67
85 67
86 67
88 67
91 67
92 67
93 67
94 67
95 67
98 67
2 68
5 68
6 68
7 68
9 68
10 68
16 68
20 68
24 68
26 68
27 68
28 68
30 68
31 68
34 68
35 68
37 68
39 68
40 68
41 68
42 68
43 68
44 68
48 68
49 68
60 68
61 68
65 68
66 68
67 68
68 68
71 68
74 68
76 68
77 68
78 68
79 68
80 68
83 68
84 68
85 68
86 68
87 68
88 68
89 68
90 68
96 68
97 68
98 68
100 68
1 69
2 69
3 69
5 69
7 69
10 69
12 69
14 69
15 69
16 69
17 69
20 69
21 69
23 69
24 69
27 69
28 69
29 69
30 69
31 69
35 69
37 69
42 69
45 69
46 69
48 69
49 69
52 69
56 69
57 69
59 69
61 69
62 69
64 69
65 69
68 69
69 69
70 69
73 69
77 69
80 69
82 69
84 69
86 69
89 69
90 69
91 69
93 69
97 69
100 69
4 70
6 70
14 70
15 70
16 70
17 70
20 70
23 70
24 70
25 70
27 70
28 70
29 70
30 70
32 70
39 70
40 70
41 70
42 70
47 70
48 70
49 70
51 70
52 70
59 70
62 70
64 70
65 70
66 70
68 70
69 70
70 70
71 70
72 70
77 70
83 70
90 70
92 70
93 70
94 70
98 70
99 70
100 70
4 71
5 71
7 71
10 71
14 71
15 71
16 71
17 71
18 71
19 71
20 71
21 71
22 71
23 71
25 71
27 71
28 71
30 71
31 71
35 71
36 71
37 71
38 71
45 71
47 71
48 71
54 71
59 71
61 71
62 71
63 71
66 71
69 71
70 71
71 71
73 71
74 71
75 71
76 71
78 71
83 71
88 71
90 71
91 71
94 71
100 71
1 72
7 72
9 72
10 72
11 72
12 72
13 72
14 72
16 72
17 72
21 72
22 72
27 72
28 72
29 72
34 72
35 72
36 72
37 72
38 72
39 72
40 72
44 72
46 72
47 72
49 72
50 72
51 72
59 72
63 72
65 72
67 72
68 72
70 72
71 72
73 72
77 72
78 72
79 72
85 72
86 72
88 72
89 72
91 72
93 72
94 72
95 72
96 72
100 72
3 73
4 73
5 73
7 73
9 73
13 73
14 73
17 73
20 73
21 73
22 73
23 73
27 73
33 73
35 73
37 73
38 73
39 73
40 73
41 73
42 73
44 73
45 73
46 73
48 73
49 73
50 73
54 73
55 73
58 73
59 73
61 73
62 73
63 73
65 73
68 73
69 73
71 73
73 73
75 73
76 73
77 73
78 73
80 73
84 73
87 73
88 73
94 73
96 73
98 73
5 74
8 74
9 74
10 74
12 74
13 74
15 74
21 74
22 74
23 74
24 74
26 74
28 74
30 74
34 74
38 74
40 74
42 74
43 74
46 74
49 74
51 74
53 74
54 74
55 74
56 74
60 74
65 74
66 74
67 74
68 74
69 74
72 74
77 74
78 74
79 74
80 74
81 74
84 74
86 74
88 74
89 74
90 74
92 74
94 74
95 74
96 74
98 74
99 74
1 75
2 75
3 75
6 75
7 75
8 75
9 75
10 75
11 75
12 75
13 75
14 75
17 75
19 75
20 75
21 75
22 75
24 75
25 75
26 75
30 75
31 75
32 75
33 75
35 75
40 75
43 75
45 75
48 75
50 75
55 75
57 75
59 75
60 75
61 75
63 75
65 75
66 75
68 75
70 75
73 75
76 75
77 75
78 75
79 75
81 75
82 75
83 75
85 75
86 75
87 75
88 75
89 75
90 75
91 75
93 75
94 75
96 75
98 75
99 75
2 76
4 76
11 76
12 76
13 76
14 76
16 76
20 76
21 76
26 76
32 76
33 76
36 76
37 76
42 76
43 76
44 76
52 76
54 76
55 76
56 76
57 76
58 76
60 76
61 76
67 76
70 76
71 76
72 76
73 76
74 76
77 76
81 76
84 76
85 76
86 76
89 76
91 76
92 76
93 76
94 76
95 76
98 76
99 76
6 77
8 77
9 77
10 77
11 77
13 77
14 77
27 77
29 77
31 77
32 77
34 77
38 77
40 77
42 77
43 77
49 77
50 77
51 77
52 77
53 77
54 77
55 77
56 77
57 77
58 77
61 77
63 77
65 77
66 77
67 77
69 77
70 77
73 77
77 77
79 77
80 77
81 77
83 77
85 77
88 77
89 77
90 77
92 77
93 77
95 77
96 77
97 77
99 77
100 77
1 78
2 78
4 78
6 78
7 78
8 78
11 78
13 78
16 78
17 78
20 78
22 78
23 78
25 78
27 78
28 78
29 78
30 78
31 78
33 78
34 78
36 78
39 78
40 78
42 78
43 78
45 78
46 78
50 78
55 78
57 78
58 78
60 78
61 78
65 78
67 78
68 78
69 78
70 78
71 78
72 78
76 78
78 78
79 78
80 78
81 78
82 78
83 78
85 78
86 78
90 78
91 78
94 78
95 78
96 78
97 78
99 78
100 78
1 79
2 79
6 79
7 79
11 79
12 79
14 79
16 79
17 79
18 79
19 79
27 79
28 79
29 79
30 79
34 79
40 79
42 79
43 79
44 79
45 79
48 79
50 79
51 79
56 79
63 79
68 79
69 79
70 79
75 79
77 79
78 79
80 79
81 79
82 79
83 79
84 79
87 79
88 79
89 79
90 79
93 79
95 79
99 79
2 80
3 80
4 80
5 80
7 80
10 80
11 80
20 80
23 80
28 80
29 80
31 80
33 80
35 80
40 80
41 80
43 80
44 80
46 80
48 80
50 80
51 80
52 80
53 80
59 80
60 80
65 80
66 80
67 80
68 80
71 80
72 80
73 80
74 80
75 80
76 80
79 80
80 80
83 80
85 80
86 80
87 80
88 80
89 80
90 80
91 80
93 80
94 80
95 80
97 80
100 80
1 81
8 81
9 81
10 81
11 81
12 81
14 81
15 81
18 81
19 81
21 81
26 81
28 81
29 81
30 81
31 81
32 81
33 81
34 81
36 81
37 81
39 81
40 81
45 81
46 81
47 81
49 81
50 81
52 81
56 81
60 81
61 81
65 81
68 81
71 81
73 81
75 81
77 81
78 81
79 81
81 81
82 81
84 81
86 81
87 81
89 81
92 81
93 81
94 81
96 81
97 81
98 81
1 82
2 82
4 82
5 82
6 82
7 82
9 82
13 82
14 82
15 82
17 82
19 82
20 82
21 82
24 82
27 82
28 82
30 82
31 82
32 82
33 82
34 82
37 82
40 82
41 82
43 82
44 82
45 82
46 82
48 82
50 82
53 82
54 82
55 82
57 82
61 82
63 82
66 82
68 82
69 82
71 82
72 82
73 82
74 82
75 82
79 82
80 82
81 82
82 82
86 82
87 82
88 82
89 82
90 82
93 82
94 82
95 82
96 82
1 83
3 83
4 83
5 83
6 83
7 83
8 83
9 83
10 83
14 83
15 83
16 83
17 83
18 83
19 83
27 83
30 83
31 83
33 83
34 83
36 83
37 83
38 83
39 83
40 83
41 83
42 83
44 83
45 83
48 83
49 83
52 83
53 83
59 83
61 83
63 83
67 83
68 83
70 83
73 83
74 83
75 83
77 83
78 83
79 83
86 83
87 83
88 83
89 83
91 83
95 83
97 83
100 83
4 84
5 84
8 84
9 84
11 84
13 84
14 84
18 84
23 84
28 84
30 84
31 84
33 84
34 84
36 84
37 84
38 84
39 84
40 84
41 84
42 84
44 84
45 84
49 84
52 84
54 84
55 84
57 84
62 84
63 84
65 84
68 84
70 84
72 84
74 84
75 84
76 84
78 84
79 84
80 84
82 84
86 84
89 84
90 84
91 84
92 84
94 84
97 84
98 84
99 84
1 85
2 85
3 85
5 85
6 85
7 85
8 85
12 85
13 85
14 85
18 85
19 85
21 85
22 85
24 85
26 85
27 85
28 85
29 85
31 85
32 85
43 85
44 85
45 85
47 85
49 85
52 85
53 85
54 85
58 85
59 85
61 85
63 85
65 85
66 85
67 85
70 85
71 85
74 85
75 85
77 85
78 85
80 85
82 85
85 85
86 85
96 85
2 86
3 86
4 86
5 86
6 86
7 86
11 86
12 86
13 86
15 86
17 86
18 86
21 86
22 86
23 86
24 86
26 86
27 86
30 86
31 86
32 86
33 86
34 86
35 86
36 86
39 86
42 86
43 86
47 86
51 86
52 86
53 86
58 86
61 86
62 86
63 86
65 86
66 86
67 86
68 86
74 86
77 86
79 86
80 86
83 86
84 86
85 86
88 86
94 86
97 86
99 86
100 86
2 87
4 87
6 87
8 87
9 87
11 87
13 87
14 87
16 87
17 87
18 87
25 87
28 87
30 87
31 87
33 87
34 87
35 87
37 87
39 87
41 87
42 87
43 87
45 87
46 87
50 87
56 87
58 87
60 87
62 87
65 87
67 87
68 87
69 87
72 87
76 87
79 87
81 87
82 87
83 87
84 87
85 87
88 87
89 87
90 87
92 87
93 87
96 87
100 87
2 88
4 88
5 88
10 88
14 88
16 88
17 88
20 88
21 88
22 88
23 88
25 88
26 88
27 88
28 88
29 88
30 88
31 88
32 88
33 88
36 88
37 88
38 88
39 88
41 88
42 88
43 88
46 88
49 88
52 88
55 88
56 88
59 88
60 88
61 88
62 88
64 88
65 88
66 88
72 88
73 88
75 88
76 88
79 88
83 88
85 88
87 88
91 88
92 88
96 88
98 88
100 88
1 89
3 89
4 89
6 89
7 89
8 89
9 89
10 89
12 89
14 89
17 89
18 89
19 89
20 89
23 89
26 89
27 89
28 89
29 89
30 89
31 89
32 89
33 89
34 89
39 89
41 89
42 89
43 89
44 89
47 89
48 89
49 89
52 89
53 89
54 89
55 89
57 89
59 89
62 89
64 89
67 89
68 89
71 89
73 89
76 89
79 89
80 89
81 89
82 89
83 89
84 89
85 89
87 89
88 89
89 89
91 89
97 89
99 89
1 90
3 90
5 90
8 90
11 90
13 90
14 90
15 90
16 90
17 90
18 90
21 90
25 90
27 90
30 90
32 90
33 90
35 90
37 90
39 90
40 90
43 90
47 90
48 90
49 90
51 90
52 90
56 90
57 90
58 90
60 90
61 90
62 90
63 90
64 90
66 90
70 90
72 90
73 90
75 90
78 90
79 90
82 90
83 90
87 90
88 90
89 90
90 90
92 90
95 90
98 90
99 90
100 90
1 91
2 91
3 91
6 91
7 91
11 91
14 91
16 91
17 91
18 91
20 91
21 91
23 91
25 91
36 91
37 91
40 91
42 91
43 91
44 91
45 91
46 91
48 91
49 91
50 91
53 91
54 91
59 91
61 91
63 91
67 91
69 91
71 91
72 91
73 91
75 91
80 91
83 91
84 91
85 91
87 91
93 91
98 91
99 91
100 91
1 92
2 92
4 92
8 92
9 92
13 92
15 92
20 92
21 92
22 92
28 92
30 92
31 92
32 92
34 92
38 92
39 92
41 92
45 92
48 92
50 92
51 92
52 92
54 92
55 92
57 92
58 92
64 92
65 92
70 92
71 92
73 92
74 92
81 92
84 92
85 92
86 92
87 92
88 92
90 92
92 92
93 92
94 92
98 92
1 93
2 93
5 93
8 93
9 93
12 93
13 93
14 93
16 93
17 93
19 93
20 93
21 93
22 93
24 93
25 93
26 93
27 93
29 93
30 93
33 93
37 93
39 93
46 93
48 93
49 93
50 93
51 93
54 93
55 93
59 93
60 93
62 93
63 93
64 93
65 93
66 93
68 93
69 93
73 93
74 93
75 93
76 93
77 93
78 93
82 93
83 93
84 93
85 93
87 93
88 93
89 93
90 93
93 93
95 93
97 93
100 93
2 94
4 94
5 94
7 94
8 94
9 94
10 94
16 94
17 94
18 94
21 94
22 94
23 94
24 94
26 94
32 94
33 94
35 94
39 94
40 94
41 94
42 94
43 94
45 94
46 94
49 94
52 94
53 94
55 94
57 94
58 94
61 94
65 94
72 94
73 94
74 94
79 94
81 94
84 94
86 94
87 94
89 94
91 94
93 94
96 94
98 94
99 94
100 94
2 95
3 95
4 95
7 95
17 95
19 95
20 95
21 95
25 95
26 95
27 95
29 95
34 95
38 95
40 95
43 95
44 95
45 95
46 95
51 95
54 95
55 95
56 95
57 95
58 95
59 95
60 95
62 95
63 95
65 95
66 95
69 95
71 95
72 95
74 95
75 95
77 95
79 95
80 95
81 95
82 95
85 95
88 95
90 95
95 95
96 95
99 95
100 95
3 96
7 96
8 96
9 96
10 96
12 96
13 96
14 96
18 96
19 96
21 96
26 96
27 96
30 96
32 96
36 96
37 96
40 96
42 96
43 96
44 96
49 96
52 96
53 96
54 96
58 96
60 96
62 96
65 96
66 96
72 96
75 96
76 96
78 96
80 96
81 96
82 96
83 96
84 96
85 96
86 96
87 96
88 96
92 96
94 96
97 96
98 96
100 96
1 97
3 97
5 97
6 97
8 97
13 97
14 97
16 97
18 97
19 97
20 97
21 97
24 97
26 97
28 97
29 97
30 97
35 97
38 97
41 97
42 97
44 97
45 97
47 97
49 97
50 97
52 97
53 97
57 97
61 97
62 97
65 97
66 97
68 97
71 97
73 97
74 97
79 97
80 97
82 97
87 97
89 97
90 97
91 97
93 97
95 97
1 98
2 98
3 98
5 98
7 98
9 98
10 98
11 98
13 98
14 98
16 98
18 98
19 98
20 98
22 98
23 98
25 98
26 98
29 98
30 98
32 98
33 98
34 98
38 98
43 98
44 98
46 98
47 98
51 98
55 98
56 98
57 98
59 98
60 98
61 98
62 98
65 98
68 98
70 98
71 98
73 98
76 98
77 98
78 98
80 98
82 98
83 98
85 98
87 98
88 98
89 98
90 98
92 98
93 98
94 98
95 98
96 98
97 98
100 98
1 99
3 99
13 99
14 99
18 99
19 99
21 99
22 99
23 99
25 99
28 99
29 99
30 99
32 99
37 99
38 99
39 99
40 99
44 99
45 99
46 99
50 99
51 99
52 99
56 99
58 99
61 99
62 99
65 99
66 99
67 99
70 99
71 99
72 99
75 99
77 99
78 99
79 99
81 99
83 99
91 99
93 99
98 99
99 99
1 100
2 100
3 100
7 100
8 100
10 100
11 100
12 100
15 100
17 100
19 100
22 100
26 100
29 100
37 100
42 100
43 100
48 100
49 100
50 100
52 100
54 100
57 100
60 100
63 100
64 100
66 100
70 100
72 100
73 100
76 100
79 100
80 100
82 100
84 100
85 100
86 100
87 100
88 100
97 100
98 100
