100
2 1
3 1
7 1
9 1
10 1
12 1
13 1
15 1
16 1
17 1
18 1
19 1
22 1
24 1
27 1
28 1
29 1
34 1
35 1
37 1
38 1
39 1
40 1
41 1
48 1
53 1
55 1
59 1
61 1
63 1
64 1
66 1
68 1
69 1
70 1
71 1
72 1
74 1
75 1
77 1
78 1
79 1
80 1
81 1
86 1
91 1
93 1
95 1
97 1
3 2
5 2
6 2
7 2
8 2
9 2
10 2
11 2
14 2
15 2
16 2
17 2
18 2
19 2
20 2
25 2
26 2
29 2
32 2
33 2
36 2
37 2
38 2
39 2
42 2
44 2
45 2
48 2
49 2
50 2
51 2
53 2
54 2
57 2
59 2
60 2
63 2
64 2
65 2
67 2
68 2
70 2
72 2
73 2
74 2
76 2
78 2
79 2
80 2
81 2
82 2
83 2
85 2
86 2
87 2
88 2
90 2
95 2
96 2
100 2
1 3
3 3
5 3
6 3
7 3
11 3
17 3
18 3
19 3
25 3
26 3
28 3
30 3
31 3
32 3
38 3
42 3
43 3
45 3
47 3
49 3
52 3
53 3
56 3
57 3
58 3
61 3
66 3
67 3
68 3
69 3
71 3
73 3
74 3
75 3
79 3
80 3
81 3
82 3
85 3
89 3
90 3
91 3
92 3
93 3
94 3
95 3
97 3
99 3
100 3
1 4
4 4
5 4
8 4
10 4
11 4
12 4
16 4
17 4
20 4
22 4
24 4
25 4
26 4
27 4
29 4
30 4
31 4
32 4
33 4
36 4
38 4
40 4
41 4
44 4
47 4
50 4
51 4
54 4
56 4
57 4
59 4
61 4
63 4
64 4
65 4
66 4
68 4
71 4
72 4
73 4
76 4
79 4
80 4
84 4
86 4
87 4
90 4
92 4
93 4
94 4
95 4
98 4
99 4
1 5
2 5
5 5
8 5
9 5
11 5
13 5
16 5
17 5
20 5
22 5
25 5
28 5
29 5
30 5
33 5
34 5
35 5
36 5
42 5
43 5
44 5
45 5
49 5
51 5
52 5
54 5
55 5
56 5
59 5
61 5
62 5
66 5
68 5
73 5
74 5
76 5
80 5
81 5
83 5
84 5
85 5
87 5
94 5
96 5
97 5
98 5
99 5
100 5
1 6
2 6
7 6
8 6
9 6
11 6
13 6
14 6
20 6
23 6
24 6
25 6
30 6
33 6
34 6
35 6
36 6
38 6
39 6
41 6
42 6
43 6
44 6
46 6
49 6
52 6
53 6
55 6
58 6
59 6
60 6
61 6
62 6
64 6
65 6
66 6
67 6
73 6
74 6
75 6
76 6
77 6
80 6
81 6
82 6
84 6
87 6
89 6
90 6
92 6
93 6
94 6
96 6
97 6
99 6
100 6
3 7
8 7
9 7
10 7
14 7
15 7
16 7
18 7
19 7
20 7
21 7
22 7
23 7
25 7
28 7
29 7
30 7
31 7
37 7
38 7
40 7
42 7
46 7
49 7
50 7
52 7
53 7
57 7
59 7
60 7
61 7
63 7
66 7
67 7
68 7
69 7
73 7
74 7
78 7
80 7
81 7
82 7
85 7
87 7
91 7
92 7
93 7
99 7
3 8
4 8
5 8
9 8
10 8
11 8
14 8
16 8
17 8
18 8
21 8
22 8
26 8
27 8
30 8
31 8
32 8
33 8
34 8
37 8
38 8
40 8
41 8
42 8
43 8
44 8
45 8
50 8
53 8
54 8
56 8
57 8
58 8
60 8
61 8
62 8
63 8
65 8
68 8
70 8
71 8
72 8
73 8
76 8
77 8
78 8
79 8
80 8
81 8
82 8
86 8
88 8
89 8
92 8
93 8
96 8
98 8
100 8
2 9
7 9
10 9
11 9
16 9
18 9
20 9
21 9
22 9
24 9
27 9
29 9
30 9
31 9
33 9
34 9
36 9
37 9
39 9
42 9
43 9
47 9
53 9
58 9
59 9
61 9
62 9
63 9
64 9
65 9
68 9
69 9
70 9
71 9
72 9
73 9
74 9
77 9
80 9
81 9
82 9
83 9
84 9
85 9
87 9
88 9
89 9
90 9
91 9
94 9
95 9
97 9
99 9
1 10
10 10
13 10
14 10
17 10
20 10
25 10
26 10
27 10
28 10
32 10
35 10
37 10
39 10
40 10
42 10
43 10
44 10
45 10
46 10
49 10
50 10
54 10
55 10
60 10
61 10
64 10
67 10
70 10
71 10
72 10
73 10
76 10
79 10
82 10
83 10
84 10
85 10
86 10
88 10
89 10
90 10
91 10
92 10
96 10
98 10
99 10
1 11
2 11
3 11
6 11
8 11
10 11
13 11
14 11
15 11
17 11
20 11
22 11
27 11
33 11
34 11
35 11
36 11
37 11
41 11
42 11
43 11
44 11
45 11
46 11
47 11
48 11
52 11
54 11
55 11
56 11
61 11
62 11
63 11
69 11
72 11
74 11
77 11
78 11
79 11
80 11
81 11
83 11
84 11
88 11
89 11
90 11
91 11
93 11
95 11
96 11
98 11
100 11
1 12
2 12
5 12
8 12
9 12
11 12
13 12
14 12
17 12
18 12
19 12
23 12
25 12
36 12
37 12
38 12
39 12
41 12
42 12
44 12
48 12
55 12
56 12
58 12
59 12
62 12
63 12
66 12
71 12
73 12
74 12
76 12
77 12
78 12
81 12
82 12
83 12
84 12
85 12
88 12
90 12
91 12
94 12
97 12
98 12
99 12
4 13
5 13
8 13
9 13
11 13
13 13
14 13
15 13
16 13
19 13
20 13
21 13
23 13
24 13
27 13
28 13
29 13
31 13
32 13
33 13
36 13
37 13
38 13
41 13
42 13
43 13
45 13
47 13
48 13
49 13
50 13
53 13
55 13
59 13
62 13
65 13
72 13
76 13
79 13
80 13
82 13
83 13
85 13
86 13
88 13
91 13
94 13
97 13
99 13
1 14
2 14
3 14
4 14
5 14
6 14
7 14
11 14
12 14
13 14
17 14
19 14
20 14
22 14
26 14
30 14
31 14
32 14
34 14
35 14
38 14
39 14
41 14
42 14
45 14
46 14
48 14
49 14
50 14
52 14
53 14
56 14
59 14
60 14
61 14
64 14
66 14
67 14
68 14
73 14
74 14
75 14
77 14
79 14
81 14
83 14
85 14
86 14
89 14
90 14
91 14
93 14
94 14
95 14
97 14
98 14
2 15
4 15
8 15
13 15
15 15
20 15
25 15
29 15
33 15
36 15
43 15
49 15
50 15
53 15
58 15
61 15
62 15
65 15
66 15
67 15
69 15
70 15
71 15
73 15
75 15
77 15
79 15
86 15
87 15
89 15
91 15
93 15
94 15
95 15
98 15
99 15
100 15
1 16
2 16
5 16
7 16
8 16
10 16
14 16
16 16
17 16
18 16
20 16
21 16
22 16
23 16
26 16
28 16
29 16
30 16
32 16
33 16
34 16
36 16
38 16
41 16
43 16
46 16
47 16
48 16
49 16
54 16
57 16
58 16
60 16
61 16
63 16
65 16
67 16
68 16
71 16
73 16
74 16
76 16
80 16
81 16
82 16
85 16
86 16
87 16
88 16
90 16
93 16
94 16
96 16
97 16
99 16
100 16
3 17
6 17
7 17
9 17
10 17
15 17
16 17
18 17
20 17
21 17
23 17
24 17
25 17
26 17
27 17
31 17
32 17
33 17
35 17
40 17
41 17
43 17
44 17
47 17
50 17
52 17
53 17
54 17
57 17
60 17
61 17
63 17
64 17
70 17
73 17
74 17
77 17
78 17
81 17
84 17
86 17
89 17
90 17
92 17
93 17
94 17
96 17
99 17
1 18
2 18
7 18
15 18
16 18
19 18
21 18
22 18
28 18
29 18
30 18
32 18
34 18
36 18
37 18
40 18
41 18
42 18
48 18
49 18
52 18
56 18
57 18
58 18
59 18
60 18
61 18
65 18
67 18
69 18
70 18
71 18
72 18
73 18
75 18
76 18
77 18
79 18
80 18
81 18
85 18
87 18
88 18
89 18
91 18
93 18
94 18
95 18
96 18
97 18
98 18
99 18
100 18
1 19
7 19
11 19
15 19
16 19
17 19
18 19
21 19
22 19
23 19
24 19
25 19
28 19
29 19
30 19
31 19
33 19
36 19
40 19
41 19
42 19
43 19
44 19
48 19
49 19
50 19
52 19
54 19
55 19
60 19
61 19
62 19
63 19
64 19
66 19
67 19
68 19
69 19
70 19
72 19
73 19
74 19
76 19
77 19
80 19
84 19
85 19
88 19
92 19
96 19
98 19
99 19
1 20
2 20
4 20
8 20
9 20
10 20
14 20
16 20
17 20
21 20
22 20
23 20
30 20
31 20
32 20
35 20
36 20
37 20
38 20
39 20
45 20
48 20
52 20
53 20
54 20
56 20
57 20
60 20
64 20
65 20
66 20
68 20
69 20
70 20
71 20
78 20
79 20
83 20
84 20
86 20
89 20
92 20
96 20
99 20
100 20
3 21
4 21
7 21
8 21
9 21
10 21
11 21
12 21
14 21
15 21
18 21
19 21
20 21
25 21
26 21
31 21
34 21
38 21
40 21
41 21
43 21
45 21
46 21
47 21
49 21
52 21
53 21
54 21
57 21
59 21
60 21
64 21
65 21
66 21
67 21
69 21
71 21
73 21
75 21
76 21
77 21
78 21
79 21
80 21
82 21
83 21
84 21
86 21
88 21
89 21
90 21
92 21
95 21
96 21
98 21
99 21
100 21
4 22
5 22
7 22
8 22
12 22
14 22
15 22
16 22
21 22
22 22
24 22
25 22
29 22
31 22
32 22
33 22
34 22
36 22
38 22
40 22
41 22
46 22
48 22
50 22
52 22
55 22
58 22
59 22
63 22
64 22
67 22
69 22
71 22
76 22
78 22
80 22
82 22
83 22
92 22
93 22
95 22
97 22
1 23
3 23
6 23
7 23
10 23
11 23
13 23
14 23
16 23
17 23
22 23
23 23
24 23
25 23
27 23
28 23
30 23
31 23
33 23
34 23
35 23
38 23
45 23
47 23
49 23
50 23
51 23
54 23
55 23
56 23
57 23
58 23
59 23
60 23
63 23
65 23
69 23
74 23
76 23
79 23
80 23
81 23
82 23
85 23
87 23
88 23
89 23
90 23
91 23
93 23
94 23
96 23
98 23
100 23
1 24
2 24
3 24
8 24
9 24
11 24
12 24
14 24
15 24
17 24
18 24
20 24
21 24
22 24
23 24
26 24
29 24
32 24
33 24
35 24
41 24
42 24
43 24
44 24
45 24
46 24
47 24
48 24
52 24
53 24
56 24
57 24
59 24
61 24
63 24
65 24
67 24
68 24
69 24
70 24
71 24
74 24
75 24
80 24
81 24
83 24
84 24
85 24
86 24
87 24
89 24
90 24
92 24
93 24
94 24
96 24
98 24
99 24
1 25
3 25
12 25
15 25
16 25
17 25
18 25
20 25
21 25
22 25
25 25
26 25
27 25
29 25
30 25
31 25
34 25
39 25
46 25
47 25
49 25
53 25
56 25
57 25
60 25
62 25
63 25
67 25
69 25
70 25
71 25
72 25
73 25
74 25
77 25
78 25
79 25
80 25
81 25
83 25
86 25
87 25
89 25
92 25
96 25
97 25
98 25
99 25
100 25
2 26
3 26
5 26
8 26
10 26
14 26
15 26
18 26
19 26
22 26
23 26
26 26
30 26
32 26
36 26
37 26
39 26
40 26
41 26
43 26
44 26
51 26
53 26
55 26
56 26
58 26
63 26
67 26
68 26
70 26
73 26
77 26
78 26
79 26
80 26
81 26
82 26
84 26
85 26
86 26
87 26
88 26
94 26
95 26
96 26
99 26
100 26
1 27
10 27
12 27
13 27
17 27
21 27
22 27
23 27
29 27
34 27
35 27
36 27
38 27
39 27
40 27
45 27
46 27
48 27
50 27
51 27
53 27
54 27
57 27
58 27
60 27
61 27
63 27
66 27
67 27
69 27
70 27
72 27
73 27
75 27
78 27
80 27
86 27
87 27
93 27
95 27
6 28
7 28
8 28
9 28
11 28
13 28
14 28
16 28
19 28
23 28
24 28
25 28
27 28
33 28
40 28
46 28
50 28
52 28
54 28
56 28
58 28
60 28
61 28
64 28
65 28
68 28
69 28
70 28
71 28
73 28
74 28
75 28
77 28
82 28
86 28
89 28
91 28
94 28
96 28
97 28
100 28
2 29
4 29
14 29
15 29
16 29
18 29
19 29
20 29
23 29
27 29
28 29
30 29
33 29
34 29
39 29
40 29
43 29
44 29
52 29
54 29
55 29
58 29
60 29
61 29
65 29
66 29
70 29
71 29
72 29
75 29
76 29
78 29
79 29
85 29
89 29
91 29
94 29
98 29
99 29
5 30
7 30
8 30
9 30
10 30
12 30
13 30
15 30
16 30
17 30
18 30
20 30
22 30
23 30
24 30
29 30
30 30
31 30
36 30
37 30
40 30
43 30
45 30
46 30
47 30
52 30
54 30
56 30
59 30
60 30
64 30
65 30
66 30
68 30
69 30
71 30
72 30
73 30
74 30
77 30
82 30
83 30
87 30
90 30
91 30
92 30
93 30
99 30
100 30
1 31
4 31
5 31
6 31
7 31
9 31
10 31
11 31
12 31
14 31
18 31
20 31
26 31
28 31
31 31
33 31
34 31
35 31
36 31
40 31
41 31
44 31
45 31
51 31
53 31
54 31
56 31
61 31
63 31
67 31
68 31
76 31
78 31
81 31
83 31
87 31
89 31
90 31
94 31
95 31
97 31
100 31
1 32
5 32
10 32
12 32
13 32
14 32
15 32
16 32
17 32
21 32
22 32
25 32
26 32
27 32
30 32
32 32
33 32
35 32
36 32
37 32
38 32
39 32
40 32
46 32
47 32
48 32
50 32
51 32
55 32
56 32
62 32
63 32
66 32
67 32
69 32
71 32
76 32
77 32
78 32
82 32
85 32
86 32
87 32
88 32
89 32
90 32
93 32
95 32
97 32
98 32
99 32
100 32
1 33
2 33
3 33
5 33
10 33
11 33
13 33
15 33
20 33
21 33
24 33
25 33
26 33
28 33
29 33
30 33
31 33
35 33
39 33
44 33
46 33
47 33
50 33
51 33
53 33
55 33
58 33
60 33
62 33
64 33
69 33
71 33
73 33
75 33
76 33
78 33
79 33
81 33
83 33
84 33
85 33
87 33
89 33
90 33
96 33
97 33
99 33
1 34
3 34
4 34
6 34
8 34
9 34
13 34
16 34
18 34
21 34
23 34
26 34
27 34
29 34
32 34
34 34
36 34
38 34
43 34
47 34
51 34
52 34
53 34
54 34
56 34
58 34
59 34
60 34
64 34
69 34
70 34
72 34
75 34
76 34
83 34
86 34
87 34
88 34
89 34
90 34
91 34
92 34
93 34
94 34
95 34
98 34
99 34
1 35
4 35
5 35
7 35
8 35
12 35
13 35
14 35
15 35
17 35
18 35
22 35
25 35
26 35
27 35
29 35
32 35
34 35
38 35
39 35
42 35
43 35
44 35
46 35
47 35
49 35
50 35
52 35
53 35
54 35
56 35
61 35
64 35
69 35
70 35
73 35
77 35
78 35
80 35
82 35
83 35
84 35
86 35
87 35
89 35
91 35
93 35
94 35
95 35
97 35
98 35
99 35
100 35
1 36
2 36
3 36
4 36
5 36
6 36
7 36
9 36
10 36
12 36
13 36
15 36
17 36
19 36
21 36
23 36
24 36
25 36
26 36
31 36
33 36
37 36
39 36
40 36
43 36
44 36
48 36
51 36
55 36
59 36
60 36
63 36
67 36
68 36
70 36
72 36
74 36
77 36
81 36
82 36
84 36
85 36
87 36
88 36
91 36
93 36
94 36
95 36
97 36
98 36
100 36
3 37
4 37
5 37
6 37
7 37
9 37
10 37
11 37
15 37
16 37
18 37
20 37
24 37
26 37
27 37
28 37
29 37
30 37
35 37
36 37
39 37
43 37
45 37
49 37
50 37
51 37
53 37
55 37
58 37
59 37
61 37
62 37
64 37
65 37
66 37
68 37
71 37
73 37
75 37
76 37
77 37
80 37
83 37
84 37
85 37
86 37
87 37
88 37
89 37
94 37
95 37
97 37
98 37
100 37
2 38
3 38
5 38
8 38
9 38
10 38
12 38
16 38
17 38
24 38
25 38
26 38
29 38
31 38
35 38
36 38
37 38
38 38
40 38
45 38
50 38
52 38
53 38
54 38
57 38
58 38
60 38
62 38
63 38
64 38
66 38
67 38
68 38
69 38
70 38
71 38
74 38
79 38
82 38
86 38
87 38
88 38
89 38
90 38
91 38
92 38
93 38
96 38
97 38
100 38
1 39
3 39
4 39
5 39
7 39
10 39
11 39
18 39
20 39
23 39
24 39
25 39
26 39
27 39
30 39
32 39
33 39
34 39
35 39
37 39
38 39
40 39
42 39
47 39
48 39
50 39
51 39
54 39
56 39
57 39
58 39
59 39
60 39
62 39
66 39
67 39
70 39
72 39
74 39
75 39
79 39
80 39
81 39
82 39
83 39
87 39
91 39
92 39
93 39
95 39
97 39
100 39
2 40
3 40
4 40
5 40
6 40
7 40
8 40
12 40
16 40
17 40
18 40
20 40
22 40
25 40
26 40
31 40
32 40
33 40
34 40
36 40
40 40
42 40
45 40
48 40
50 40
52 40
55 40
61 40
62 40
63 40
68 40
72 40
73 40
74 40
77 40
79 40
80 40
81 40
82 40
85 40
86 40
88 40
90 40
91 40
92 40
94 40
97 40
99 40
100 40
1 41
3 41
4 41
5 41
7 41
9 41
11 41
12 41
13 41
14 41
15 41
17 41
19 41
22 41
23 41
24 41
25 41
26 41
28 41
29 41
31 41
32 41
33 41
36 41
42 41
43 41
51 41
52 41
53 41
55 41
61 41
62 41
65 41
67 41
71 41
73 41
75 41
82 41
84 41
85 41
86 41
88 41
89 41
92 41
94 41
96 41
97 41
98 41
2 42
3 42
6 42
9 42
14 42
16 42
17 42
20 42
22 42
23 42
27 42
29 42
31 42
33 42
35 42
36 42
37 42
38 42
41 42
42 42
44 42
45 42
46 42
47 42
48 42
49 42
50 42
51 42
52 42
53 42
54 42
60 42
62 42
63 42
65 42
66 42
68 42
70 42
71 42
74 42
75 42
83 42
84 42
87 42
91 42
93 42
94 42
95 42
97 42
98 42
100 42
1 43
2 43
3 43
4 43
7 43
10 43
11 43
12 43
14 43
16 43
19 43
20 43
21 43
22 43
23 43
24 43
26 43
27 43
28 43
30 43
32 43
35 43
39 43
42 43
43 43
44 43
45 43
46 43
50 43
51 43
53 43
54 43
58 43
59 43
60 43
61 43
65 43
68 43
70 43
72 43
74 43
77 43
79 43
80 43
81 43
82 43
83 43
85 43
86 43
87 43
88 43
91 43
93 43
94 43
98 43
99 43
1 44
3 44
4 44
5 44
6 44
9 44
10 44
11 44
12 44
13 44
23 44
26 44
27 44
28 44
32 44
34 44
36 44
37 44
38 44
42 44
43 44
44 44
47 44
48 44
49 44
51 44
54 44
62 44
63 44
64 44
66 44
69 44
72 44
74 44
77 44
81 44
87 44
89 44
90 44
91 44
93 44
95 44
96 44
97 44
98 44
99 44
1 45
2 45
4 45
5 45
6 45
8 45
10 45
13 45
15 45
19 45
21 45
22 45
24 45
25 45
31 45
33 45
34 45
36 45
37 45
38 45
39 45
41 45
42 45
46 45
49 45
51 45
53 45
55 45
56 45
57 45
59 45
60 45
61 45
64 45
65 45
68 45
69 45
72 45
75 45
79 45
81 45
86 45
87 45
88 45
89 45
91 45
92 45
95 45
97 45
98 45
99 45
100 45
2 46
3 46
5 46
8 46
10 46
11 46
18 46
19 46
20 46
21 46
27 46
29 46
31 46
32 46
33 46
35 46
37 46
40 46
42 46
43 46
46 46
47 46
49 46
50 46
51 46
52 46
53 46
54 46
56 46
60 46
62 46
64 46
66 46
67 46
70 46
71 46
77 46
80 46
81 46
82 46
83 46
84 46
86 46
87 46
88 46
89 46
92 46
93 46
97 46
100 46
2 47
4 47
7 47
8 47
9 47
10 47
19 47
20 47
21 47
27 47
28 47
29 47
30 47
31 47
34 47
36 47
39 47
40 47
43 47
44 47
45 47
48 47
50 47
51 47
55 47
57 47
60 47
63 47
65 47
66 47
67 47
68 47
69 47
72 47
73 47
74 47
76 47
78 47
79 47
80 47
81 47
82 47
83 47
84 47
88 47
89 47
92 47
93 47
98 47
1 48
4 48
5 48
6 48
7 48
9 48
11 48
12 48
13 48
14 48
15 48
22 48
23 48
26 48
31 48
33 48
34 48
35 48
36 48
37 48
42 48
44 48
45 48
47 48
48 48
49 48
53 48
61 48
62 48
66 48
67 48
71 48
72 48
77 48
78 48
80 48
81 48
84 48
85 48
86 48
87 48
88 48
90 48
91 48
92 48
95 48
98 48
2 49
3 49
4 49
5 49
9 49
10 49
12 49
17 49
21 49
25 49
28 49
34 49
43 49
46 49
48 49
49 49
50 49
51 49
52 49
54 49
56 49
57 49
58 49
59 49
61 49
62 49
63 49
65 49
68 49
72 49
73 49
74 49
77 49
78 49
79 49
80 49
81 49
86 49
88 49
93 49
94 49
97 49
99 49
1 50
5 50
6 50
9 50
10 50
11 50
13 50
14 50
16 50
17 50
18 50
28 50
31 50
32 50
34 50
46 50
48 50
50 50
55 50
58 50
59 50
60 50
61 50
64 50
65 50
68 50
70 50
71 50
73 50
75 50
76 50
79 50
81 50
86 50
88 50
89 50
90 50
92 50
93 50
95 50
99 50
3 51
4 51
9 51
10 51
11 51
12 51
14 51
15 51
16 51
17 51
18 51
20 51
21 51
22 51
23 51
24 51
25 51
26 51
27 51
29 51
32 51
33 51
38 51
39 51
40 51
42 51
43 51
44 51
48 51
51 51
52 51
53 51
56 51
57 51
58 51
59 51
60 51
65 51
66 51
70 51
72 51
73 51
74 51
75 51
77 51
78 51
80 51
81 51
83 51
85 51
87 51
88 51
91 51
92 51
93 51
94 51
95 51
97 51
99 51
2 52
3 52
10 52
11 52
13 52
16 52
19 52
20 52
21 52
24 52
25 52
26 52
28 52
29 52
30 52
33 52
37 52
39 52
40 52
42 52
43 52
44 52
47 52
48 52
53 52
59 52
60 52
63 52
64 52
65 52
67 52
68 52
69 52
71 52
73 52
75 52
76 52
79 52
81 52
82 52
83 52
89 52
90 52
92 52
93 52
94 52
98 52
99 52
4 53
8 53
13 53
14 53
17 53
18 53
19 53
23 53
24 53
28 53
29 53
31 53
32 53
34 53
35 53
39 53
40 53
41 53
44 53
48 53
49 53
51 53
54 53
56 53
58 53
59 53
60 53
61 53
64 53
65 53
67 53
68 53
71 53
72 53
73 53
76 53
79 53
80 53
83 53
87 53
89 53
93 53
95 53
97 53
98 53
99 53
100 53
1 54
6 54
9 54
10 54
14 54
16 54
17 54
18 54
19 54
23 54
24 54
27 54
28 54
29 54
39 54
40 54
41 54
44 54
47 54
50 54
51 54
52 54
56 54
58 54
60 54
62 54
64 54
65 54
67 54
68 54
69 54
72 54
75 54
77 54
80 54
82 54
85 54
86 54
87 54
90 54
91 54
97 54
98 54
99 54
100 54
1 55
2 55
3 55
6 55
8 55
9 55
11 55
12 55
16 55
17 55
18 55
21 55
24 55
25 55
27 55
28 55
31 55
32 55
34 55
35 55
37 55
38 55
39 55
41 55
42 55
44 55
45 55
47 55
49 55
50 55
56 55
59 55
62 55
64 55
66 55
67 55
69 55
70 55
72 55
73 55
74 55
77 55
80 55
82 55
85 55
86 55
87 55
88 55
90 55
93 55
94 55
96 55
97 55
98 55
100 55
1 56
2 56
4 56
5 56
6 56
7 56
8 56
9 56
11 56
13 56
15 56
16 56
19 56
20 56
21 56
24 56
27 56
28 56
30 56
32 56
34 56
35 56
40 56
41 56
43 56
45 56
47 56
48 56
49 56
50 56
51 56
55 56
56 56
57 56
58 56
60 56
61 56
62 56
65 56
69 56
73 56
77 56
81 56
83 56
84 56
87 56
91 56
95 56
99 56
100 56
1 57
5 57
6 57
7 57
9 57
11 57
15 57
16 57
17 57
18 57
22 57
29 57
31 57
32 57
34 57
38 57
39 57
41 57
44 57
47 57
48 57
51 57
52 57
54 57
60 57
61 57
63 57
65 57
66 57
70 57
72 57
79 57
80 57
85 57
86 57
90 57
94 57
98 57
99 57
100 57
2 58
5 58
6 58
7 58
9 58
11 58
12 58
13 58
15 58
20 58
22 58
29 58
31 58
32 58
33 58
35 58
40 58
41 58
42 58
43 58
51 58
52 58
53 58
54 58
58 58
59 58
61 58
62 58
64 58
66 58
67 58
68 58
71 58
72 58
73 58
74 58
78 58
79 58
81 58
82 58
83 58
84 58
85 58
86 58
87 58
90 58
92 58
96 58
99 58
1 59
3 59
6 59
8 59
9 59
10 59
12 59
17 59
20 59
21 59
24 59
25 59
26 59
32 59
33 59
35 59
38 59
41 59
43 59
44 59
47 59
49 59
50 59
51 59
52 59
55 59
57 59
59 59
60 59
63 59
65 59
69 59
71 59
74 59
76 59
78 59
79 59
80 59
81 59
84 59
90 59
91 59
94 59
95 59
96 59
98 59
1 60
2 60
5 60
6 60
7 60
9 60
10 60
11 60
12 60
15 60
18 60
21 60
22 60
25 60
26 60
30 60
31 60
32 60
34 60
35 60
38 60
40 60
46 60
49 60
52 60
53 60
55 60
56 60
57 60
60 60
62 60
64 60
67 60
70 60
72 60
73 60
75 60
76 60
77 60
78 60
79 60
81 60
85 60
92 60
93 60
94 60
95 60
97 60
98 60
3 61
10 61
11 61
12 61
13 61
15 61
16 61
18 61
19 61
22 61
23 61
24 61
25 61
28 61
30 61
33 61
34 61
35 61
37 61
40 61
43 61
45 61
46 61
47 61
48 61
50 61
52 61
54 61
56 61
59 61
63 61
64 61
65 61
67 61
71 61
75 61
77 61
78 61
81 61
85 61
86 61
89 61
92 61
94 61
97 61
98 61
100 61
1 62
3 62
6 62
14 62
16 62
17 62
18 62
21 62
24 62
25 62
26 62
27 62
28 62
31 62
33 62
36 62
39 62
40 62
42 62
45 62
47 62
48 62
50 62
52 62
55 62
56 62
58 62
59 62
62 62
63 62
65 62
66 62
69 62
73 62
74 62
75 62
76 62
79 62
82 62
84 62
85 62
86 62
87 62
88 62
91 62
92 62
93 62
95 62
97 62
98 62
100 62
2 63
5 63
6 63
7 63
8 63
9 63
10 63
13 63
15 63
18 63
21 63
24 63
25 63
26 63
28 63
31 63
34 63
35 63
37 63
38 63
40 63
41 63
42 63
43 63
46 63
47 63
48 63
50 63
51 63
52 63
53 63
54 63
55 63
57 63
60 63
61 63
62 63
64 63
66 63
67 63
69 63
71 63
72 63
73 63
74 63
76 63
79 63
81 63
83 63
84 63
85 63
88 63
90 63
94 63
95 63
96 63
98 63
99 63
1 64
2 64
5 64
9 64
10 64
12 64
14 64
19 64
21 64
22 64
34 64
36 64
39 64
45 64
46 64
47 64
49 64
50 64
51 64
53 64
56 64
58 64
59 64
62 64
63 64
66 64
68 64
69 64
73 64
74 64
75 64
77 64
79 64
80 64
87 64
88 64
89 64
93 64
94 64
95 64
96 64
97 64
98 64
99 64
100 64
3 65
5 65
8 65
12 65
16 65
17 65
19 65
22 65
23 65
25 65
26 65
27 65
28 65
31 65
32 65
34 65
39 65
40 65
42 65
51 65
52 65
59 65
61 65
64 65
66 65
67 65
68 65
70 65
71 65
73 65
74 65
76 65
78 65
79 65
80 65
84 65
90 65
92 65
93 65
95 65
96 65
97 65
1 66
4 66
5 66
6 66
9 66
10 66
12 66
15 66
17 66
22 66
23 66
24 66
25 66
26 66
28 66
31 66
32 66
33 66
34 66
35 66
36 66
41 66
43 66
44 66
45 66
46 66
47 66
48 66
51 66
52 66
53 66
54 66
55 66
57 66
58 66
59 66
61 66
63 66
65 66
66 66
69 66
71 66
72 66
75 66
76 66
77 66
80 66
85 66
86 66
88 66
93 66
94 66
96 66
97 66
99 66
100 66
1 67
4 67
7 67
8 67
10 67
11 67
16 67
17 67
18 67
20 67
24 67
26 67
30 67
32 67
37 67
38 67
41 67
42 67
46 67
48 67
49 67
51 67
53 67
57 67
58 67
60 67
62 67
66 67
67 67
68 67
69 67
71 67
72 67
73 67
75 67
76 67
77 67
78 67
81 67
83 67
85 67
86 67
87 67
88 67
91 67
92 67
94 67
96 67
98 67
3 68
5 68
7 68
10 68
12 68
13 68
15 68
17 68
19 68
20 68
26 68
27 68
28 68
31 68
32 68
33 68
35 68
40 68
41 68
42 68
46 68
47 68
49 68
50 68
51 68
53 68
55 68
57 68
62 68
64 68
65 68
68 68
71 68
72 68
74 68
77 68
78 68
82 68
85 68
88 68
89 68
91 68
92 68
93 68
94 68
98 68
99 68
2 69
7 69
8 69
10 69
11 69
12 69
14 69
18 69
19 69
20 69
23 69
26 69
27 69
28 69
29 69
32 69
33 69
34 69
36 69
38 69
42 69
43 69
44 69
45 69
46 69
51 69
53 69
54 69
56 69
59 69
62 69
67 69
69 69
71 69
72 69
74 69
75 69
78 69
79 69
82 69
84 69
85 69
86 69
87 69
90 69
91 69
92 69
93 69
96 69
100 69
1 70
4 70
5 70
7 70
9 70
10 70
12 70
13 70
15 70
18 70
21 70
23 70
25 70
26 70
27 70
28 70
32 70
33 70
35 70
38 70
40 70
43 70
44 70
45 70
46 70
47 70
50 70
53 70
54 70
57 70
58 70
59 70
61 70
62 70
63 70
64 70
65 70
66 70
69 70
77 70
79 70
82 70
83 70
84 70
85 70
86 70
89 70
90 70
91 70
92 70
94 70
100 70
1 71
6 71
8 71
13 71
17 71
22 71
23 71
26 71
27 71
29 71
30 71
33 71
41 71
45 71
46 71
47 71
48 71
52 71
58 71
60 71
61 71
63 71
64 71
65 71
68 71
69 71
70 71
72 71
73 71
74 71
77 71
78 71
81 71
82 71
84 71
85 71
90 71
92 71
95 71
97 71
98 71
100 71
4 72
5 72
7 72
9 72
13 72
15 72
16 72
17 72
18 72
19 72
20 72
21 72
22 72
23 72
25 72
29 72
30 72
31 72
32 72
34 72
35 72
37 72
43 72
44 72
46 72
47 72
48 72
49 72
51 72
52 72
53 72
54 72
55 72
57 72
58 72
59 72
60 72
63 72
66 72
67 72
68 72
69 72
70 72
71 72
73 72
75 72
76 72
78 72
80 72
83 72
85 72
89 72
91 72
92 72
97 72
99 72
1 73
2 73
3 73
4 73
5 73
6 73
9 73
10 73
11 73
14 73
16 73
20 73
21 73
23 73
25 73
26 73
28 73
29 73
33 73
35 73
38 73
39 73
40 73
45 73
47 73
48 73
52 73
54 73
55 73
58 73
59 73
60 73
61 73
62 73
64 73
67 73
68 73
69 73
70 73
77 73
79 73
80 73
83 73
84 73
86 73
87 73
89 73
90 73
91 73
95 73
96 73
97 73
99 73
100 73
1 74
4 74
5 74
8 74
9 74
11 74
14 74
20 74
21 74
25 74
26 74
27 74
28 74
31 74
34 74
39 74
40 74
41 74
42 74
43 74
44 74
46 74
52 74
54 74
55 74
57 74
58 74
64 74
65 74
66 74
68 74
69 74
70 74
73 74
74 74
77 74
78 74
79 74
81 74
83 74
85 74
90 74
91 74
94 74
97 74
98 74
99 74
1 75
3 75
7 75
9 75
11 75
13 75
14 75
15 75
17 75
18 75
21 75
22 75
24 75
25 75
26 75
31 75
33 75
36 75
40 75
42 75
43 75
44 75
46 75
50 75
55 75
56 75
57 75
60 75
61 75
67 75
68 75
70 75
71 75
72 75
73 75
75 75
79 75
81 75
83 75
84 75
86 75
90 75
93 75
96 75
97 75
99 75
1 76
2 76
3 76
7 76
8 76
9 76
10 76
11 76
12 76
13 76
14 76
15 76
16 76
18 76
19 76
20 76
21 76
24 76
25 76
27 76
28 76
31 76
34 76
35 76
43 76
45 76
46 76
47 76
55 76
56 76
58 76
59 76
60 76
61 76
63 76
65 76
67 76
70 76
74 76
75 76
80 76
84 76
85 76
87 76
88 76
93 76
95 76
97 76
99 76
1 77
2 77
3 77
5 77
8 77
11 77
14 77
16 77
19 77
21 77
22 77
26 77
29 77
30 77
33 77
34 77
35 77
36 77
37 77
38 77
40 77
42 77
44 77
45 77
49 77
50 77
54 77
55 77
56 77
57 77
60 77
61 77
62 77
63 77
64 77
65 77
68 77
70 77
76 77
77 77
78 77
79 77
80 77
82 77
85 77
88 77
90 77
91 77
92 77
93 77
96 77
97 77
98 77
99 77
100 77
1 78
2 78
3 78
7 78
8 78
10 78
12 78
15 78
16 78
17 78
22 78
24 78
25 78
26 78
27 78
28 78
29 78
31 78
32 78
33 78
36 78
37 78
38 78
39 78
40 78
41 78
43 78
44 78
45 78
47 78
48 78
49 78
50 78
52 78
57 78
59 78
60 78
66 78
70 78
72 78
73 78
74 78
75 78
76 78
78 78
79 78
80 78
81 78
82 78
85 78
86 78
87 78
92 78
94 78
95 78
99 78
1 79
2 79
3 79
6 79
7 79
11 79
13 79
14 79
15 79
16 79
18 79
20 79
22 79
24 79
25 79
26 79
28 79
30 79
31 79
33 79
34 79
35 79
36 79
37 79
41 79
43 79
44 79
45 79
46 79
47 79
48 79
50 79
52 79
54 79
56 79
58 79
65 79
67 79
69 79
70 79
71 79
72 79
77 79
80 79
81 79
82 79
83 79
85 79
87 79
90 79
92 79
93 79
96 79
99 79
2 80
3 80
5 80
6 80
11 80
13 80
14 80
16 80
17 80
19 80
20 80
21 80
23 80
24 80
31 80
32 80
33 80
34 80
37 80
38 80
39 80
40 80
43 80
45 80
46 80
47 80
48 80
49 80
53 80
54 80
56 80
57 80
58 80
59 80
60 80
61 80
62 80
63 80
64 80
66 80
67 80
68 80
69 80
72 80
73 80
76 80
77 80
78 80
81 80
83 80
84 80
86 80
87 80
88 80
92 80
95 80
96 80
97 80
2 81
4 81
7 81
8 81
10 81
12 81
13 81
15 81
16 81
22 81
23 81
25 81
26 81
32 81
39 81
40 81
41 81
44 81
45 81
46 81
48 81
50 81
54 81
55 81
59 81
62 81
65 81
67 81
69 81
70 81
72 81
76 81
77 81
79 81
80 81
90 81
92 81
93 81
94 81
96 81
98 81
1 82
2 82
3 82
4 82
6 82
9 82
11 82
12 82
14 82
15 82
17 82
18 82
19 82
22 82
23 82
24 82
25 82
26 82
27 82
28 82
30 82
31 82
37 82
44 82
46 82
48 82
50 82
52 82
53 82
54 82
55 82
56 82
57 82
58 82
59 82
61 82
62 82
63 82
66 82
67 82
68 82
69 82
70 82
71 82
72 82
76 82
79 82
80 82
81 82
82 82
84 82
85 82
87 82
88 82
90 82
92 82
95 82
96 82
97 82
98 82
99 82
2 83
3 83
5 83
6 83
7 83
9 83
10 83
15 83
16 83
19 83
21 83
22 83
24 83
25 83
27 83
28 83
29 83
33 83
34 83
37 83
39 83
40 83
41 83
46 83
48 83
49 83
51 83
55 83
56 83
57 83
59 83
60 83
61 83
62 83
65 83
66 83
67 83
70 83
73 83
74 83
75 83
80 83
81 83
83 83
84 83
85 83
87 83
88 83
90 83
91 83
94 83
95 83
98 83
99 83
100 83
3 84
5 84
8 84
10 84
12 84
13 84
15 84
21 84
24 84
26 84
27 84
30 84
31 84
32 84
33 84
39 84
40 84
41 84
42 84
44 84
46 84
47 84
48 84
49 84
52 84
53 84
54 84
58 84
62 84
65 84
66 84
67 84
68 84
70 84
71 84
72 84
76 84
80 84
82 84
84 84
85 84
86 84
87 84
91 84
92 84
94 84
95 84
97 84
98 84
99 84
100 84
4 85
6 85
7 85
9 85
12 85
13 85
14 85
16 85
17 85
21 85
22 85
23 85
26 85
28 85
29 85
31 85
32 85
33 85
35 85
36 85
41 85
43 85
44 85
45 85
47 85
53 85
54 85
55 85
56 85
59 85
60 85
61 85
62 85
65 85
66 85
69 85
74 85
76 85
77 85
83 85
86 85
88 85
91 85
92 85
98 85
99 85
1 86
3 86
4 86
5 86
7 86
9 86
11 86
14 86
15 86
16 86
17 86
19 86
20 86
22 86
23 86
25 86
26 86
30 86
34 86
36 86
37 86
38 86
42 86
45 86
48 86
49 86
50 86
52 86
54 86
55 86
56 86
58 86
59 86
60 86
62 86
63 86
64 86
65 86
67 86
68 86
71 86
72 86
73 86
75 86
76 86
80 86
84 86
87 86
90 86
92 86
93 86
95 86
97 86
99 86
2 87
3 87
4 87
5 87
6 87
7 87
8 87
11 87
12 87
15 87
16 87
18 87
22 87
25 87
27 87
28 87
29 87
31 87
32 87
34 87
36 87
37 87
38 87
39 87
41 87
42 87
45 87
46 87
47 87
49 87
50 87
51 87
54 87
55 87
57 87
59 87
62 87
63 87
65 87
66 87
67 87
71 87
72 87
73 87
74 87
77 87
82 87
83 87
84 87
85 87
86 87
91 87
95 87
97 87
98 87
99 87
1 88
2 88
3 88
5 88
8 88
9 88
12 88
13 88
14 88
15 88
19 88
20 88
21 88
22 88
23 88
24 88
25 88
26 88
27 88
29 88
30 88
31 88
32 88
33 88
34 88
35 88
36 88
37 88
43 88
46 88
49 88
50 88
51 88
53 88
55 88
56 88
57 88
58 88
60 88
62 88
66 88
67 88
69 88
70 88
72 88
74 88
75 88
77 88
78 88
80 88
83 88
84 88
87 88
89 88
90 88
91 88
97 88
1 89
2 89
4 89
6 89
8 89
11 89
12 89
14 89
18 89
20 89
22 89
23 89
24 89
26 89
27 89
28 89
32 89
35 89
36 89
37 89
38 89
39 89
40 89
43 89
44 89
45 89
46 89
48 89
49 89
53 89
58 89
63 89
66 89
67 89
69 89
71 89
72 89
73 89
75 89
76 89
77 89
79 89
80 89
81 89
83 89
85 89
86 89
88 89
91 89
92 89
97 89
98 89
99 89
1 90
2 90
3 90
5 90
7 90
8 90
9 90
10 90
11 90
13 90
14 90
15 90
16 90
19 90
21 90
22 90
23 90
24 90
26 90
27 90
28 90
32 90
36 90
38 90
40 90
42 90
43 90
44 90
45 90
47 90
48 90
49 90
50 90
53 90
54 90
55 90
58 90
62 90
65 90
68 90
69 90
71 90
72 90
75 90
76 90
78 90
79 90
80 90
86 90
88 90
89 90
92 90
94 90
95 90
98 90
1 91
2 91
4 91
5 91
8 91
9 91
10 91
14 91
15 91
16 91
18 91
20 91
21 91
24 91
25 91
26 91
32 91
34 91
36 91
43 91
46 91
49 91
52 91
53 91
55 91
57 91
58 91
61 91
62 91
65 91
68 91
69 91
71 91
73 91
74 91
83 91
84 91
85 91
91 91
93 91
99 91
1 92
2 92
3 92
5 92
8 92
9 92
11 92
14 92
18 92
22 92
23 92
25 92
28 92
29 92
30 92
33 92
34 92
37 92
43 92
44 92
46 92
47 92
50 92
52 92
54 92
55 92
56 92
57 92
59 92
65 92
69 92
70 92
71 92
73 92
76 92
77 92
78 92
82 92
84 92
85 92
86 92
87 92
91 92
92 92
93 92
94 92
96 92
98 92
99 92
1 93
5 93
9 93
11 93
13 93
14 93
16 93
18 93
19 93
21 93
24 93
28 93
29 93
30 93
34 93
35 93
36 93
37 93
40 93
41 93
43 93
44 93
46 93
50 93
52 93
53 93
54 93
55 93
56 93
61 93
65 93
70 93
71 93
72 93
74 93
76 93
79 93
80 93
82 93
84 93
85 93
88 93
92 93
93 93
94 93
95 93
96 93
97 93
99 93
1 94
2 94
3 94
6 94
10 94
13 94
18 94
20 94
23 94
34 94
35 94
36 94
38 94
40 94
44 94
45 94
46 94
47 94
48 94
50 94
52 94
54 94
55 94
59 94
61 94
63 94
67 94
68 94
70 94
75 94
76 94
77 94
78 94
80 94
81 94
83 94
84 94
86 94
87 94
88 94
91 94
92 94
96 94
97 94
98 94
99 94
100 94
2 95
3 95
5 95
7 95
10 95
11 95
13 95
14 95
19 95
20 95
22 95
23 95
26 95
29 95
30 95
31 95
32 95
33 95
34 95
35 95
36 95
37 95
41 95
42 95
43 95
44 95
47 95
54 95
55 95
56 95
58 95
59 95
60 95
61 95
62 95
64 95
65 95
68 95
69 95
71 95
73 95
77 95
78 95
79 95
80 95
85 95
88 95
90 95
91 95
94 95
95 95
96 95
97 95
98 95
99 95
5 96
6 96
7 96
8 96
9 96
12 96
13 96
14 96
18 96
22 96
26 96
27 96
28 96
29 96
31 96
34 96
36 96
37 96
38 96
40 96
43 96
45 96
47 96
49 96
51 96
52 96
53 96
54 96
59 96
60 96
61 96
62 96
63 96
64 96
70 96
72 96
73 96
74 96
75 96
77 96
78 96
79 96
80 96
81 96
82 96
84 96
90 96
97 96
2 97
5 97
6 97
7 97
8 97
13 97
15 97
16 97
19 97
21 97
25 97
26 97
27 97
31 97
32 97
33 97
36 97
37 97
40 97
43 97
48 97
50 97
52 97
53 97
58 97
59 97
60 97
61 97
62 97
66 97
67 97
69 97
70 97
71 97
72 97
73 97
76 97
77 97
80 97
82 97
83 97
85 97
86 97
90 97
91 97
92 97
94 97
97 97
99 97
100 97
1 98
2 98
3 98
5 98
6 98
8 98
11 98
12 98
13 98
15 98
18 98
22 98
23 98
24 98
29 98
30 98
32 98
33 98
35 98
36 98
37 98
40 98
45 98
47 98
50 98
52 98
53 98
54 98
56 98
60 98
62 98
65 98
66 98
67 98
71 98
72 98
74 98
76 98
77 98
80 98
81 98
84 98
87 98
89 98
90 98
91 98
93 98
94 98
96 98
98 98
99 98
2 99
3 99
4 99
8 99
9 99
13 99
14 99
15 99
16 99
17 99
18 99
22 99
26 99
27 99
29 99
30 99
31 99
35 99
36 99
37 99
39 99
41 99
42 99
43 99
48 99
50 99
53 99
55 99
56 99
58 99
59 99
60 99
61 99
62 99
65 99
66 99
68 99
69 99
70 99
71 99
73 99
74 99
76 99
77 99
79 99
81 99
82 99
83 99
84 99
85 99
90 99
94 99
95 99
100 99
2 100
8 100
12 100
16 100
19 100
20 100
24 100
27 100
33 100
34 100
35 100
43 100
44 100
50 100
53 100
54 100
55 100
56 100
58 100
59 100
60 100
61 100
66 100
72 100
79 100
81 100
82 100
83 100
84 100
85 100
90 100
91 100
94 100
98 100
