100
1 1
3 1
5 1
6 1
9 1
11 1
12 1
16 1
17 1
18 1
19 1
20 1
21 1
23 1
25 1
27 1
28 1
29 1
30 1
31 1
33 1
36 1
37 1
38 1
40 1
41 1
44 1
47 1
49 1
51 1
54 1
55 1
57 1
60 1
61 1
63 1
65 1
67 1
70 1
71 1
73 1
74 1
75 1
77 1
79 1
80 1
81 1
84 1
85 1
87 1
90 1
92 1
94 1
95 1
96 1
97 1
98 1
99 1
3 2
4 2
5 2
7 2
8 2
9 2
10 2
14 2
19 2
22 2
24 2
31 2
32 2
36 2
37 2
38 2
41 2
42 2
43 2
45 2
48 2
50 2
52 2
53 2
58 2
60 2
61 2
62 2
63 2
65 2
67 2
69 2
74 2
76 2
78 2
83 2
84 2
85 2
89 2
90 2
92 2
94 2
95 2
99 2
1 3
4 3
5 3
6 3
9 3
14 3
22 3
24 3
25 3
26 3
27 3
29 3
32 3
33 3
36 3
38 3
44 3
46 3
48 3
51 3
52 3
53 3
54 3
56 3
58 3
60 3
63 3
64 3
65 3
66 3
69 3
70 3
72 3
76 3
78 3
80 3
82 3
85 3
88 3
90 3
91 3
93 3
95 3
98 3
99 3
1 4
7 4
9 4
12 4
14 4
15 4
16 4
17 4
19 4
21 4
23 4
25 4
27 4
29 4
30 4
31 4
34 4
36 4
38 4
41 4
42 4
44 4
45 4
46 4
48 4
51 4
52 4
55 4
56 4
57 4
58 4
59 4
60 4
62 4
64 4
65 4
66 4
68 4
70 4
72 4
76 4
77 4
79 4
81 4
84 4
85 4
87 4
89 4
90 4
92 4
93 4
94 4
95 4
97 4
100 4
5 5
9 5
10 5
11 5
14 5
17 5
19 5
22 5
26 5
27 5
29 5
32 5
37 5
39 5
40 5
41 5
42 5
45 5
46 5
47 5
53 5
54 5
55 5
59 5
61 5
62 5
63 5
64 5
66 5
68 5
74 5
75 5
77 5
78 5
80 5
83 5
85 5
88 5
89 5
91 5
94 5
97 5
98 5
99 5
1 6
2 6
3 6
6 6
11 6
16 6
19 6
20 6
21 6
22 6
23 6
24 6
25 6
27 6
28 6
29 6
30 6
34 6
36 6
37 6
39 6
42 6
47 6
49 6
50 6
52 6
53 6
54 6
55 6
57 6
61 6
62 6
63 6
64 6
65 6
67 6
68 6
69 6
70 6
72 6
75 6
76 6
78 6
82 6
86 6
87 6
88 6
89 6
95 6
96 6
97 6
1 7
7 7
9 7
10 7
14 7
15 7
18 7
20 7
22 7
25 7
26 7
27 7
29 7
30 7
32 7
34 7
37 7
38 7
40 7
41 7
44 7
45 7
48 7
50 7
55 7
57 7
58 7
61 7
62 7
63 7
65 7
66 7
67 7
71 7
72 7
73 7
74 7
75 7
77 7
78 7
80 7
81 7
87 7
88 7
94 7
95 7
97 7
99 7
100 7
1 8
2 8
4 8
5 8
6 8
7 8
8 8
9 8
10 8
11 8
12 8
13 8
14 8
18 8
19 8
23 8
27 8
28 8
32 8
34 8
37 8
38 8
39 8
41 8
44 8
47 8
48 8
49 8
50 8
52 8
54 8
60 8
63 8
65 8
66 8
67 8
69 8
71 8
72 8
73 8
74 8
75 8
76 8
77 8
78 8
79 8
80 8
83 8
84 8
85 8
86 8
89 8
95 8
97 8
98 8
1 9
2 9
3 9
5 9
7 9
8 9
17 9
19 9
20 9
22 9
23 9
24 9
26 9
27 9
29 9
35 9
37 9
39 9
41 9
42 9
43 9
48 9
50 9
54 9
55 9
58 9
59 9
61 9
66 9
68 9
70 9
71 9
72 9
73 9
74 9
75 9
76 9
82 9
83 9
84 9
87 9
89 9
90 9
92 9
93 9
94 9
98 9
99 9
2 10
4 10
7 10
8 10
11 10
12 10
15 10
16 10
17 10
19 10
21 10
23 10
26 10
29 10
31 10
33 10
34 10
35 10
39 10
40 10
42 10
45 10
46 10
49 10
50 10
51 10
54 10
58 10
59 10
60 10
62 10
65 10
66 10
68 10
75 10
77 10
80 10
82 10
83 10
85 10
88 10
90 10
91 10
93 10
95 10
96 10
99 10
100 10
1 11
2 11
4 11
6 11
8 11
9 11
13 11
15 11
16 11
17 11
18 11
19 11
21 11
24 11
30 11
31 11
32 11
34 11
35 11
39 11
40 11
41 11
43 11
45 11
46 11
47 11
48 11
52 11
53 11
54 11
55 11
57 11
58 11
60 11
62 11
63 11
64 11
66 11
68 11
70 11
72 11
73 11
78 11
80 11
83 11
84 11
85 11
86 11
87 11
88 11
89 11
91 11
92 11
93 11
97 11
98 11
99 11
2 12
4 12
6 12
8 12
10 12
14 12
18 12
19 12
23 12
27 12
29 12
31 12
32 12
33 12
36 12
38 12
42 12
44 12
46 12
47 12
48 12
51 12
52 12
54 12
55 12
56 12
58 12
59 12
63 12
64 12
65 12
66 12
67 12
68 12
69 12
70 12
74 12
76 12
77 12
78 12
82 12
88 12
90 12
91 12
95 12
96 12
97 12
100 12
1 13
2 13
3 13
5 13
8 13
10 13
13 13
14 13
15 13
16 13
22 13
23 13
25 13
26 13
27 13
31 13
34 13
41 13
42 13
43 13
45 13
47 13
50 13
51 13
53 13
55 13
58 13
59 13
61 13
62 13
64 13
65 13
66 13
67 13
68 13
69 13
70 13
71 13
72 13
74 13
75 13
77 13
78 13
79 13
81 13
83 13
85 13
86 13
87 13
90 13
91 13
92 13
96 13
98 13
1 14
2 14
4 14
6 14
11 14
16 14
17 14
18 14
19 14
27 14
28 14
31 14
32 14
34 14
37 14
40 14
45 14
46 14
50 14
51 14
52 14
53 14
59 14
60 14
63 14
64 14
65 14
66 14
67 14
69 14
70 14
71 14
73 14
75 14
77 14
78 14
80 14
82 14
84 14
87 14
89 14
90 14
92 14
93 14
95 14
97 14
98 14
1 15
9 15
13 15
19 15
20 15
22 15
23 15
24 15
26 15
27 15
30 15
31 15
36 15
38 15
40 15
41 15
42 15
45 15
46 15
50 15
52 15
53 15
54 15
57 15
58 15
59 15
60 15
62 15
63 15
64 15
65 15
67 15
70 15
72 15
74 15
77 15
79 15
80 15
87 15
88 15
90 15
91 15
92 15
93 15
96 15
97 15
98 15
3 16
4 16
6 16
7 16
8 16
9 16
10 16
15 16
16 16
21 16
22 16
23 16
25 16
26 16
28 16
30 16
33 16
34 16
36 16
37 16
39 16
42 16
44 16
47 16
48 16
50 16
51 16
52 16
54 16
55 16
56 16
58 16
59 16
60 16
63 16
64 16
72 16
73 16
76 16
77 16
78 16
79 16
83 16
85 16
86 16
88 16
89 16
93 16
95 16
96 16
98 16
3 17
4 17
5 17
6 17
7 17
8 17
9 17
12 17
13 17
16 17
22 17
23 17
24 17
25 17
27 17
31 17
32 17
33 17
34 17
41 17
44 17
47 17
48 17
49 17
51 17
53 17
54 17
55 17
56 17
58 17
59 17
63 17
64 17
65 17
67 17
70 17
72 17
73 17
74 17
75 17
76 17
79 17
81 17
83 17
84 17
85 17
88 17
89 17
92 17
93 17
95 17
96 17
98 17
100 17
3 18
5 18
7 18
9 18
11 18
12 18
13 18
17 18
18 18
20 18
21 18
22 18
23 18
24 18
25 18
28 18
29 18
31 18
36 18
38 18
44 18
45 18
50 18
55 18
56 18
58 18
60 18
61 18
63 18
64 18
65 18
67 18
68 18
69 18
71 18
72 18
74 18
75 18
77 18
78 18
82 18
83 18
85 18
88 18
89 18
90 18
91 18
92 18
93 18
96 18
98 18
100 18
2 19
5 19
7 19
11 19
14 19
15 19
16 19
17 19
23 19
25 19
27 19
29 19
31 19
32 19
33 19
34 19
37 19
38 19
39 19
41 19
43 19
44 19
45 19
47 19
50 19
52 19
58 19
62 19
64 19
65 19
66 19
67 19
71 19
74 19
75 19
78 19
79 19
82 19
84 19
85 19
86 19
87 19
89 19
91 19
94 19
96 19
97 19
99 19
100 19
1 20
3 20
4 20
5 20
7 20
9 20
10 20
11 20
14 20
17 20
19 20
21 20
22 20
25 20
28 20
29 20
31 20
34 20
35 20
37 20
38 20
41 20
42 20
43 20
44 20
45 20
46 20
51 20
53 20
54 20
55 20
56 20
57 20
59 20
61 20
63 20
64 20
65 20
66 20
67 20
69 20
72 20
73 20
79 20
80 20
84 20
85 20
87 20
89 20
92 20
95 20
96 20
100 20
3 21
4 21
6 21
8 21
9 21
10 21
11 21
13 21
14 21
15 21
21 21
24 21
25 21
26 21
28 21
31 21
41 21
42 21
44 21
46 21
48 21
50 21
54 21
56 21
60 21
62 21
63 21
64 21
66 21
69 21
70 21
71 21
74 21
75 21
76 21
81 21
82 21
85 21
87 21
88 21
91 21
92 21
97 21
98 21
100 21
1 22
3 22
4 22
9 22
11 22
15 22
20 22
22 22
25 22
27 22
30 22
34 22
36 22
38 22
39 22
40 22
41 22
42 22
44 22
47 22
48 22
52 22
53 22
55 22
57 22
58 22
59 22
60 22
61 22
64 22
65 22
68 22
69 22
70 22
77 22
78 22
79 22
80 22
81 22
83 22
85 22
90 22
93 22
95 22
96 22
97 22
98 22
99 22
3 23
4 23
5 23
6 23
15 23
16 23
17 23
19 23
20 23
21 23
22 23
23 23
25 23
27 23
29 23
30 23
31 23
35 23
37 23
39 23
40 23
42 23
44 23
46 23
48 23
50 23
51 23
52 23
55 23
58 23
62 23
66 23
67 23
68 23
70 23
71 23
72 23
73 23
74 23
76 23
78 23
79 23
80 23
83 23
84 23
85 23
88 23
90 23
94 23
97 23
1 24
3 24
6 24
7 24
8 24
14 24
15 24
16 24
17 24
20 24
21 24
22 24
26 24
33 24
38 24
39 24
40 24
42 24
43 24
44 24
47 24
50 24
55 24
59 24
60 24
61 24
62 24
63 24
66 24
68 24
70 24
75 24
78 24
79 24
83 24
86 24
88 24
89 24
92 24
93 24
94 24
95 24
96 24
97 24
98 24
99 24
100 24
4 25
6 25
7 25
9 25
10 25
14 25
17 25
20 25
22 25
23 25
24 25
26 25
27 25
31 25
33 25
34 25
35 25
38 25
39 25
41 25
43 25
44 25
47 25
49 25
54 25
56 25
57 25
58 25
60 25
61 25
63 25
64 25
67 25
69 25
74 25
76 25
79 25
82 25
84 25
85 25
92 25
94 25
96 25
97 25
98 25
99 25
1 26
2 26
4 26
7 26
13 26
15 26
16 26
18 26
19 26
21 26
23 26
29 26
31 26
32 26
33 26
35 26
36 26
40 26
41 26
42 26
43 26
45 26
46 26
47 26
49 26
51 26
54 26
57 26
58 26
59 26
60 26
62 26
63 26
64 26
65 26
66 26
71 26
76 26
79 26
81 26
82 26
89 26
90 26
91 26
94 26
97 26
98 26
99 26
1 27
3 27
4 27
5 27
7 27
9 27
11 27
15 27
16 27
17 27
18 27
19 27
21 27
22 27
23 27
26 27
27 27
29 27
31 27
32 27
35 27
39 27
41 27
42 27
43 27
45 27
46 27
49 27
53 27
56 27
57 27
60 27
62 27
63 27
71 27
72 27
73 27
75 27
76 27
77 27
80 27
83 27
86 27
87 27
89 27
91 27
93 27
98 27
2 28
3 28
7 28
8 28
12 28
14 28
15 28
16 28
19 28
20 28
22 28
23 28
26 28
27 28
29 28
30 28
31 28
32 28
33 28
35 28
36 28
40 28
41 28
42 28
44 28
45 28
46 28
48 28
52 28
56 28
58 28
59 28
61 28
62 28
63 28
67 28
68 28
69 28
71 28
73 28
75 28
78 28
79 28
81 28
82 28
84 28
86 28
88 28
93 28
95 28
96 28
97 28
98 28
99 28
2 29
4 29
6 29
7 29
9 29
10 29
14 29
15 29
18 29
20 29
21 29
22 29
23 29
25 29
27 29
30 29
32 29
34 29
37 29
38 29
43 29
46 29
49 29
50 29
52 29
54 29
56 29
57 29
59 29
61 29
64 29
65 29
66 29
67 29
68 29
74 29
78 29
79 29
81 29
82 29
84 29
86 29
90 29
93 29
95 29
97 29
98 29
3 30
4 30
5 30
7 30
9 30
10 30
11 30
14 30
17 30
22 30
23 30
24 30
27 30
32 30
37 30
39 30
42 30
46 30
47 30
49 30
51 30
54 30
56 30
59 30
62 30
65 30
68 30
70 30
71 30
72 30
74 30
75 30
76 30
77 30
79 30
81 30
82 30
83 30
84 30
86 30
89 30
91 30
94 30
95 30
97 30
98 30
99 30
100 30
1 31
2 31
3 31
6 31
7 31
11 31
12 31
13 31
14 31
15 31
16 31
17 31
21 31
24 31
26 31
28 31
29 31
31 31
33 31
34 31
36 31
37 31
38 31
40 31
43 31
45 31
46 31
47 31
48 31
49 31
51 31
56 31
59 31
60 31
62 31
64 31
65 31
68 31
69 31
70 31
72 31
76 31
77 31
79 31
82 31
85 31
86 31
88 31
89 31
90 31
91 31
94 31
95 31
96 31
97 31
99 31
1 32
2 32
4 32
7 32
8 32
12 32
14 32
16 32
21 32
22 32
24 32
26 32
27 32
28 32
30 32
32 32
36 32
37 32
38 32
39 32
46 32
49 32
50 32
51 32
52 32
53 32
54 32
55 32
56 32
57 32
58 32
59 32
60 32
61 32
64 32
65 32
72 32
74 32
78 32
80 32
81 32
83 32
86 32
88 32
90 32
94 32
95 32
96 32
2 33
6 33
7 33
9 33
10 33
11 33
12 33
13 33
17 33
19 33
24 33
28 33
30 33
33 33
35 33
36 33
37 33
40 33
41 33
42 33
43 33
44 33
45 33
49 33
50 33
51 33
52 33
54 33
55 33
56 33
57 33
58 33
60 33
61 33
63 33
64 33
65 33
66 33
67 33
71 33
73 33
74 33
75 33
77 33
81 33
82 33
83 33
84 33
85 33
86 33
89 33
90 33
95 33
96 33
98 33
99 33
1 34
4 34
7 34
9 34
12 34
13 34
14 34
16 34
17 34
18 34
23 34
25 34
26 34
31 34
34 34
38 34
41 34
44 34
45 34
46 34
47 34
48 34
49 34
51 34
53 34
56 34
58 34
60 34
61 34
63 34
64 34
68 34
70 34
72 34
73 34
75 34
76 34
79 34
82 34
83 34
84 34
87 34
89 34
94 34
95 34
96 34
98 34
100 34
1 35
2 35
4 35
9 35
10 35
13 35
16 35
17 35
18 35
20 35
21 35
23 35
24 35
27 35
28 35
29 35
32 35
34 35
35 35
36 35
39 35
41 35
43 35
45 35
46 35
48 35
49 35
50 35
55 35
58 35
60 35
61 35
63 35
66 35
69 35
70 35
71 35
72 35
73 35
74 35
75 35
78 35
79 35
80 35
82 35
83 35
84 35
86 35
87 35
89 35
94 35
95 35
96 35
97 35
3 36
4 36
5 36
6 36
8 36
9 36
15 36
16 36
18 36
19 36
20 36
23 36
25 36
26 36
28 36
29 36
30 36
31 36
32 36
33 36
37 36
39 36
40 36
44 36
45 36
48 36
50 36
51 36
57 36
58 36
59 36
60 36
61 36
62 36
63 36
66 36
67 36
68 36
70 36
73 36
74 36
78 36
80 36
81 36
82 36
87 36
88 36
89 36
91 36
93 36
94 36
96 36
97 36
98 36
100 36
1 37
2 37
3 37
4 37
5 37
6 37
8 37
9 37
10 37
11 37
12 37
13 37
14 37
15 37
16 37
17 37
18 37
19 37
20 37
23 37
24 37
26 37
27 37
31 37
32 37
33 37
35 37
37 37
39 37
40 37
42 37
44 37
46 37
47 37
51 37
52 37
53 37
54 37
55 37
56 37
61 37
63 37
64 37
67 37
68 37
69 37
71 37
73 37
76 37
78 37
79 37
82 37
83 37
84 37
85 37
86 37
87 37
89 37
91 37
92 37
95 37
96 37
98 37
6 38
9 38
10 38
11 38
12 38
14 38
18 38
21 38
23 38
24 38
26 38
28 38
29 38
30 38
31 38
33 38
36 38
39 38
41 38
43 38
44 38
48 38
51 38
55 38
56 38
57 38
58 38
59 38
61 38
62 38
64 38
65 38
66 38
70 38
71 38
72 38
74 38
77 38
78 38
80 38
81 38
82 38
84 38
85 38
86 38
87 38
90 38
93 38
95 38
96 38
98 38
3 39
6 39
7 39
8 39
12 39
17 39
18 39
19 39
21 39
24 39
25 39
26 39
27 39
34 39
36 39
38 39
41 39
43 39
44 39
47 39
48 39
49 39
50 39
53 39
57 39
60 39
61 39
63 39
64 39
65 39
66 39
69 39
74 39
76 39
77 39
80 39
82 39
88 39
90 39
91 39
92 39
93 39
99 39
1 40
2 40
4 40
11 40
14 40
17 40
19 40
21 40
25 40
28 40
29 40
33 40
34 40
35 40
38 40
39 40
40 40
41 40
42 40
43 40
44 40
47 40
49 40
56 40
58 40
62 40
66 40
70 40
71 40
73 40
75 40
76 40
78 40
79 40
80 40
81 40
82 40
83 40
85 40
86 40
87 40
92 40
97 40
99 40
4 41
10 41
11 41
12 41
15 41
16 41
17 41
21 41
22 41
24 41
26 41
27 41
33 41
34 41
36 41
37 41
38 41
39 41
40 41
42 41
43 41
44 41
45 41
46 41
47 41
49 41
51 41
52 41
53 41
57 41
59 41
64 41
66 41
68 41
69 41
71 41
72 41
74 41
76 41
77 41
79 41
80 41
81 41
83 41
84 41
87 41
89 41
96 41
1 42
3 42
4 42
7 42
8 42
9 42
10 42
11 42
14 42
15 42
17 42
19 42
20 42
21 42
22 42
23 42
25 42
29 42
33 42
34 42
35 42
38 42
39 42
40 42
41 42
42 42
43 42
45 42
46 42
47 42
52 42
53 42
54 42
56 42
58 42
60 42
64 42
66 42
67 42
68 42
69 42
70 42
71 42
72 42
74 42
75 42
77 42
78 42
79 42
81 42
82 42
83 42
86 42
89 42
92 42
94 42
97 42
98 42
99 42
100 42
3 43
4 43
6 43
7 43
8 43
11 43
14 43
15 43
16 43
18 43
20 43
21 43
22 43
24 43
25 43
26 43
27 43
28 43
29 43
30 43
34 43
38 43
47 43
56 43
60 43
61 43
62 43
63 43
64 43
66 43
69 43
70 43
71 43
72 43
73 43
74 43
76 43
79 43
80 43
82 43
85 43
86 43
88 43
91 43
92 43
94 43
95 43
96 43
99 43
1 44
2 44
3 44
6 44
7 44
9 44
16 44
17 44
18 44
19 44
20 44
21 44
23 44
25 44
27 44
28 44
30 44
32 44
34 44
37 44
40 44
44 44
45 44
48 44
49 44
50 44
51 44
52 44
55 44
56 44
57 44
59 44
60 44
61 44
62 44
63 44
65 44
67 44
68 44
70 44
73 44
75 44
76 44
77 44
78 44
79 44
80 44
81 44
83 44
86 44
87 44
89 44
90 44
94 44
95 44
97 44
99 44
1 45
2 45
4 45
5 45
8 45
14 45
15 45
16 45
22 45
24 45
25 45
27 45
28 45
30 45
31 45
34 45
39 45
40 45
45 45
47 45
48 45
50 45
52 45
53 45
54 45
56 45
58 45
62 45
64 45
66 45
70 45
73 45
75 45
77 45
80 45
82 45
83 45
84 45
85 45
89 45
91 45
93 45
99 45
100 45
5 46
8 46
10 46
14 46
19 46
20 46
23 46
26 46
28 46
30 46
35 46
36 46
38 46
43 46
44 46
45 46
46 46
47 46
48 46
50 46
53 46
55 46
58 46
60 46
62 46
64 46
65 46
68 46
69 46
71 46
73 46
76 46
78 46
83 46
85 46
86 46
91 46
96 46
97 46
98 46
100 46
1 47
3 47
5 47
11 47
12 47
14 47
16 47
17 47
21 47
22 47
26 47
31 47
37 47
39 47
41 47
42 47
44 47
45 47
46 47
47 47
50 47
51 47
52 47
53 47
56 47
59 47
60 47
68 47
70 47
72 47
74 47
78 47
79 47
90 47
91 47
92 47
95 47
96 47
97 47
98 47
99 47
2 48
4 48
5 48
7 48
8 48
9 48
10 48
11 48
12 48
13 48
14 48
15 48
20 48
21 48
24 48
25 48
26 48
28 48
29 48
30 48
32 48
34 48
35 48
38 48
39 48
40 48
45 48
47 48
49 48
50 48
51 48
54 48
55 48
56 48
60 48
63 48
70 48
71 48
73 48
74 48
76 48
78 48
87 48
88 48
91 48
92 48
95 48
96 48
99 48
100 48
1 49
2 49
3 49
5 49
6 49
7 49
8 49
9 49
10 49
13 49
15 49
16 49
17 49
18 49
19 49
22 49
24 49
27 49
30 49
31 49
33 49
34 49
35 49
36 49
37 49
41 49
42 49
43 49
44 49
45 49
46 49
48 49
49 49
50 49
51 49
52 49
55 49
56 49
57 49
58 49
59 49
60 49
63 49
71 49
73 49
74 49
77 49
78 49
79 49
82 49
83 49
84 49
85 49
88 49
92 49
93 49
95 49
98 49
1 50
2 50
6 50
8 50
9 50
10 50
14 50
15 50
17 50
18 50
19 50
26 50
28 50
29 50
33 50
36 50
39 50
41 50
43 50
44 50
46 50
47 50
50 50
51 50
52 50
53 50
55 50
61 50
64 50
65 50
67 50
75 50
76 50
78 50
79 50
81 50
83 50
87 50
88 50
89 50
93 50
96 50
97 50
4 51
5 51
6 51
7 51
10 51
12 51
13 51
14 51
15 51
17 51
20 51
23 51
25 51
30 51
32 51
34 51
37 51
39 51
41 51
46 51
48 51
51 51
57 51
59 51
61 51
63 51
65 51
66 51
67 51
68 51
69 51
70 51
71 51
73 51
80 51
81 51
84 51
85 51
88 51
91 51
93 51
96 51
98 51
1 52
2 52
6 52
8 52
11 52
12 52
17 52
20 52
21 52
22 52
23 52
27 52
29 52
30 52
32 52
37 52
40 52
46 52
48 52
49 52
51 52
52 52
55 52
56 52
58 52
60 52
63 52
64 52
67 52
69 52
72 52
73 52
74 52
77 52
78 52
79 52
80 52
81 52
82 52
83 52
84 52
85 52
86 52
87 52
88 52
90 52
91 52
93 52
94 52
96 52
97 52
98 52
99 52
100 52
1 53
5 53
13 53
14 53
15 53
17 53
19 53
20 53
29 53
32 53
33 53
37 53
38 53
40 53
44 53
46 53
49 53
50 53
51 53
54 53
55 53
57 53
59 53
60 53
61 53
62 53
63 53
64 53
65 53
66 53
69 53
70 53
71 53
72 53
73 53
75 53
77 53
78 53
80 53
82 53
92 53
93 53
97 53
98 53
100 53
1 54
5 54
6 54
10 54
14 54
16 54
17 54
18 54
19 54
20 54
23 54
30 54
31 54
34 54
35 54
37 54
38 54
40 54
42 54
45 54
51 54
52 54
53 54
55 54
59 54
60 54
62 54
63 54
65 54
66 54
72 54
74 54
75 54
80 54
81 54
82 54
83 54
84 54
86 54
87 54
88 54
89 54
91 54
93 54
94 54
97 54
100 54
3 55
4 55
5 55
8 55
9 55
12 55
13 55
16 55
17 55
18 55
19 55
21 55
22 55
24 55
26 55
28 55
31 55
35 55
36 55
37 55
39 55
46 55
49 55
50 55
52 55
59 55
62 55
70 55
72 55
77 55
83 55
89 55
90 55
91 55
92 55
93 55
94 55
95 55
96 55
97 55
100 55
2 56
4 56
7 56
12 56
16 56
18 56
20 56
21 56
22 56
23 56
26 56
28 56
29 56
31 56
33 56
34 56
38 56
40 56
41 56
42 56
43 56
44 56
45 56
46 56
47 56
48 56
49 56
52 56
56 56
58 56
59 56
62 56
63 56
65 56
66 56
68 56
73 56
74 56
77 56
78 56
79 56
81 56
82 56
83 56
84 56
85 56
87 56
88 56
89 56
90 56
91 56
92 56
93 56
94 56
96 56
97 56
99 56
2 57
3 57
4 57
5 57
6 57
7 57
16 57
17 57
19 57
22 57
23 57
26 57
27 57
31 57
32 57
36 57
38 57
40 57
43 57
46 57
50 57
52 57
55 57
57 57
61 57
64 57
68 57
73 57
74 57
77 57
78 57
79 57
82 57
85 57
87 57
91 57
92 57
96 57
97 57
98 57
99 57
100 57
1 58
4 58
8 58
9 58
13 58
14 58
16 58
17 58
18 58
19 58
21 58
23 58
25 58
26 58
30 58
35 58
38 58
41 58
43 58
45 58
47 58
48 58
49 58
51 58
52 58
55 58
57 58
59 58
60 58
62 58
63 58
66 58
74 58
78 58
79 58
83 58
84 58
85 58
86 58
87 58
88 58
91 58
92 58
94 58
95 58
97 58
98 58
99 58
3 59
4 59
5 59
6 59
7 59
8 59
10 59
12 59
13 59
14 59
19 59
21 59
23 59
26 59
27 59
29 59
30 59
34 59
37 59
38 59
39 59
40 59
45 59
47 59
49 59
50 59
53 59
54 59
55 59
56 59
60 59
61 59
63 59
66 59
68 59
69 59
70 59
71 59
73 59
74 59
75 59
77 59
81 59
82 59
83 59
84 59
86 59
93 59
94 59
98 59
99 59
100 59
2 60
5 60
8 60
10 60
13 60
16 60
18 60
21 60
22 60
23 60
24 60
25 60
28 60
31 60
33 60
36 60
37 60
39 60
41 60
42 60
43 60
44 60
46 60
47 60
49 60
50 60
51 60
54 60
56 60
58 60
59 60
60 60
61 60
66 60
67 60
69 60
71 60
72 60
75 60
78 60
80 60
82 60
91 60
92 60
93 60
95 60
98 60
100 60
1 61
2 61
5 61
6 61
7 61
9 61
10 61
12 61
13 61
15 61
17 61
18 61
19 61
20 61
24 61
25 61
27 61
28 61
30 61
31 61
32 61
34 61
35 61
36 61
40 61
41 61
42 61
43 61
45 61
46 61
48 61
49 61
51 61
52 61
53 61
55 61
56 61
61 61
62 61
66 61
68 61
69 61
70 61
71 61
72 61
76 61
77 61
80 61
81 61
82 61
84 61
86 61
88 61
90 61
93 61
95 61
96 61
97 61
98 61
99 61
100 61
9 62
10 62
12 62
15 62
17 62
21 62
22 62
25 62
26 62
27 62
28 62
29 62
31 62
33 62
35 62
38 62
40 62
46 62
49 62
50 62
52 62
53 62
54 62
56 62
57 62
59 62
60 62
61 62
63 62
64 62
65 62
68 62
69 62
71 62
72 62
74 62
75 62
78 62
81 62
83 62
84 62
85 62
87 62
88 62
89 62
90 62
92 62
93 62
100 62
1 63
2 63
3 63
5 63
7 63
8 63
11 63
14 63
16 63
20 63
21 63
22 63
23 63
24 63
28 63
29 63
31 63
34 63
37 63
39 63
40 63
42 63
43 63
45 63
46 63
48 63
50 63
51 63
56 63
57 63
59 63
61 63
63 63
67 63
68 63
73 63
74 63
77 63
79 63
83 63
87 63
89 63
91 63
94 63
95 63
96 63
97 63
100 63
1 64
6 64
7 64
8 64
10 64
13 64
14 64
18 64
20 64
21 64
22 64
23 64
25 64
27 64
31 64
34 64
36 64
37 64
38 64
39 64
41 64
44 64
45 64
46 64
47 64
49 64
50 64
51 64
52 64
53 64
54 64
57 64
58 64
59 64
61 64
62 64
63 64
64 64
65 64
66 64
69 64
71 64
72 64
78 64
79 64
81 64
85 64
86 64
87 64
88 64
89 64
90 64
91 64
93 64
94 64
95 64
100 64
2 65
5 65
6 65
7 65
8 65
9 65
11 65
12 65
13 65
16 65
19 65
20 65
21 65
25 65
26 65
27 65
29 65
31 65
33 65
34 65
36 65
37 65
40 65
41 65
42 65
43 65
45 65
51 65
56 65
57 65
58 65
60 65
61 65
62 65
63 65
66 65
67 65
69 65
74 65
75 65
76 65
79 65
81 65
82 65
85 65
86 65
90 65
93 65
97 65
98 65
99 65
100 65
2 66
4 66
5 66
6 66
7 66
10 66
14 66
18 66
20 66
21 66
22 66
25 66
29 66
30 66
31 66
32 66
33 66
36 66
39 66
40 66
42 66
46 66
48 66
49 66
51 66
52 66
53 66
54 66
55 66
58 66
61 66
63 66
66 66
67 66
70 66
72 66
73 66
74 66
78 66
79 66
82 66
86 66
90 66
92 66
93 66
96 66
97 66
99 66
1 67
2 67
3 67
11 67
13 67
14 67
15 67
17 67
21 67
22 67
23 67
24 67
26 67
31 67
32 67
35 67
38 67
40 67
44 67
48 67
49 67
50 67
52 67
54 67
55 67
56 67
57 67
61 67
62 67
63 67
66 67
67 67
68 67
69 67
71 67
73 67
77 67
78 67
79 67
82 67
85 67
89 67
91 67
92 67
94 67
95 67
3 68
4 68
5 68
8 68
15 68
16 68
17 68
18 68
20 68
21 68
28 68
30 68
31 68
32 68
34 68
35 68
36 68
37 68
38 68
44 68
45 68
46 68
47 68
48 68
49 68
51 68
53 68
55 68
57 68
58 68
64 68
67 68
70 68
71 68
75 68
76 68
79 68
81 68
83 68
87 68
88 68
90 68
92 68
97 68
100 68
3 69
4 69
5 69
7 69
8 69
10 69
12 69
15 69
16 69
23 69
24 69
27 69
30 69
32 69
33 69
35 69
36 69
37 69
38 69
39 69
40 69
41 69
42 69
44 69
45 69
46 69
47 69
51 69
52 69
53 69
57 69
58 69
63 69
65 69
66 69
67 69
69 69
72 69
74 69
78 69
80 69
81 69
82 69
83 69
85 69
86 69
89 69
90 69
91 69
95 69
99 69
100 69
1 70
2 70
5 70
6 70
7 70
12 70
17 70
19 70
20 70
21 70
22 70
26 70
27 70
35 70
36 70
37 70
44 70
47 70
50 70
52 70
53 70
54 70
56 70
57 70
58 70
59 70
60 70
61 70
64 70
66 70
73 70
75 70
76 70
78 70
81 70
83 70
85 70
87 70
88 70
90 70
94 70
95 70
97 70
1 71
5 71
6 71
11 71
12 71
13 71
15 71
17 71
20 71
21 71
22 71
24 71
27 71
29 71
31 71
36 71
37 71
39 71
40 71
44 71
45 71
48 71
49 71
50 71
51 71
52 71
55 71
57 71
58 71
59 71
60 71
61 71
62 71
64 71
66 71
67 71
69 71
70 71
71 71
72 71
73 71
76 71
78 71
79 71
84 71
85 71
88 71
89 71
90 71
91 71
92 71
94 71
95 71
5 72
6 72
8 72
10 72
12 72
13 72
15 72
18 72
21 72
23 72
24 72
25 72
26 72
27 72
28 72
29 72
30 72
33 72
36 72
39 72
40 72
41 72
46 72
49 72
51 72
53 72
56 72
58 72
60 72
61 72
62 72
63 72
65 72
66 72
67 72
68 72
69 72
70 72
71 72
72 72
76 72
78 72
79 72
80 72
81 72
89 72
91 72
92 72
94 72
96 72
98 72
4 73
8 73
9 73
10 73
11 73
12 73
13 73
14 73
19 73
20 73
22 73
23 73
24 73
25 73
26 73
32 73
35 73
36 73
38 73
41 73
42 73
45 73
48 73
49 73
52 73
54 73
58 73
62 73
63 73
64 73
65 73
66 73
67 73
68 73
75 73
77 73
78 73
82 73
83 73
88 73
90 73
92 73
94 73
95 73
96 73
98 73
1 74
3 74
5 74
6 74
7 74
8 74
9 74
10 74
11 74
12 74
15 74
16 74
19 74
20 74
24 74
25 74
28 74
29 74
31 74
35 74
38 74
42 74
43 74
48 74
51 74
53 74
55 74
58 74
59 74
60 74
62 74
64 74
65 74
68 74
69 74
70 74
73 74
74 74
79 74
80 74
82 74
83 74
85 74
86 74
89 74
94 74
95 74
98 74
99 74
2 75
4 75
9 75
10 75
13 75
14 75
17 75
19 75
20 75
22 75
23 75
24 75
25 75
26 75
28 75
29 75
30 75
31 75
32 75
37 75
42 75
43 75
44 75
46 75
47 75
48 75
52 75
56 75
57 75
60 75
61 75
65 75
68 75
69 75
70 75
73 75
74 75
76 75
77 75
78 75
79 75
81 75
82 75
85 75
86 75
87 75
88 75
89 75
90 75
91 75
95 75
98 75
99 75
3 76
5 76
6 76
10 76
12 76
13 76
14 76
16 76
18 76
20 76
21 76
25 76
27 76
28 76
29 76
31 76
34 76
36 76
39 76
41 76
43 76
46 76
48 76
49 76
53 76
54 76
56 76
59 76
60 76
61 76
69 76
70 76
71 76
72 76
73 76
74 76
77 76
78 76
80 76
83 76
84 76
85 76
87 76
88 76
89 76
92 76
93 76
94 76
98 76
99 76
100 76
1 77
2 77
6 77
7 77
9 77
10 77
11 77
12 77
14 77
16 77
18 77
22 77
23 77
27 77
28 77
29 77
32 77
33 77
37 77
38 77
40 77
41 77
44 77
46 77
47 77
48 77
49 77
50 77
52 77
53 77
60 77
62 77
63 77
64 77
65 77
66 77
70 77
71 77
72 77
73 77
75 77
76 77
77 77
79 77
80 77
81 77
87 77
89 77
91 77
96 77
98 77
1 78
3 78
4 78
5 78
6 78
10 78
12 78
13 78
15 78
20 78
22 78
23 78
24 78
26 78
28 78
30 78
31 78
33 78
36 78
37 78
38 78
42 78
45 78
46 78
49 78
54 78
55 78
56 78
57 78
58 78
62 78
63 78
66 78
68 78
72 78
77 78
78 78
80 78
82 78
83 78
85 78
87 78
88 78
89 78
90 78
91 78
92 78
93 78
94 78
97 78
99 78
1 79
3 79
6 79
7 79
9 79
11 79
18 79
19 79
20 79
21 79
22 79
23 79
24 79
29 79
30 79
33 79
35 79
36 79
37 79
38 79
44 79
48 79
50 79
53 79
54 79
55 79
56 79
59 79
60 79
61 79
63 79
64 79
65 79
66 79
67 79
69 79
70 79
71 79
74 79
76 79
78 79
79 79
82 79
83 79
84 79
85 79
87 79
88 79
90 79
91 79
95 79
98 79
3 80
4 80
5 80
6 80
9 80
12 80
14 80
15 80
16 80
23 80
24 80
26 80
27 80
28 80
30 80
36 80
38 80
43 80
44 80
46 80
48 80
50 80
52 80
55 80
57 80
59 80
60 80
61 80
62 80
68 80
70 80
73 80
76 80
78 80
80 80
81 80
82 80
84 80
85 80
89 80
90 80
93 80
94 80
98 80
100 80
4 81
10 81
11 81
12 81
14 81
16 81
17 81
18 81
19 81
22 81
23 81
26 81
30 81
32 81
34 81
36 81
37 81
38 81
40 81
42 81
44 81
46 81
47 81
48 81
50 81
52 81
54 81
56 81
59 81
63 81
65 81
67 81
72 81
73 81
74 81
76 81
80 81
83 81
84 81
85 81
86 81
88 81
89 81
93 81
95 81
96 81
97 81
98 81
99 81
100 81
2 82
4 82
5 82
6 82
8 82
14 82
15 82
16 82
18 82
19 82
21 82
23 82
26 82
29 82
30 82
34 82
35 82
36 82
39 82
43 82
45 82
49 82
50 82
54 82
59 82
69 82
70 82
71 82
74 82
76 82
77 82
78 82
80 82
83 82
85 82
90 82
92 82
96 82
97 82
100 82
3 83
4 83
5 83
7 83
8 83
9 83
10 83
12 83
13 83
20 83
21 83
26 83
31 83
34 83
37 83
40 83
42 83
43 83
44 83
45 83
47 83
52 83
53 83
54 83
55 83
57 83
60 83
62 83
63 83
64 83
69 83
70 83
71 83
72 83
73 83
74 83
75 83
76 83
79 83
80 83
81 83
86 83
87 83
88 83
90 83
91 83
94 83
95 83
96 83
97 83
98 83
99 83
3 84
7 84
8 84
12 84
14 84
17 84
18 84
19 84
20 84
21 84
27 84
29 84
30 84
31 84
32 84
34 84
36 84
38 84
39 84
41 84
42 84
45 84
49 84
53 84
55 84
57 84
58 84
61 84
66 84
68 84
70 84
73 84
75 84
77 84
78 84
80 84
81 84
82 84
84 84
85 84
86 84
90 84
93 84
95 84
96 84
99 84
100 84
1 85
4 85
5 85
6 85
12 85
13 85
14 85
17 85
19 85
20 85
22 85
25 85
33 85
38 85
39 85
40 85
43 85
44 85
46 85
48 85
51 85
53 85
54 85
59 85
61 85
62 85
63 85
64 85
65 85
66 85
67 85
68 85
71 85
77 85
78 85
82 85
83 85
86 85
88 85
89 85
90 85
91 85
95 85
96 85
98 85
2 86
3 86
5 86
7 86
11 86
13 86
14 86
15 86
17 86
18 86
19 86
20 86
22 86
23 86
24 86
25 86
26 86
27 86
28 86
29 86
30 86
33 86
37 86
38 86
40 86
41 86
42 86
52 86
54 86
55 86
60 86
61 86
62 86
63 86
66 86
68 86
69 86
73 86
74 86
75 86
76 86
77 86
78 86
81 86
82 86
85 86
86 86
87 86
88 86
91 86
93 86
94 86
97 86
98 86
1 87
2 87
5 87
7 87
9 87
12 87
14 87
15 87
16 87
18 87
20 87
23 87
25 87
26 87
27 87
28 87
30 87
33 87
34 87
36 87
38 87
42 87
45 87
46 87
49 87
50 87
53 87
54 87
55 87
56 87
59 87
60 87
62 87
63 87
65 87
66 87
67 87
69 87
70 87
72 87
74 87
79 87
81 87
82 87
88 87
90 87
92 87
94 87
95 87
96 87
1 88
3 88
4 88
8 88
9 88
10 88
11 88
12 88
14 88
15 88
16 88
18 88
20 88
22 88
23 88
29 88
32 88
35 88
36 88
37 88
38 88
39 88
40 88
42 88
44 88
46 88
52 88
55 88
56 88
57 88
59 88
61 88
64 88
66 88
69 88
70 88
72 88
74 88
75 88
78 88
79 88
82 88
85 88
86 88
87 88
88 88
89 88
91 88
92 88
93 88
95 88
96 88
97 88
98 88
100 88
3 89
4 89
5 89
8 89
9 89
11 89
12 89
19 89
20 89
22 89
24 89
25 89
27 89
28 89
30 89
31 89
36 89
37 89
38 89
40 89
41 89
43 89
44 89
45 89
47 89
48 89
51 89
52 89
55 89
56 89
59 89
60 89
61 89
63 89
68 89
69 89
71 89
72 89
73 89
75 89
76 89
77 89
80 89
86 89
87 89
88 89
89 89
93 89
95 89
96 89
97 89
1 90
2 90
4 90
5 90
8 90
9 90
10 90
11 90
12 90
14 90
17 90
18 90
24 90
26 90
27 90
29 90
30 90
31 90
32 90
36 90
40 90
42 90
48 90
55 90
56 90
57 90
59 90
62 90
64 90
66 90
67 90
70 90
71 90
73 90
77 90
79 90
80 90
81 90
82 90
89 90
92 90
93 90
97 90
3 91
5 91
8 91
9 91
10 91
11 91
12 91
14 91
15 91
16 91
22 91
24 91
25 91
29 91
30 91
31 91
32 91
34 91
36 91
44 91
45 91
47 91
49 91
53 91
55 91
56 91
58 91
59 91
60 91
63 91
64 91
65 91
66 91
67 91
69 91
71 91
75 91
81 91
82 91
83 91
84 91
86 91
88 91
93 91
94 91
95 91
97 91
100 91
2 92
7 92
8 92
9 92
12 92
13 92
15 92
18 92
19 92
20 92
21 92
24 92
26 92
27 92
28 92
29 92
32 92
39 92
40 92
42 92
44 92
46 92
47 92
49 92
50 92
52 92
54 92
55 92
56 92
57 92
58 92
60 92
63 92
67 92
68 92
70 92
72 92
73 92
74 92
76 92
77 92
78 92
79 92
81 92
84 92
86 92
88 92
92 92
99 92
2 93
5 93
10 93
11 93
13 93
15 93
19 93
21 93
22 93
23 93
25 93
27 93
30 93
31 93
32 93
33 93
37 93
38 93
39 93
40 93
42 93
43 93
44 93
47 93
48 93
49 93
51 93
52 93
53 93
54 93
55 93
56 93
57 93
59 93
62 93
63 93
64 93
65 93
66 93
69 93
70 93
76 93
77 93
78 93
79 93
80 93
81 93
82 93
87 93
91 93
93 93
95 93
96 93
3 94
6 94
8 94
9 94
10 94
13 94
14 94
19 94
21 94
23 94
24 94
25 94
26 94
27 94
29 94
33 94
34 94
35 94
38 94
39 94
40 94
41 94
42 94
43 94
44 94
45 94
51 94
52 94
53 94
54 94
56 94
57 94
58 94
59 94
62 94
63 94
67 94
69 94
74 94
77 94
78 94
79 94
80 94
82 94
88 94
90 94
94 94
96 94
99 94
3 95
4 95
6 95
10 95
13 95
19 95
21 95
25 95
27 95
29 95
31 95
34 95
38 95
42 95
45 95
49 95
52 95
53 95
54 95
56 95
58 95
59 95
62 95
63 95
67 95
68 95
69 95
70 95
72 95
74 95
75 95
80 95
82 95
86 95
89 95
90 95
91 95
92 95
97 95
1 96
2 96
7 96
8 96
9 96
11 96
12 96
13 96
14 96
20 96
21 96
26 96
28 96
30 96
32 96
33 96
36 96
38 96
39 96
40 96
42 96
43 96
44 96
48 96
49 96
52 96
53 96
56 96
58 96
61 96
65 96
70 96
71 96
73 96
74 96
76 96
77 96
78 96
79 96
83 96
85 96
86 96
88 96
91 96
92 96
93 96
98 96
2 97
5 97
8 97
10 97
12 97
13 97
14 97
15 97
17 97
21 97
25 97
26 97
27 97
30 97
31 97
37 97
38 97
40 97
43 97
44 97
48 97
52 97
53 97
55 97
59 97
60 97
61 97
62 97
65 97
66 97
67 97
68 97
69 97
77 97
81 97
86 97
87 97
88 97
90 97
91 97
93 97
94 97
95 97
98 97
99 97
100 97
1 98
3 98
5 98
7 98
8 98
9 98
10 98
11 98
12 98
13 98
16 98
19 98
21 98
23 98
24 98
25 98
26 98
28 98
29 98
30 98
35 98
36 98
37 98
38 98
39 98
40 98
41 98
43 98
46 98
47 98
50 98
51 98
53 98
55 98
56 98
58 98
60 98
61 98
62 98
65 98
66 98
69 98
70 98
71 98
73 98
74 98
75 98
76 98
78 98
80 98
83 98
87 98
93 98
95 98
96 98
98 98
99 98
100 98
9 99
10 99
12 99
17 99
19 99
20 99
21 99
24 99
26 99
27 99
31 99
36 99
39 99
40 99
41 99
42 99
45 99
46 99
49 99
51 99
52 99
54 99
55 99
58 99
60 99
65 99
66 99
67 99
70 99
73 99
74 99
77 99
80 99
81 99
84 99
85 99
88 99
89 99
90 99
91 99
94 99
96 99
98 99
99 99
1 100
2 100
3 100
6 100
8 100
9 100
10 100
14 100
15 100
16 100
18 100
20 100
22 100
23 100
24 100
25 100
26 100
27 100
28 100
32 100
33 100
35 100
36 100
38 100
40 100
42 100
44 100
45 100
46 100
53 100
57 100
58 100
59 100
71 100
74 100
75 100
77 100
79 100
81 100
86 100
89 100
90 100
91 100
92 100
94 100
95 100
98 100
99 100
100 100
