100
3 1
5 1
6 1
8 1
10 1
14 1
15 1
16 1
18 1
20 1
21 1
22 1
23 1
27 1
32 1
33 1
34 1
37 1
38 1
39 1
42 1
43 1
44 1
48 1
51 1
56 1
60 1
61 1
66 1
67 1
74 1
75 1
82 1
83 1
85 1
86 1
87 1
88 1
89 1
90 1
93 1
94 1
96 1
98 1
99 1
2 2
3 2
4 2
7 2
9 2
10 2
15 2
17 2
20 2
22 2
26 2
27 2
29 2
30 2
31 2
32 2
33 2
34 2
36 2
37 2
38 2
43 2
44 2
45 2
46 2
48 2
53 2
54 2
56 2
57 2
58 2
59 2
62 2
63 2
69 2
70 2
71 2
73 2
75 2
79 2
80 2
81 2
82 2
84 2
85 2
91 2
92 2
95 2
96 2
97 2
98 2
2 3
3 3
4 3
5 3
6 3
10 3
14 3
15 3
16 3
19 3
20 3
21 3
22 3
23 3
24 3
28 3
29 3
30 3
33 3
34 3
35 3
36 3
37 3
38 3
43 3
44 3
46 3
47 3
51 3
53 3
56 3
57 3
60 3
63 3
68 3
70 3
73 3
74 3
79 3
80 3
81 3
83 3
84 3
87 3
88 3
89 3
90 3
91 3
92 3
93 3
95 3
98 3
99 3
3 4
7 4
8 4
10 4
13 4
14 4
15 4
16 4
17 4
18 4
19 4
20 4
21 4
25 4
26 4
27 4
28 4
31 4
34 4
35 4
36 4
37 4
38 4
39 4
40 4
42 4
46 4
47 4
48 4
50 4
51 4
52 4
53 4
58 4
59 4
61 4
62 4
63 4
64 4
65 4
70 4
71 4
73 4
74 4
77 4
80 4
82 4
87 4
92 4
93 4
94 4
95 4
96 4
99 4
100 4
2 5
4 5
6 5
7 5
10 5
13 5
14 5
17 5
18 5
20 5
23 5
24 5
32 5
33 5
35 5
37 5
38 5
39 5
43 5
44 5
45 5
47 5
50 5
52 5
54 5
55 5
56 5
58 5
60 5
61 5
62 5
63 5
64 5
66 5
68 5
69 5
71 5
76 5
77 5
78 5
79 5
83 5
84 5
86 5
87 5
89 5
90 5
91 5
93 5
94 5
95 5
99 5
100 5
1 6
4 6
5 6
10 6
12 6
13 6
14 6
15 6
17 6
19 6
21 6
24 6
27 6
28 6
30 6
32 6
36 6
38 6
42 6
43 6
45 6
47 6
50 6
54 6
55 6
56 6
57 6
58 6
63 6
64 6
65 6
66 6
68 6
72 6
73 6
77 6
80 6
81 6
82 6
83 6
85 6
88 6
89 6
92 6
95 6
97 6
99 6
4 7
5 7
9 7
11 7
14 7
15 7
16 7
20 7
22 7
24 7
25 7
26 7
27 7
33 7
34 7
35 7
36 7
44 7
47 7
50 7
54 7
55 7
58 7
59 7
60 7
63 7
65 7
70 7
71 7
72 7
80 7
81 7
83 7
87 7
90 7
91 7
92 7
93 7
98 7
99 7
100 7
3 8
4 8
5 8
12 8
14 8
17 8
18 8
20 8
21 8
23 8
25 8
28 8
29 8
37 8
40 8
41 8
42 8
43 8
44 8
46 8
50 8
51 8
52 8
54 8
55 8
59 8
61 8
64 8
65 8
67 8
68 8
69 8
70 8
71 8
72 8
73 8
76 8
80 8
81 8
84 8
85 8
87 8
90 8
91 8
97 8
99 8
1 9
2 9
6 9
8 9
9 9
10 9
11 9
12 9
13 9
14 9
15 9
17 9
18 9
22 9
23 9
25 9
27 9
29 9
30 9
40 9
43 9
44 9
47 9
48 9
50 9
51 9
52 9
53 9
54 9
57 9
60 9
61 9
62 9
63 9
65 9
66 9
71 9
72 9
73 9
76 9
78 9
81 9
82 9
87 9
92 9
94 9
95 9
1 10
2 10
3 10
4 10
5 10
6 10
9 10
10 10
11 10
13 10
14 10
16 10
17 10
19 10
23 10
24 10
25 10
28 10
29 10
30 10
34 10
44 10
47 10
49 10
52 10
53 10
55 10
58 10
59 10
63 10
65 10
71 10
72 10
74 10
75 10
76 10
77 10
81 10
82 10
87 10
88 10
89 10
90 10
92 10
93 10
98 10
3 11
4 11
5 11
7 11
11 11
12 11
13 11
14 11
24 11
25 11
27 11
28 11
29 11
35 11
36 11
38 11
43 11
44 11
45 11
49 11
50 11
51 11
55 11
58 11
59 11
60 11
62 11
64 11
65 11
66 11
67 11
70 11
72 11
76 11
79 11
80 11
82 11
83 11
84 11
87 11
89 11
90 11
91 11
93 11
94 11
100 11
2 12
6 12
7 12
12 12
13 12
15 12
17 12
18 12
19 12
20 12
21 12
23 12
24 12
27 12
28 12
29 12
30 12
32 12
33 12
34 12
35 12
36 12
37 12
38 12
39 12
40 12
43 12
45 12
46 12
47 12
49 12
50 12
52 12
53 12
55 12
57 12
60 12
61 12
62 12
63 12
67 12
69 12
72 12
73 12
74 12
75 12
79 12
81 12
82 12
83 12
86 12
87 12
90 12
91 12
94 12
98 12
100 12
1 13
3 13
4 13
5 13
6 13
7 13
8 13
9 13
12 13
14 13
15 13
16 13
18 13
19 13
20 13
23 13
25 13
26 13
27 13
29 13
31 13
33 13
34 13
35 13
37 13
38 13
39 13
41 13
48 13
50 13
51 13
53 13
56 13
58 13
61 13
62 13
66 13
67 13
70 13
74 13
76 13
81 13
82 13
84 13
86 13
87 13
89 13
93 13
96 13
99 13
1 14
3 14
5 14
6 14
9 14
10 14
13 14
14 14
15 14
17 14
18 14
21 14
22 14
24 14
27 14
28 14
30 14
31 14
32 14
33 14
34 14
38 14
40 14
41 14
42 14
43 14
46 14
47 14
48 14
50 14
52 14
54 14
55 14
58 14
59 14
62 14
65 14
67 14
68 14
70 14
72 14
74 14
76 14
77 14
82 14
83 14
85 14
88 14
89 14
97 14
98 14
99 14
100 14
2 15
3 15
7 15
9 15
10 15
14 15
15 15
16 15
17 15
18 15
20 15
21 15
22 15
25 15
27 15
30 15
31 15
34 15
38 15
39 15
41 15
43 15
44 15
46 15
49 15
51 15
54 15
55 15
57 15
60 15
64 15
65 15
67 15
70 15
74 15
76 15
78 15
80 15
81 15
82 15
83 15
85 15
86 15
87 15
89 15
90 15
91 15
92 15
95 15
96 15
97 15
100 15
1 16
3 16
5 16
6 16
11 16
12 16
20 16
21 16
24 16
25 16
26 16
27 16
29 16
30 16
31 16
32 16
33 16
38 16
39 16
41 16
43 16
44 16
47 16
48 16
49 16
50 16
51 16
53 16
55 16
56 16
57 16
59 16
60 16
63 16
64 16
65 16
66 16
68 16
69 16
70 16
73 16
77 16
81 16
84 16
88 16
89 16
91 16
94 16
96 16
97 16
98 16
99 16
7 17
10 17
12 17
13 17
14 17
15 17
16 17
19 17
22 17
23 17
24 17
25 17
31 17
32 17
34 17
39 17
40 17
43 17
47 17
49 17
56 17
57 17
61 17
64 17
68 17
69 17
70 17
71 17
73 17
74 17
75 17
78 17
82 17
84 17
85 17
88 17
89 17
92 17
93 17
94 17
96 17
97 17
3 18
4 18
8 18
9 18
10 18
11 18
12 18
13 18
15 18
16 18
17 18
18 18
19 18
22 18
24 18
25 18
31 18
33 18
34 18
36 18
38 18
39 18
43 18
48 18
51 18
54 18
57 18
59 18
62 18
66 18
67 18
69 18
70 18
74 18
75 18
78 18
79 18
80 18
81 18
82 18
84 18
86 18
91 18
92 18
95 18
96 18
98 18
99 18
1 19
4 19
5 19
7 19
8 19
10 19
11 19
12 19
13 19
15 19
16 19
17 19
19 19
29 19
31 19
32 19
37 19
43 19
46 19
48 19
50 19
51 19
53 19
57 19
58 19
59 19
61 19
62 19
63 19
64 19
65 19
67 19
68 19
71 19
78 19
88 19
89 19
91 19
93 19
96 19
99 19
2 20
3 20
6 20
8 20
9 20
10 20
11 20
14 20
15 20
19 20
23 20
24 20
25 20
27 20
28 20
30 20
31 20
33 20
34 20
42 20
44 20
48 20
49 20
51 20
52 20
58 20
60 20
62 20
64 20
67 20
68 20
69 20
70 20
72 20
73 20
75 20
77 20
79 20
81 20
82 20
83 20
84 20
86 20
87 20
88 20
92 20
93 20
95 20
97 20
98 20
99 20
100 20
4 21
6 21
7 21
10 21
11 21
12 21
13 21
14 21
15 21
16 21
17 21
19 21
20 21
22 21
24 21
26 21
30 21
32 21
34 21
36 21
38 21
39 21
41 21
44 21
46 21
47 21
50 21
51 21
54 21
55 21
56 21
59 21
60 21
62 21
63 21
65 21
70 21
73 21
75 21
77 21
83 21
84 21
86 21
90 21
94 21
95 21
99 21
1 22
2 22
3 22
4 22
11 22
12 22
13 22
14 22
16 22
18 22
22 22
27 22
28 22
32 22
33 22
34 22
35 22
36 22
37 22
40 22
49 22
51 22
52 22
53 22
54 22
56 22
57 22
59 22
60 22
61 22
62 22
65 22
67 22
71 22
74 22
77 22
78 22
80 22
82 22
83 22
84 22
89 22
92 22
94 22
96 22
97 22
99 22
100 22
3 23
4 23
6 23
7 23
8 23
9 23
12 23
15 23
17 23
18 23
19 23
20 23
21 23
25 23
26 23
27 23
29 23
30 23
31 23
35 23
36 23
37 23
39 23
41 23
43 23
46 23
48 23
52 23
53 23
54 23
55 23
57 23
58 23
60 23
63 23
64 23
66 23
67 23
69 23
72 23
73 23
74 23
75 23
76 23
77 23
78 23
80 23
81 23
86 23
87 23
88 23
91 23
94 23
96 23
98 23
100 23
3 24
8 24
10 24
11 24
12 24
13 24
15 24
17 24
22 24
24 24
25 24
28 24
33 24
35 24
36 24
37 24
40 24
41 24
42 24
44 24
52 24
53 24
54 24
56 24
58 24
60 24
61 24
64 24
66 24
67 24
68 24
70 24
71 24
72 24
74 24
78 24
79 24
80 24
81 24
84 24
85 24
86 24
87 24
89 24
93 24
94 24
96 24
98 24
99 24
2 25
3 25
4 25
8 25
13 25
14 25
18 25
20 25
23 25
25 25
26 25
28 25
30 25
33 25
34 25
40 25
41 25
43 25
45 25
49 25
50 25
56 25
59 25
60 25
61 25
62 25
64 25
65 25
66 25
68 25
69 25
74 25
76 25
80 25
82 25
83 25
84 25
87 25
88 25
90 25
92 25
93 25
97 25
1 26
2 26
3 26
6 26
10 26
11 26
12 26
13 26
14 26
16 26
18 26
19 26
21 26
22 26
24 26
25 26
26 26
30 26
31 26
32 26
33 26
34 26
35 26
37 26
39 26
42 26
43 26
44 26
47 26
53 26
54 26
55 26
56 26
57 26
59 26
60 26
62 26
64 26
68 26
69 26
70 26
71 26
72 26
73 26
74 26
76 26
77 26
78 26
81 26
86 26
87 26
88 26
91 26
94 26
95 26
98 26
100 26
1 27
2 27
3 27
4 27
5 27
6 27
7 27
8 27
10 27
11 27
15 27
18 27
20 27
22 27
24 27
25 27
26 27
27 27
29 27
31 27
32 27
34 27
35 27
36 27
38 27
43 27
45 27
46 27
49 27
51 27
52 27
53 27
55 27
57 27
58 27
59 27
60 27
63 27
66 27
67 27
70 27
72 27
73 27
75 27
76 27
79 27
81 27
83 27
94 27
1 28
4 28
8 28
9 28
10 28
11 28
13 28
14 28
15 28
16 28
18 28
19 28
22 28
23 28
24 28
25 28
26 28
29 28
32 28
33 28
39 28
40 28
41 28
42 28
44 28
45 28
49 28
50 28
53 28
55 28
57 28
58 28
61 28
63 28
64 28
65 28
66 28
67 28
68 28
70 28
71 28
72 28
73 28
74 28
75 28
76 28
77 28
78 28
80 28
84 28
85 28
88 28
89 28
91 28
93 28
94 28
96 28
2 29
4 29
6 29
7 29
8 29
9 29
10 29
11 29
14 29
16 29
17 29
19 29
21 29
23 29
25 29
26 29
29 29
31 29
32 29
33 29
38 29
40 29
42 29
46 29
49 29
50 29
51 29
52 29
54 29
55 29
56 29
57 29
58 29
59 29
60 29
61 29
65 29
68 29
70 29
72 29
73 29
74 29
77 29
78 29
83 29
86 29
87 29
88 29
89 29
93 29
95 29
96 29
98 29
100 29
2 30
3 30
5 30
8 30
9 30
10 30
11 30
13 30
15 30
16 30
17 30
20 30
21 30
24 30
25 30
27 30
29 30
30 30
33 30
36 30
38 30
44 30
45 30
47 30
48 30
49 30
52 30
54 30
58 30
59 30
63 30
68 30
72 30
73 30
74 30
75 30
77 30
79 30
87 30
88 30
91 30
93 30
95 30
96 30
97 30
98 30
99 30
1 31
3 31
8 31
9 31
10 31
11 31
12 31
18 31
20 31
21 31
26 31
28 31
30 31
38 31
39 31
41 31
44 31
46 31
48 31
50 31
52 31
53 31
54 31
56 31
58 31
59 31
64 31
67 31
69 31
72 31
73 31
74 31
80 31
83 31
87 31
89 31
91 31
92 31
93 31
95 31
96 31
1 32
2 32
3 32
4 32
6 32
12 32
14 32
17 32
19 32
25 32
28 32
31 32
32 32
33 32
34 32
36 32
37 32
38 32
39 32
42 32
43 32
44 32
49 32
50 32
51 32
53 32
59 32
60 32
61 32
64 32
72 32
73 32
74 32
75 32
78 32
80 32
83 32
84 32
86 32
90 32
92 32
97 32
99 32
100 32
1 33
2 33
6 33
10 33
17 33
18 33
20 33
21 33
22 33
25 33
26 33
27 33
29 33
31 33
32 33
33 33
34 33
35 33
36 33
37 33
38 33
42 33
44 33
48 33
52 33
54 33
55 33
61 33
62 33
63 33
64 33
66 33
67 33
68 33
70 33
71 33
72 33
75 33
76 33
78 33
85 33
89 33
90 33
91 33
93 33
94 33
97 33
98 33
1 34
2 34
6 34
12 34
14 34
18 34
19 34
21 34
22 34
23 34
24 34
27 34
28 34
29 34
30 34
31 34
35 34
36 34
38 34
39 34
43 34
49 34
54 34
56 34
57 34
58 34
59 34
64 34
68 34
70 34
74 34
75 34
76 34
77 34
78 34
79 34
83 34
84 34
88 34
91 34
92 34
93 34
95 34
97 34
98 34
100 34
1 35
4 35
5 35
6 35
8 35
9 35
11 35
14 35
17 35
21 35
22 35
24 35
25 35
26 35
27 35
30 35
31 35
35 35
37 35
38 35
39 35
41 35
42 35
43 35
44 35
48 35
52 35
53 35
58 35
59 35
60 35
61 35
63 35
65 35
69 35
70 35
73 35
74 35
78 35
80 35
82 35
84 35
85 35
86 35
87 35
89 35
90 35
92 35
93 35
94 35
96 35
97 35
99 35
1 36
2 36
7 36
10 36
12 36
14 36
15 36
16 36
20 36
22 36
24 36
25 36
27 36
31 36
35 36
36 36
38 36
39 36
40 36
41 36
43 36
44 36
45 36
46 36
47 36
48 36
50 36
52 36
55 36
60 36
62 36
69 36
70 36
71 36
73 36
75 36
82 36
84 36
85 36
90 36
91 36
94 36
98 36
99 36
100 36
1 37
3 37
5 37
9 37
10 37
11 37
14 37
15 37
16 37
19 37
21 37
22 37
23 37
27 37
30 37
34 37
35 37
36 37
39 37
40 37
42 37
43 37
46 37
47 37
51 37
52 37
53 37
54 37
55 37
57 37
59 37
60 37
65 37
66 37
69 37
70 37
72 37
73 37
74 37
75 37
76 37
79 37
80 37
81 37
86 37
88 37
91 37
93 37
96 37
97 37
100 37
2 38
5 38
6 38
7 38
9 38
10 38
12 38
14 38
15 38
18 38
19 38
21 38
23 38
24 38
28 38
29 38
30 38
32 38
33 38
35 38
39 38
40 38
42 38
43 38
44 38
46 38
51 38
52 38
53 38
56 38
57 38
58 38
61 38
62 38
65 38
66 38
68 38
69 38
70 38
71 38
72 38
73 38
74 38
75 38
77 38
78 38
79 38
82 38
85 38
86 38
87 38
89 38
90 38
94 38
96 38
98 38
100 38
1 39
3 39
5 39
8 39
13 39
14 39
16 39
17 39
19 39
20 39
22 39
27 39
32 39
35 39
39 39
47 39
48 39
50 39
52 39
54 39
55 39
56 39
60 39
65 39
67 39
68 39
69 39
71 39
72 39
74 39
75 39
76 39
78 39
79 39
80 39
81 39
82 39
84 39
85 39
88 39
89 39
92 39
94 39
98 39
100 39
1 40
2 40
3 40
6 40
7 40
11 40
12 40
13 40
15 40
16 40
17 40
19 40
21 40
22 40
24 40
25 40
26 40
30 40
31 40
32 40
33 40
39 40
44 40
45 40
46 40
47 40
48 40
50 40
52 40
56 40
57 40
61 40
66 40
67 40
68 40
69 40
70 40
72 40
73 40
75 40
76 40
80 40
82 40
85 40
86 40
88 40
93 40
96 40
99 40
100 40
4 41
5 41
6 41
11 41
13 41
14 41
17 41
19 41
20 41
27 41
28 41
31 41
34 41
39 41
40 41
43 41
44 41
45 41
47 41
48 41
49 41
51 41
53 41
54 41
55 41
57 41
58 41
60 41
61 41
65 41
66 41
67 41
70 41
71 41
76 41
79 41
80 41
82 41
84 41
85 41
88 41
89 41
92 41
94 41
95 41
98 41
99 41
100 41
2 42
5 42
6 42
8 42
11 42
14 42
15 42
22 42
23 42
25 42
29 42
30 42
31 42
32 42
33 42
34 42
35 42
40 42
42 42
45 42
47 42
48 42
49 42
50 42
51 42
54 42
56 42
58 42
59 42
62 42
69 42
70 42
72 42
74 42
75 42
76 42
77 42
80 42
81 42
84 42
87 42
88 42
89 42
92 42
93 42
95 42
97 42
99 42
100 42
1 43
2 43
3 43
4 43
5 43
7 43
9 43
10 43
12 43
14 43
17 43
20 43
21 43
22 43
25 43
26 43
31 43
35 43
36 43
37 43
38 43
40 43
41 43
42 43
44 43
45 43
46 43
48 43
52 43
53 43
54 43
55 43
57 43
60 43
63 43
67 43
69 43
70 43
71 43
72 43
73 43
76 43
77 43
78 43
81 43
82 43
83 43
88 43
90 43
91 43
92 43
96 43
97 43
100 43
1 44
2 44
3 44
5 44
6 44
7 44
8 44
10 44
13 44
14 44
15 44
17 44
20 44
21 44
24 44
25 44
26 44
27 44
28 44
29 44
32 44
33 44
35 44
37 44
39 44
41 44
43 44
44 44
46 44
48 44
49 44
50 44
51 44
53 44
54 44
63 44
71 44
75 44
76 44
78 44
79 44
80 44
81 44
82 44
86 44
88 44
96 44
97 44
98 44
100 44
1 45
2 45
3 45
4 45
5 45
9 45
11 45
12 45
14 45
15 45
16 45
17 45
19 45
21 45
23 45
27 45
28 45
29 45
30 45
31 45
33 45
34 45
35 45
36 45
38 45
41 45
42 45
44 45
49 45
51 45
52 45
55 45
58 45
60 45
61 45
62 45
63 45
64 45
65 45
68 45
72 45
74 45
76 45
77 45
79 45
82 45
83 45
85 45
86 45
87 45
88 45
89 45
90 45
92 45
93 45
96 45
97 45
98 45
100 45
2 46
6 46
7 46
8 46
9 46
10 46
11 46
12 46
18 46
25 46
26 46
31 46
33 46
35 46
36 46
37 46
39 46
40 46
41 46
42 46
45 46
46 46
47 46
48 46
49 46
50 46
52 46
54 46
55 46
56 46
61 46
62 46
64 46
66 46
67 46
68 46
69 46
71 46
73 46
74 46
77 46
82 46
86 46
87 46
90 46
93 46
97 46
99 46
5 47
7 47
8 47
9 47
10 47
12 47
13 47
14 47
15 47
20 47
21 47
24 47
27 47
29 47
32 47
33 47
34 47
35 47
36 47
37 47
38 47
42 47
44 47
47 47
50 47
52 47
53 47
54 47
58 47
59 47
60 47
61 47
62 47
64 47
65 47
66 47
68 47
69 47
70 47
71 47
73 47
78 47
79 47
80 47
81 47
82 47
86 47
88 47
89 47
91 47
93 47
96 47
3 48
4 48
8 48
9 48
10 48
14 48
19 48
22 48
23 48
28 48
29 48
30 48
31 48
33 48
36 48
40 48
41 48
43 48
44 48
46 48
49 48
51 48
54 48
57 48
59 48
60 48
62 48
64 48
65 48
66 48
67 48
69 48
70 48
72 48
73 48
76 48
78 48
79 48
80 48
81 48
82 48
84 48
87 48
88 48
89 48
90 48
91 48
92 48
93 48
95 48
97 48
98 48
99 48
100 48
2 49
3 49
6 49
7 49
13 49
15 49
16 49
18 49
19 49
22 49
23 49
27 49
30 49
32 49
33 49
34 49
36 49
37 49
43 49
44 49
45 49
46 49
47 49
49 49
50 49
53 49
54 49
55 49
56 49
57 49
58 49
60 49
61 49
63 49
68 49
70 49
77 49
78 49
79 49
80 49
81 49
83 49
84 49
85 49
86 49
87 49
88 49
91 49
93 49
94 49
95 49
96 49
98 49
1 50
2 50
3 50
6 50
7 50
9 50
11 50
12 50
13 50
14 50
18 50
19 50
21 50
22 50
23 50
31 50
32 50
36 50
42 50
45 50
46 50
47 50
48 50
49 50
50 50
51 50
53 50
57 50
58 50
59 50
60 50
61 50
62 50
63 50
64 50
67 50
70 50
75 50
76 50
78 50
79 50
80 50
81 50
85 50
87 50
88 50
93 50
94 50
95 50
96 50
99 50
100 50
1 51
2 51
5 51
6 51
7 51
8 51
10 51
11 51
12 51
14 51
16 51
17 51
18 51
19 51
20 51
21 51
24 51
25 51
26 51
27 51
28 51
30 51
32 51
33 51
34 51
35 51
37 51
39 51
42 51
43 51
44 51
46 51
47 51
48 51
49 51
50 51
53 51
54 51
56 51
58 51
59 51
60 51
62 51
65 51
69 51
70 51
71 51
74 51
76 51
80 51
82 51
84 51
85 51
86 51
95 51
3 52
5 52
6 52
8 52
12 52
14 52
15 52
16 52
17 52
20 52
21 52
23 52
27 52
29 52
31 52
32 52
33 52
34 52
35 52
37 52
40 52
42 52
45 52
46 52
47 52
48 52
49 52
51 52
52 52
54 52
56 52
58 52
60 52
62 52
63 52
64 52
66 52
67 52
69 52
70 52
72 52
73 52
77 52
79 52
80 52
81 52
87 52
90 52
91 52
93 52
96 52
97 52
98 52
1 53
2 53
3 53
4 53
7 53
8 53
11 53
13 53
14 53
15 53
19 53
22 53
23 53
24 53
25 53
26 53
29 53
31 53
34 53
35 53
40 53
43 53
45 53
48 53
50 53
51 53
52 53
53 53
55 53
59 53
61 53
62 53
64 53
65 53
67 53
68 53
69 53
72 53
73 53
74 53
75 53
79 53
82 53
84 53
85 53
89 53
90 53
91 53
93 53
95 53
99 53
2 54
3 54
4 54
6 54
8 54
11 54
13 54
14 54
15 54
16 54
19 54
20 54
21 54
23 54
26 54
29 54
34 54
36 54
38 54
42 54
43 54
45 54
49 54
50 54
51 54
52 54
53 54
55 54
57 54
58 54
59 54
61 54
62 54
63 54
65 54
66 54
67 54
68 54
70 54
71 54
75 54
77 54
78 54
80 54
81 54
82 54
87 54
93 54
94 54
100 54
1 55
2 55
6 55
7 55
9 55
10 55
16 55
17 55
19 55
20 55
21 55
23 55
25 55
27 55
30 55
31 55
32 55
35 55
38 55
39 55
40 55
41 55
44 55
46 55
47 55
48 55
49 55
51 55
52 55
58 55
60 55
64 55
65 55
69 55
70 55
72 55
73 55
75 55
79 55
81 55
85 55
86 55
93 55
94 55
95 55
97 55
98 55
100 55
1 56
2 56
3 56
4 56
5 56
7 56
8 56
9 56
10 56
12 56
13 56
14 56
16 56
18 56
20 56
21 56
23 56
24 56
25 56
31 56
34 56
35 56
36 56
37 56
38 56
39 56
40 56
42 56
50 56
54 56
56 56
59 56
62 56
64 56
66 56
69 56
71 56
72 56
74 56
75 56
77 56
80 56
81 56
82 56
83 56
85 56
88 56
90 56
91 56
92 56
96 56
97 56
98 56
99 56
100 56
1 57
2 57
3 57
4 57
5 57
8 57
10 57
14 57
17 57
19 57
26 57
28 57
30 57
31 57
33 57
34 57
35 57
40 57
41 57
42 57
43 57
45 57
46 57
47 57
50 57
52 57
53 57
54 57
56 57
59 57
62 57
63 57
64 57
65 57
67 57
68 57
69 57
70 57
72 57
75 57
76 57
77 57
78 57
79 57
84 57
85 57
87 57
88 57
91 57
93 57
95 57
2 58
4 58
5 58
6 58
7 58
8 58
9 58
11 58
13 58
15 58
17 58
19 58
20 58
23 58
24 58
27 58
28 58
29 58
31 58
32 58
33 58
34 58
37 58
38 58
41 58
44 58
45 58
46 58
47 58
49 58
50 58
51 58
53 58
54 58
62 58
64 58
65 58
66 58
67 58
68 58
69 58
70 58
72 58
74 58
80 58
83 58
86 58
88 58
89 58
90 58
91 58
95 58
96 58
97 58
100 58
2 59
3 59
5 59
9 59
10 59
11 59
13 59
14 59
15 59
17 59
18 59
19 59
21 59
22 59
23 59
24 59
27 59
28 59
30 59
34 59
36 59
39 59
42 59
45 59
46 59
48 59
49 59
51 59
54 59
56 59
59 59
60 59
61 59
63 59
64 59
67 59
70 59
72 59
74 59
75 59
76 59
79 59
82 59
83 59
86 59
89 59
90 59
94 59
95 59
96 59
98 59
1 60
5 60
6 60
7 60
10 60
11 60
12 60
13 60
15 60
16 60
19 60
20 60
22 60
23 60
24 60
25 60
27 60
29 60
32 60
35 60
36 60
39 60
40 60
43 60
45 60
46 60
47 60
48 60
49 60
50 60
51 60
52 60
53 60
54 60
55 60
57 60
58 60
59 60
60 60
61 60
64 60
67 60
70 60
73 60
74 60
75 60
77 60
78 60
80 60
82 60
83 60
84 60
89 60
90 60
95 60
97 60
98 60
100 60
1 61
3 61
6 61
7 61
9 61
11 61
12 61
17 61
19 61
20 61
21 61
22 61
24 61
28 61
31 61
34 61
36 61
39 61
40 61
41 61
45 61
46 61
47 61
49 61
50 61
51 61
55 61
56 61
63 61
65 61
70 61
75 61
77 61
79 61
83 61
91 61
93 61
94 61
95 61
96 61
98 61
99 61
1 62
2 62
3 62
6 62
8 62
9 62
10 62
12 62
19 62
20 62
21 62
22 62
23 62
27 62
28 62
30 62
31 62
37 62
38 62
39 62
40 62
41 62
43 62
44 62
45 62
46 62
47 62
48 62
50 62
52 62
64 62
65 62
67 62
69 62
70 62
73 62
74 62
75 62
76 62
85 62
86 62
88 62
89 62
90 62
91 62
93 62
95 62
96 62
99 62
100 62
1 63
2 63
6 63
9 63
10 63
15 63
17 63
18 63
22 63
23 63
24 63
26 63
29 63
36 63
38 63
39 63
47 63
48 63
51 63
53 63
55 63
59 63
64 63
65 63
67 63
68 63
74 63
75 63
77 63
78 63
80 63
81 63
83 63
87 63
89 63
92 63
93 63
94 63
95 63
96 63
1 64
2 64
3 64
6 64
10 64
12 64
15 64
16 64
17 64
19 64
21 64
23 64
28 64
29 64
31 64
32 64
33 64
34 64
35 64
36 64
39 64
41 64
42 64
43 64
44 64
46 64
50 64
51 64
52 64
55 64
56 64
59 64
60 64
61 64
64 64
65 64
69 64
70 64
71 64
72 64
76 64
78 64
83 64
85 64
86 64
87 64
89 64
90 64
91 64
97 64
1 65
2 65
3 65
4 65
5 65
6 65
8 65
11 65
17 65
18 65
19 65
20 65
22 65
23 65
24 65
25 65
28 65
30 65
31 65
32 65
33 65
35 65
36 65
39 65
41 65
42 65
46 65
48 65
50 65
51 65
52 65
53 65
54 65
55 65
62 65
65 65
67 65
68 65
71 65
73 65
74 65
76 65
78 65
79 65
81 65
86 65
87 65
92 65
94 65
95 65
96 65
2 66
7 66
8 66
9 66
10 66
11 66
13 66
15 66
16 66
17 66
18 66
20 66
21 66
23 66
24 66
25 66
26 66
28 66
31 66
33 66
34 66
35 66
36 66
37 66
38 66
41 66
42 66
44 66
46 66
48 66
49 66
51 66
52 66
54 66
58 66
60 66
67 66
72 66
74 66
77 66
78 66
82 66
83 66
85 66
87 66
88 66
90 66
97 66
98 66
2 67
4 67
10 67
13 67
15 67
17 67
18 67
20 67
21 67
22 67
24 67
26 67
27 67
31 67
32 67
34 67
35 67
36 67
38 67
39 67
41 67
43 67
45 67
46 67
47 67
48 67
49 67
50 67
51 67
52 67
53 67
55 67
56 67
59 67
60 67
61 67
63 67
64 67
66 67
68 67
69 67
72 67
73 67
74 67
75 67
77 67
80 67
82 67
83 67
84 67
85 67
87 67
88 67
90 67
91 67
95 67
98 67
99 67
3 68
6 68
8 68
13 68
14 68
15 68
16 68
17 68
18 68
29 68
30 68
31 68
32 68
33 68
34 68
36 68
37 68
38 68
42 68
47 68
48 68
50 68
52 68
54 68
55 68
56 68
65 68
66 68
67 68
69 68
72 68
73 68
74 68
76 68
78 68
79 68
81 68
82 68
83 68
86 68
89 68
90 68
93 68
94 68
95 68
97 68
99 68
7 69
9 69
11 69
12 69
13 69
14 69
18 69
20 69
24 69
29 69
30 69
32 69
34 69
35 69
38 69
45 69
47 69
49 69
51 69
57 69
58 69
59 69
61 69
64 69
66 69
67 69
73 69
75 69
78 69
80 69
81 69
84 69
85 69
86 69
88 69
89 69
91 69
92 69
94 69
95 69
97 69
98 69
100 69
3 70
5 70
6 70
8 70
10 70
13 70
15 70
16 70
18 70
19 70
21 70
23 70
24 70
28 70
32 70
37 70
39 70
41 70
42 70
43 70
49 70
51 70
52 70
53 70
55 70
59 70
60 70
61 70
63 70
64 70
65 70
69 70
72 70
77 70
79 70
80 70
81 70
85 70
86 70
89 70
91 70
93 70
94 70
96 70
2 71
3 71
6 71
7 71
8 71
10 71
11 71
12 71
13 71
14 71
15 71
16 71
19 71
20 71
21 71
22 71
23 71
25 71
27 71
29 71
30 71
31 71
34 71
35 71
37 71
38 71
39 71
40 71
41 71
44 71
47 71
49 71
52 71
53 71
55 71
57 71
58 71
59 71
60 71
61 71
62 71
66 71
69 71
71 71
78 71
79 71
80 71
81 71
82 71
88 71
89 71
91 71
92 71
94 71
95 71
96 71
97 71
98 71
100 71
2 72
3 72
5 72
9 72
11 72
12 72
14 72
15 72
17 72
20 72
21 72
22 72
24 72
27 72
29 72
31 72
35 72
36 72
38 72
39 72
42 72
44 72
50 72
52 72
53 72
55 72
56 72
57 72
59 72
60 72
61 72
63 72
64 72
65 72
68 72
71 72
76 72
77 72
79 72
80 72
83 72
84 72
88 72
89 72
93 72
94 72
96 72
97 72
99 72
100 72
2 73
4 73
6 73
7 73
9 73
12 73
13 73
14 73
18 73
19 73
21 73
22 73
24 73
25 73
30 73
31 73
32 73
33 73
34 73
35 73
36 73
38 73
40 73
42 73
43 73
44 73
46 73
48 73
49 73
55 73
56 73
58 73
59 73
61 73
62 73
63 73
64 73
69 73
71 73
72 73
74 73
78 73
79 73
81 73
83 73
85 73
90 73
92 73
93 73
94 73
95 73
97 73
98 73
99 73
1 74
4 74
6 74
8 74
10 74
13 74
16 74
18 74
19 74
21 74
22 74
23 74
28 74
31 74
35 74
37 74
40 74
42 74
44 74
46 74
51 74
53 74
54 74
56 74
57 74
60 74
61 74
63 74
64 74
65 74
66 74
69 74
72 74
73 74
74 74
76 74
78 74
80 74
83 74
84 74
85 74
86 74
88 74
92 74
95 74
96 74
97 74
98 74
1 75
2 75
3 75
8 75
9 75
10 75
12 75
13 75
15 75
16 75
18 75
20 75
21 75
22 75
23 75
26 75
28 75
29 75
30 75
32 75
33 75
34 75
35 75
36 75
37 75
39 75
43 75
44 75
46 75
47 75
48 75
49 75
50 75
51 75
54 75
56 75
57 75
58 75
62 75
64 75
68 75
71 75
74 75
77 75
81 75
82 75
83 75
84 75
86 75
88 75
89 75
92 75
93 75
96 75
97 75
1 76
5 76
6 76
7 76
8 76
10 76
19 76
21 76
25 76
27 76
28 76
29 76
33 76
36 76
37 76
39 76
40 76
41 76
43 76
44 76
47 76
48 76
49 76
52 76
53 76
54 76
59 76
60 76
62 76
65 76
67 76
69 76
71 76
72 76
74 76
75 76
76 76
77 76
79 76
80 76
83 76
85 76
87 76
88 76
89 76
93 76
96 76
97 76
99 76
1 77
4 77
7 77
9 77
15 77
16 77
18 77
20 77
21 77
22 77
23 77
24 77
25 77
26 77
28 77
29 77
30 77
31 77
33 77
37 77
38 77
41 77
42 77
44 77
45 77
49 77
52 77
54 77
55 77
56 77
58 77
59 77
60 77
61 77
63 77
64 77
65 77
66 77
68 77
69 77
70 77
71 77
79 77
81 77
83 77
84 77
85 77
86 77
88 77
90 77
93 77
95 77
1 78
6 78
11 78
12 78
13 78
15 78
16 78
17 78
19 78
20 78
21 78
22 78
24 78
26 78
27 78
30 78
33 78
34 78
36 78
37 78
38 78
41 78
45 78
46 78
48 78
52 78
53 78
57 78
58 78
59 78
62 78
63 78
64 78
66 78
67 78
68 78
69 78
71 78
72 78
73 78
74 78
75 78
77 78
81 78
83 78
84 78
85 78
86 78
87 78
88 78
89 78
90 78
91 78
92 78
93 78
95 78
96 78
97 78
98 78
2 79
5 79
7 79
9 79
11 79
14 79
16 79
17 79
20 79
21 79
22 79
23 79
24 79
26 79
27 79
31 79
33 79
34 79
35 79
36 79
38 79
39 79
41 79
49 79
50 79
52 79
54 79
55 79
56 79
62 79
63 79
64 79
67 79
68 79
71 79
72 79
73 79
76 79
77 79
78 79
79 79
80 79
81 79
83 79
86 79
87 79
88 79
89 79
91 79
92 79
93 79
96 79
99 79
1 80
4 80
5 80
6 80
7 80
8 80
9 80
10 80
11 80
13 80
14 80
17 80
21 80
22 80
24 80
28 80
29 80
30 80
31 80
35 80
36 80
37 80
39 80
40 80
41 80
42 80
46 80
54 80
56 80
59 80
60 80
61 80
62 80
63 80
67 80
68 80
71 80
73 80
75 80
76 80
78 80
79 80
82 80
83 80
84 80
85 80
87 80
90 80
92 80
94 80
97 80
98 80
3 81
4 81
5 81
6 81
9 81
12 81
13 81
17 81
20 81
22 81
25 81
26 81
27 81
32 81
33 81
34 81
35 81
36 81
37 81
40 81
41 81
45 81
46 81
48 81
49 81
50 81
51 81
52 81
53 81
54 81
55 81
57 81
59 81
60 81
65 81
66 81
67 81
68 81
71 81
74 81
76 81
77 81
78 81
79 81
80 81
81 81
82 81
85 81
88 81
89 81
92 81
94 81
96 81
98 81
99 81
1 82
3 82
5 82
6 82
9 82
12 82
15 82
18 82
20 82
23 82
24 82
25 82
26 82
28 82
30 82
31 82
32 82
33 82
34 82
35 82
36 82
38 82
41 82
44 82
46 82
47 82
49 82
50 82
56 82
57 82
58 82
59 82
62 82
63 82
65 82
68 82
69 82
71 82
73 82
75 82
76 82
77 82
78 82
81 82
82 82
84 82
85 82
87 82
88 82
89 82
91 82
92 82
93 82
94 82
95 82
97 82
98 82
1 83
2 83
6 83
10 83
11 83
15 83
17 83
20 83
23 83
24 83
25 83
28 83
29 83
32 83
34 83
43 83
44 83
45 83
46 83
47 83
48 83
49 83
51 83
55 83
56 83
58 83
62 83
63 83
66 83
69 83
70 83
71 83
72 83
74 83
76 83
77 83
81 83
83 83
86 83
90 83
91 83
92 83
93 83
96 83
97 83
99 83
100 83
1 84
4 84
5 84
6 84
7 84
8 84
9 84
12 84
15 84
16 84
18 84
19 84
20 84
22 84
23 84
25 84
26 84
28 84
33 84
34 84
35 84
36 84
38 84
40 84
43 84
45 84
46 84
47 84
48 84
50 84
52 84
56 84
57 84
59 84
61 84
62 84
63 84
66 84
70 84
71 84
72 84
75 84
76 84
77 84
80 84
81 84
82 84
83 84
84 84
85 84
89 84
90 84
96 84
98 84
100 84
5 85
8 85
9 85
10 85
11 85
13 85
14 85
15 85
16 85
18 85
19 85
24 85
26 85
28 85
30 85
31 85
33 85
34 85
37 85
39 85
42 85
43 85
45 85
46 85
54 85
57 85
63 85
65 85
66 85
69 85
71 85
72 85
75 85
76 85
81 85
84 85
87 85
88 85
93 85
94 85
98 85
99 85
1 86
3 86
4 86
5 86
6 86
8 86
10 86
14 86
16 86
19 86
20 86
22 86
24 86
25 86
27 86
29 86
31 86
36 86
44 86
46 86
47 86
48 86
49 86
52 86
53 86
59 86
63 86
64 86
65 86
66 86
67 86
72 86
75 86
78 86
80 86
83 86
87 86
89 86
90 86
94 86
95 86
96 86
97 86
98 86
99 86
100 86
1 87
5 87
8 87
10 87
11 87
12 87
14 87
16 87
17 87
19 87
21 87
24 87
27 87
28 87
32 87
33 87
36 87
39 87
40 87
41 87
43 87
44 87
47 87
49 87
50 87
51 87
52 87
54 87
56 87
58 87
59 87
62 87
66 87
67 87
69 87
70 87
72 87
74 87
77 87
78 87
79 87
81 87
82 87
84 87
90 87
91 87
92 87
96 87
97 87
99 87
1 88
2 88
3 88
5 88
6 88
7 88
8 88
9 88
15 88
16 88
17 88
19 88
21 88
22 88
23 88
26 88
29 88
30 88
31 88
32 88
37 88
38 88
44 88
45 88
51 88
52 88
53 88
55 88
56 88
58 88
65 88
71 88
73 88
74 88
77 88
79 88
80 88
82 88
84 88
85 88
86 88
87 88
89 88
90 88
92 88
93 88
95 88
99 88
100 88
1 89
2 89
3 89
5 89
6 89
7 89
10 89
13 89
16 89
17 89
18 89
19 89
21 89
24 89
25 89
26 89
27 89
29 89
30 89
31 89
32 89
34 89
35 89
36 89
38 89
42 89
43 89
44 89
46 89
47 89
49 89
51 89
56 89
57 89
58 89
60 89
61 89
66 89
68 89
70 89
72 89
73 89
76 89
77 89
78 89
83 89
85 89
88 89
91 89
92 89
97 89
4 90
6 90
7 90
8 90
10 90
12 90
13 90
15 90
17 90
20 90
23 90
24 90
25 90
29 90
30 90
31 90
32 90
34 90
37 90
38 90
39 90
41 90
42 90
43 90
45 90
48 90
52 90
55 90
58 90
61 90
62 90
65 90
67 90
68 90
70 90
71 90
72 90
74 90
75 90
76 90
77 90
80 90
81 90
82 90
88 90
93 90
94 90
97 90
98 90
99 90
1 91
2 91
3 91
4 91
8 91
9 91
11 91
12 91
13 91
14 91
18 91
19 91
20 91
21 91
23 91
24 91
25 91
27 91
28 91
29 91
30 91
40 91
42 91
45 91
48 91
51 91
52 91
53 91
54 91
55 91
56 91
58 91
59 91
61 91
67 91
69 91
73 91
74 91
75 91
78 91
80 91
82 91
83 91
84 91
85 91
88 91
89 91
90 91
92 91
94 91
95 91
96 91
99 91
6 92
9 92
10 92
11 92
13 92
14 92
15 92
18 92
19 92
21 92
24 92
25 92
26 92
27 92
28 92
31 92
32 92
35 92
37 92
39 92
40 92
42 92
48 92
49 92
51 92
53 92
55 92
56 92
57 92
60 92
61 92
63 92
64 92
65 92
68 92
73 92
74 92
75 92
76 92
77 92
78 92
80 92
82 92
83 92
85 92
86 92
88 92
90 92
93 92
94 92
99 92
100 92
2 93
3 93
4 93
6 93
7 93
8 93
9 93
10 93
11 93
12 93
16 93
19 93
21 93
22 93
25 93
26 93
28 93
29 93
30 93
32 93
33 93
34 93
35 93
36 93
38 93
40 93
43 93
46 93
47 93
49 93
52 93
54 93
55 93
56 93
58 93
59 93
62 93
63 93
64 93
67 93
68 93
71 93
73 93
74 93
76 93
77 93
78 93
79 93
83 93
84 93
87 93
89 93
93 93
94 93
97 93
98 93
99 93
3 94
4 94
6 94
7 94
8 94
9 94
11 94
13 94
14 94
15 94
18 94
19 94
22 94
24 94
29 94
30 94
31 94
32 94
33 94
36 94
45 94
46 94
48 94
49 94
51 94
55 94
58 94
59 94
62 94
65 94
67 94
68 94
71 94
75 94
77 94
78 94
79 94
80 94
82 94
84 94
86 94
90 94
95 94
97 94
98 94
4 95
5 95
6 95
7 95
10 95
13 95
14 95
16 95
20 95
21 95
23 95
24 95
25 95
26 95
28 95
30 95
31 95
35 95
37 95
38 95
43 95
44 95
46 95
47 95
52 95
53 95
54 95
58 95
59 95
61 95
62 95
65 95
67 95
68 95
69 95
70 95
71 95
73 95
74 95
75 95
78 95
79 95
80 95
81 95
86 95
88 95
91 95
92 95
96 95
97 95
1 96
2 96
3 96
4 96
5 96
6 96
7 96
8 96
9 96
10 96
11 96
13 96
14 96
16 96
17 96
18 96
20 96
21 96
27 96
28 96
29 96
30 96
32 96
34 96
37 96
38 96
39 96
40 96
41 96
42 96
44 96
47 96
49 96
50 96
52 96
56 96
57 96
63 96
66 96
68 96
69 96
77 96
82 96
85 96
87 96
96 96
97 96
100 96
2 97
5 97
7 97
8 97
9 97
13 97
14 97
16 97
18 97
19 97
21 97
22 97
24 97
28 97
33 97
35 97
36 97
40 97
42 97
43 97
44 97
48 97
53 97
54 97
56 97
57 97
58 97
59 97
61 97
64 97
66 97
67 97
68 97
69 97
70 97
72 97
76 97
77 97
79 97
84 97
85 97
86 97
88 97
89 97
91 97
93 97
95 97
97 97
98 97
1 98
2 98
3 98
4 98
5 98
7 98
8 98
9 98
10 98
11 98
13 98
16 98
18 98
19 98
20 98
21 98
22 98
23 98
28 98
29 98
30 98
36 98
38 98
39 98
41 98
46 98
47 98
48 98
52 98
53 98
54 98
55 98
56 98
57 98
58 98
59 98
61 98
63 98
64 98
65 98
66 98
67 98
68 98
73 98
75 98
77 98
85 98
90 98
91 98
93 98
94 98
95 98
97 98
98 98
100 98
1 99
2 99
5 99
6 99
7 99
10 99
13 99
17 99
20 99
23 99
24 99
28 99
29 99
31 99
32 99
34 99
36 99
38 99
41 99
44 99
50 99
55 99
57 99
59 99
60 99
63 99
66 99
69 99
70 99
71 99
72 99
74 99
78 99
81 99
85 99
86 99
92 99
94 99
95 99
97 99
99 99
100 99
1 100
4 100
5 100
6 100
8 100
9 100
13 100
15 100
16 100
18 100
19 100
20 100
23 100
24 100
27 100
29 100
33 100
36 100
37 100
38 100
39 100
42 100
44 100
45 100
46 100
47 100
48 100
49 100
50 100
52 100
56 100
58 100
60 100
64 100
66 100
68 100
72 100
73 100
74 100
77 100
80 100
81 100
83 100
84 100
87 100
88 100
89 100
90 100
91 100
93 100
94 100
96 100
100 100
