100
1 1
2 1
5 1
7 1
11 1
13 1
15 1
18 1
19 1
20 1
21 1
25 1
26 1
27 1
28 1
31 1
32 1
33 1
34 1
36 1
37 1
39 1
40 1
41 1
44 1
45 1
46 1
47 1
48 1
49 1
50 1
51 1
53 1
56 1
61 1
64 1
65 1
66 1
68 1
70 1
71 1
72 1
75 1
77 1
79 1
80 1
82 1
83 1
88 1
89 1
90 1
91 1
92 1
93 1
97 1
99 1
100 1
2 2
6 2
7 2
10 2
11 2
14 2
17 2
18 2
20 2
21 2
25 2
26 2
27 2
29 2
31 2
34 2
35 2
37 2
41 2
49 2
53 2
54 2
58 2
59 2
60 2
61 2
62 2
63 2
65 2
66 2
67 2
68 2
69 2
70 2
71 2
73 2
74 2
76 2
78 2
79 2
81 2
82 2
86 2
87 2
89 2
91 2
92 2
93 2
97 2
98 2
1 3
2 3
3 3
6 3
8 3
9 3
10 3
13 3
14 3
15 3
17 3
18 3
20 3
21 3
23 3
27 3
31 3
33 3
34 3
36 3
37 3
39 3
41 3
43 3
45 3
48 3
49 3
50 3
51 3
52 3
56 3
58 3
60 3
61 3
62 3
63 3
64 3
67 3
72 3
74 3
75 3
76 3
77 3
78 3
79 3
80 3
81 3
82 3
83 3
85 3
86 3
88 3
90 3
100 3
2 4
7 4
8 4
9 4
10 4
12 4
14 4
18 4
19 4
23 4
24 4
25 4
26 4
28 4
29 4
36 4
41 4
42 4
43 4
44 4
46 4
47 4
48 4
51 4
54 4
57 4
59 4
60 4
62 4
67 4
70 4
72 4
74 4
75 4
76 4
77 4
78 4
80 4
81 4
83 4
85 4
86 4
88 4
93 4
95 4
97 4
99 4
2 5
4 5
5 5
7 5
8 5
10 5
12 5
14 5
17 5
18 5
19 5
20 5
22 5
23 5
26 5
27 5
29 5
30 5
33 5
35 5
41 5
42 5
43 5
45 5
48 5
50 5
51 5
53 5
56 5
57 5
60 5
64 5
65 5
66 5
68 5
69 5
70 5
71 5
73 5
77 5
80 5
81 5
83 5
84 5
85 5
86 5
87 5
88 5
92 5
93 5
95 5
96 5
97 5
100 5
2 6
4 6
5 6
9 6
11 6
12 6
14 6
15 6
17 6
21 6
22 6
25 6
26 6
28 6
34 6
35 6
36 6
41 6
43 6
44 6
45 6
47 6
48 6
49 6
54 6
57 6
58 6
60 6
63 6
64 6
65 6
67 6
70 6
72 6
73 6
75 6
76 6
77 6
78 6
80 6
82 6
83 6
84 6
86 6
88 6
89 6
91 6
94 6
98 6
99 6
100 6
2 7
3 7
4 7
5 7
7 7
8 7
12 7
15 7
19 7
20 7
21 7
22 7
23 7
24 7
26 7
28 7
30 7
32 7
33 7
35 7
38 7
39 7
41 7
42 7
47 7
49 7
54 7
56 7
61 7
62 7
63 7
65 7
68 7
73 7
74 7
75 7
76 7
78 7
85 7
86 7
88 7
89 7
90 7
93 7
96 7
97 7
99 7
100 7
2 8
6 8
7 8
10 8
12 8
16 8
17 8
18 8
21 8
26 8
29 8
30 8
31 8
32 8
33 8
36 8
37 8
40 8
41 8
42 8
43 8
45 8
49 8
50 8
51 8
52 8
53 8
54 8
56 8
60 8
62 8
63 8
64 8
65 8
66 8
74 8
75 8
76 8
78 8
80 8
82 8
83 8
84 8
85 8
87 8
88 8
89 8
92 8
94 8
95 8
97 8
99 8
100 8
1 9
2 9
5 9
6 9
7 9
11 9
14 9
15 9
16 9
17 9
20 9
22 9
26 9
28 9
30 9
32 9
33 9
35 9
36 9
37 9
39 9
40 9
42 9
43 9
44 9
45 9
48 9
57 9
58 9
61 9
62 9
63 9
64 9
68 9
69 9
71 9
73 9
75 9
77 9
78 9
79 9
80 9
83 9
84 9
85 9
88 9
90 9
91 9
93 9
94 9
3 10
4 10
7 10
8 10
9 10
11 10
12 10
14 10
19 10
21 10
22 10
25 10
27 10
29 10
30 10
32 10
33 10
34 10
39 10
40 10
44 10
45 10
46 10
48 10
49 10
50 10
51 10
55 10
56 10
57 10
60 10
61 10
63 10
66 10
67 10
68 10
69 10
71 10
72 10
73 10
74 10
75 10
77 10
79 10
80 10
82 10
83 10
84 10
86 10
89 10
91 10
94 10
95 10
1 11
5 11
6 11
12 11
15 11
18 11
20 11
22 11
24 11
25 11
26 11
29 11
33 11
36 11
37 11
44 11
46 11
50 11
52 11
53 11
54 11
59 11
61 11
63 11
64 11
66 11
67 11
74 11
75 11
78 11
79 11
81 11
83 11
86 11
89 11
90 11
91 11
92 11
94 11
95 11
97 11
98 11
100 11
1 12
3 12
5 12
6 12
7 12
9 12
10 12
11 12
12 12
13 12
14 12
16 12
18 12
19 12
20 12
24 12
33 12
37 12
38 12
40 12
41 12
42 12
43 12
49 12
57 12
61 12
62 12
65 12
66 12
68 12
69 12
76 12
79 12
83 12
84 12
90 12
92 12
96 12
97 12
1 13
2 13
3 13
8 13
11 13
12 13
13 13
16 13
26 13
27 13
28 13
30 13
32 13
33 13
35 13
36 13
43 13
44 13
45 13
46 13
50 13
53 13
54 13
56 13
57 13
58 13
60 13
61 13
62 13
65 13
67 13
70 13
71 13
73 13
74 13
78 13
80 13
82 13
83 13
84 13
85 13
88 13
93 13
95 13
96 13
98 13
100 13
1 14
2 14
4 14
5 14
9 14
10 14
11 14
14 14
15 14
16 14
19 14
20 14
21 14
22 14
28 14
29 14
31 14
32 14
33 14
34 14
38 14
39 14
40 14
41 14
45 14
46 14
47 14
51 14
52 14
54 14
55 14
57 14
59 14
60 14
62 14
64 14
65 14
67 14
68 14
70 14
71 14
73 14
75 14
76 14
81 14
88 14
90 14
91 14
92 14
93 14
94 14
96 14
99 14
2 15
4 15
5 15
7 15
9 15
10 15
11 15
14 15
15 15
17 15
18 15
19 15
22 15
24 15
25 15
26 15
27 15
28 15
30 15
33 15
34 15
35 15
36 15
39 15
41 15
48 15
55 15
57 15
61 15
62 15
64 15
65 15
66 15
67 15
70 15
71 15
73 15
81 15
84 15
85 15
89 15
91 15
92 15
93 15
94 15
96 15
99 15
1 16
2 16
7 16
9 16
10 16
11 16
13 16
14 16
15 16
18 16
21 16
23 16
25 16
26 16
29 16
30 16
32 16
33 16
35 16
36 16
41 16
42 16
45 16
46 16
48 16
51 16
53 16
54 16
56 16
57 16
60 16
61 16
62 16
64 16
66 16
67 16
68 16
69 16
72 16
75 16
76 16
78 16
79 16
80 16
81 16
82 16
85 16
90 16
91 16
92 16
93 16
94 16
99 16
100 16
2 17
3 17
4 17
6 17
7 17
8 17
9 17
10 17
14 17
15 17
16 17
18 17
19 17
20 17
21 17
22 17
23 17
24 17
29 17
30 17
34 17
37 17
39 17
41 17
42 17
43 17
45 17
46 17
50 17
52 17
53 17
55 17
56 17
57 17
58 17
60 17
65 17
72 17
73 17
75 17
76 17
81 17
82 17
84 17
91 17
94 17
95 17
96 17
98 17
1 18
2 18
3 18
5 18
6 18
8 18
9 18
10 18
15 18
16 18
18 18
23 18
27 18
28 18
32 18
34 18
36 18
37 18
38 18
40 18
42 18
43 18
49 18
51 18
53 18
54 18
58 18
59 18
61 18
62 18
63 18
64 18
68 18
69 18
70 18
71 18
74 18
75 18
77 18
80 18
81 18
82 18
85 18
86 18
88 18
91 18
92 18
93 18
94 18
95 18
98 18
99 18
1 19
3 19
4 19
6 19
8 19
9 19
11 19
14 19
18 19
19 19
23 19
24 19
26 19
28 19
34 19
35 19
38 19
39 19
40 19
41 19
42 19
43 19
45 19
47 19
48 19
50 19
51 19
52 19
54 19
59 19
60 19
61 19
62 19
63 19
66 19
67 19
68 19
69 19
70 19
71 19
76 19
78 19
81 19
82 19
84 19
92 19
94 19
98 19
99 19
100 19
1 20
3 20
8 20
9 20
11 20
12 20
15 20
16 20
19 20
24 20
26 20
28 20
29 20
31 20
36 20
38 20
40 20
41 20
42 20
43 20
44 20
45 20
46 20
48 20
52 20
58 20
60 20
61 20
63 20
64 20
66 20
67 20
70 20
71 20
73 20
76 20
77 20
80 20
82 20
87 20
91 20
93 20
97 20
2 21
11 21
17 21
19 21
21 21
24 21
25 21
27 21
28 21
29 21
30 21
32 21
34 21
35 21
39 21
41 21
42 21
43 21
44 21
50 21
52 21
53 21
54 21
59 21
61 21
62 21
64 21
67 21
70 21
71 21
72 21
73 21
74 21
75 21
76 21
77 21
78 21
79 21
80 21
82 21
83 21
85 21
87 21
89 21
90 21
92 21
94 21
96 21
98 21
2 22
5 22
8 22
9 22
10 22
16 22
19 22
21 22
22 22
23 22
24 22
27 22
29 22
36 22
37 22
38 22
39 22
41 22
42 22
43 22
44 22
45 22
46 22
47 22
49 22
50 22
56 22
58 22
60 22
61 22
65 22
67 22
70 22
72 22
75 22
80 22
81 22
83 22
84 22
85 22
87 22
88 22
94 22
96 22
97 22
98 22
100 22
1 23
7 23
8 23
9 23
10 23
11 23
12 23
16 23
18 23
19 23
20 23
25 23
28 23
29 23
31 23
33 23
35 23
36 23
37 23
39 23
40 23
43 23
50 23
55 23
61 23
63 23
65 23
69 23
70 23
73 23
74 23
75 23
76 23
77 23
79 23
81 23
83 23
84 23
89 23
90 23
92 23
99 23
100 23
1 24
4 24
6 24
7 24
9 24
14 24
15 24
16 24
18 24
22 24
25 24
26 24
27 24
28 24
29 24
33 24
34 24
38 24
41 24
42 24
43 24
45 24
47 24
48 24
50 24
53 24
54 24
55 24
56 24
59 24
61 24
62 24
63 24
64 24
67 24
70 24
72 24
75 24
76 24
78 24
81 24
88 24
89 24
90 24
92 24
93 24
94 24
95 24
96 24
98 24
99 24
2 25
4 25
13 25
18 25
21 25
23 25
24 25
25 25
26 25
28 25
30 25
31 25
32 25
33 25
35 25
37 25
41 25
42 25
43 25
45 25
46 25
47 25
48 25
51 25
53 25
54 25
55 25
56 25
58 25
61 25
64 25
65 25
66 25
67 25
69 25
70 25
71 25
74 25
75 25
77 25
78 25
80 25
84 25
85 25
86 25
89 25
91 25
92 25
94 25
95 25
96 25
97 25
1 26
2 26
4 26
5 26
6 26
11 26
12 26
17 26
22 26
23 26
24 26
27 26
30 26
35 26
36 26
37 26
39 26
40 26
43 26
47 26
49 26
50 26
58 26
59 26
61 26
62 26
64 26
66 26
67 26
71 26
74 26
75 26
79 26
81 26
82 26
83 26
85 26
88 26
89 26
93 26
94 26
98 26
99 26
1 27
2 27
3 27
4 27
6 27
8 27
9 27
11 27
14 27
15 27
17 27
19 27
21 27
22 27
23 27
27 27
28 27
30 27
32 27
33 27
35 27
36 27
37 27
39 27
40 27
42 27
44 27
46 27
47 27
53 27
56 27
57 27
58 27
60 27
62 27
66 27
67 27
70 27
71 27
72 27
73 27
74 27
75 27
76 27
78 27
83 27
84 27
85 27
89 27
90 27
91 27
92 27
97 27
98 27
99 27
100 27
1 28
2 28
3 28
4 28
8 28
12 28
13 28
14 28
16 28
21 28
22 28
23 28
24 28
26 28
27 28
30 28
31 28
32 28
33 28
35 28
38 28
39 28
41 28
42 28
43 28
45 28
48 28
50 28
51 28
53 28
54 28
55 28
62 28
63 28
64 28
66 28
69 28
70 28
75 28
76 28
77 28
78 28
79 28
84 28
88 28
91 28
95 28
1 29
5 29
6 29
9 29
12 29
13 29
17 29
18 29
21 29
25 29
27 29
29 29
31 29
32 29
33 29
37 29
40 29
42 29
46 29
49 29
50 29
59 29
62 29
66 29
68 29
69 29
70 29
71 29
73 29
74 29
75 29
76 29
77 29
79 29
81 29
82 29
88 29
89 29
93 29
94 29
97 29
99 29
100 29
2 30
3 30
4 30
11 30
12 30
14 30
16 30
18 30
19 30
20 30
21 30
22 30
23 30
25 30
26 30
30 30
31 30
32 30
33 30
39 30
40 30
47 30
49 30
50 30
51 30
53 30
54 30
55 30
56 30
58 30
59 30
61 30
62 30
64 30
66 30
67 30
70 30
71 30
72 30
74 30
76 30
77 30
78 30
79 30
80 30
86 30
87 30
90 30
95 30
96 30
98 30
99 30
1 31
4 31
7 31
8 31
10 31
15 31
16 31
22 31
26 31
27 31
31 31
34 31
35 31
36 31
37 31
39 31
44 31
45 31
48 31
49 31
51 31
53 31
54 31
56 31
58 31
60 31
61 31
62 31
63 31
65 31
66 31
68 31
69 31
72 31
73 31
80 31
82 31
83 31
84 31
86 31
88 31
89 31
90 31
93 31
95 31
96 31
99 31
1 32
3 32
4 32
5 32
10 32
14 32
19 32
23 32
25 32
27 32
31 32
32 32
33 32
36 32
37 32
39 32
42 32
44 32
45 32
47 32
51 32
52 32
54 32
57 32
59 32
61 32
63 32
67 32
68 32
69 32
72 32
73 32
74 32
76 32
78 32
81 32
83 32
86 32
88 32
89 32
90 32
92 32
93 32
95 32
97 32
99 32
100 32
2 33
5 33
6 33
7 33
10 33
11 33
13 33
14 33
15 33
18 33
19 33
22 33
24 33
26 33
30 33
34 33
36 33
39 33
42 33
43 33
45 33
46 33
47 33
48 33
49 33
50 33
51 33
52 33
53 33
54 33
56 33
60 33
62 33
63 33
66 33
67 33
68 33
71 33
74 33
78 33
80 33
82 33
84 33
87 33
89 33
90 33
93 33
96 33
4 34
5 34
6 34
9 34
10 34
14 34
16 34
17 34
18 34
19 34
20 34
22 34
24 34
25 34
29 34
30 34
32 34
36 34
38 34
39 34
40 34
43 34
45 34
46 34
51 34
52 34
53 34
62 34
63 34
64 34
68 34
70 34
71 34
72 34
73 34
76 34
78 34
84 34
86 34
90 34
91 34
92 34
93 34
97 34
100 34
1 35
2 35
4 35
5 35
10 35
11 35
13 35
15 35
18 35
21 35
22 35
23 35
26 35
27 35
34 35
36 35
42 35
43 35
44 35
46 35
47 35
50 35
51 35
53 35
55 35
56 35
58 35
59 35
61 35
63 35
64 35
65 35
67 35
69 35
71 35
73 35
76 35
78 35
79 35
81 35
82 35
84 35
87 35
88 35
89 35
90 35
91 35
92 35
95 35
100 35
2 36
3 36
6 36
7 36
8 36
14 36
15 36
17 36
19 36
21 36
24 36
27 36
29 36
31 36
33 36
35 36
39 36
42 36
46 36
48 36
49 36
50 36
53 36
55 36
58 36
61 36
62 36
63 36
64 36
68 36
71 36
72 36
73 36
81 36
84 36
85 36
86 36
87 36
88 36
91 36
92 36
93 36
94 36
95 36
97 36
98 36
99 36
100 36
2 37
4 37
5 37
6 37
7 37
9 37
10 37
13 37
14 37
16 37
18 37
20 37
21 37
25 37
26 37
27 37
28 37
29 37
31 37
33 37
34 37
35 37
40 37
41 37
42 37
44 37
45 37
48 37
49 37
50 37
52 37
57 37
59 37
60 37
63 37
64 37
65 37
66 37
67 37
69 37
70 37
72 37
74 37
76 37
77 37
78 37
81 37
82 37
83 37
84 37
86 37
90 37
91 37
93 37
94 37
96 37
98 37
99 37
100 37
1 38
2 38
5 38
7 38
8 38
9 38
10 38
12 38
16 38
17 38
18 38
19 38
23 38
24 38
29 38
32 38
36 38
39 38
40 38
42 38
43 38
44 38
45 38
46 38
49 38
50 38
53 38
57 38
61 38
62 38
65 38
67 38
69 38
71 38
72 38
73 38
78 38
80 38
82 38
90 38
94 38
95 38
96 38
97 38
99 38
3 39
5 39
7 39
8 39
9 39
11 39
14 39
17 39
18 39
19 39
23 39
24 39
26 39
31 39
32 39
33 39
34 39
35 39
36 39
39 39
41 39
42 39
44 39
46 39
49 39
50 39
51 39
54 39
56 39
59 39
61 39
63 39
64 39
65 39
66 39
68 39
69 39
71 39
72 39
73 39
75 39
78 39
79 39
82 39
83 39
84 39
85 39
86 39
87 39
89 39
90 39
91 39
93 39
97 39
98 39
1 40
3 40
5 40
7 40
15 40
20 40
22 40
23 40
28 40
29 40
30 40
33 40
37 40
40 40
41 40
42 40
45 40
46 40
47 40
49 40
50 40
53 40
56 40
57 40
59 40
60 40
62 40
63 40
64 40
66 40
67 40
69 40
70 40
71 40
77 40
78 40
79 40
81 40
82 40
87 40
88 40
90 40
91 40
93 40
94 40
96 40
100 40
1 41
3 41
8 41
10 41
11 41
12 41
14 41
15 41
19 41
20 41
22 41
32 41
33 41
35 41
37 41
39 41
40 41
42 41
43 41
44 41
45 41
46 41
47 41
48 41
49 41
52 41
54 41
56 41
58 41
60 41
61 41
62 41
67 41
68 41
69 41
70 41
73 41
74 41
75 41
77 41
78 41
79 41
82 41
86 41
88 41
91 41
92 41
97 41
3 42
4 42
7 42
9 42
11 42
12 42
13 42
16 42
17 42
18 42
19 42
21 42
22 42
24 42
26 42
29 42
30 42
37 42
39 42
44 42
47 42
51 42
54 42
55 42
57 42
58 42
61 42
62 42
63 42
64 42
66 42
68 42
72 42
74 42
75 42
76 42
80 42
82 42
83 42
84 42
88 42
89 42
90 42
91 42
92 42
96 42
98 42
99 42
1 43
3 43
5 43
6 43
7 43
8 43
9 43
10 43
12 43
13 43
14 43
15 43
16 43
18 43
19 43
20 43
22 43
23 43
26 43
27 43
28 43
31 43
32 43
33 43
34 43
35 43
37 43
38 43
39 43
40 43
43 43
44 43
45 43
47 43
49 43
51 43
55 43
56 43
57 43
59 43
60 43
62 43
67 43
69 43
74 43
76 43
77 43
78 43
80 43
85 43
86 43
87 43
89 43
91 43
92 43
97 43
98 43
99 43
100 43
1 44
3 44
7 44
8 44
9 44
12 44
17 44
18 44
20 44
21 44
23 44
24 44
25 44
28 44
30 44
31 44
35 44
37 44
38 44
39 44
40 44
41 44
42 44
46 44
48 44
49 44
50 44
51 44
53 44
54 44
55 44
57 44
60 44
61 44
63 44
64 44
67 44
70 44
74 44
76 44
80 44
81 44
82 44
85 44
88 44
89 44
90 44
92 44
93 44
94 44
99 44
2 45
3 45
7 45
12 45
14 45
15 45
16 45
17 45
18 45
22 45
27 45
28 45
30 45
32 45
35 45
36 45
37 45
40 45
42 45
45 45
46 45
48 45
50 45
55 45
57 45
59 45
60 45
62 45
63 45
64 45
67 45
69 45
71 45
74 45
75 45
76 45
78 45
81 45
82 45
83 45
84 45
85 45
89 45
94 45
96 45
97 45
98 45
99 45
1 46
2 46
4 46
5 46
6 46
8 46
11 46
12 46
14 46
17 46
18 46
19 46
22 46
23 46
25 46
26 46
27 46
28 46
30 46
35 46
37 46
39 46
42 46
43 46
46 46
49 46
51 46
52 46
53 46
54 46
60 46
63 46
64 46
67 46
69 46
70 46
72 46
74 46
75 46
76 46
78 46
79 46
80 46
82 46
83 46
84 46
85 46
86 46
87 46
90 46
93 46
94 46
95 46
98 46
99 46
1 47
2 47
4 47
9 47
11 47
14 47
16 47
17 47
19 47
20 47
23 47
25 47
30 47
33 47
34 47
36 47
40 47
41 47
43 47
45 47
48 47
51 47
58 47
60 47
61 47
63 47
64 47
66 47
68 47
69 47
70 47
71 47
72 47
77 47
82 47
83 47
84 47
85 47
91 47
93 47
94 47
98 47
100 47
1 48
3 48
4 48
5 48
7 48
9 48
13 48
14 48
18 48
19 48
20 48
21 48
22 48
23 48
24 48
26 48
27 48
29 48
33 48
36 48
38 48
41 48
43 48
47 48
48 48
49 48
52 48
54 48
55 48
58 48
60 48
63 48
64 48
65 48
67 48
69 48
70 48
71 48
73 48
74 48
75 48
76 48
77 48
78 48
81 48
82 48
83 48
84 48
85 48
86 48
88 48
92 48
93 48
96 48
97 48
100 48
1 49
3 49
6 49
7 49
9 49
10 49
11 49
15 49
19 49
20 49
22 49
26 49
27 49
28 49
30 49
32 49
33 49
36 49
37 49
43 49
44 49
45 49
49 49
54 49
57 49
58 49
59 49
62 49
65 49
66 49
67 49
68 49
70 49
72 49
73 49
77 49
78 49
79 49
83 49
84 49
86 49
90 49
91 49
94 49
96 49
97 49
98 49
2 50
3 50
4 50
6 50
7 50
8 50
11 50
12 50
17 50
19 50
21 50
22 50
23 50
25 50
26 50
29 50
33 50
36 50
37 50
40 50
41 50
42 50
44 50
46 50
48 50
49 50
52 50
53 50
57 50
58 50
59 50
60 50
61 50
67 50
69 50
70 50
71 50
74 50
76 50
77 50
78 50
82 50
85 50
86 50
87 50
88 50
90 50
91 50
93 50
96 50
99 50
100 50
1 51
2 51
6 51
7 51
9 51
13 51
16 51
17 51
21 51
22 51
23 51
25 51
26 51
27 51
29 51
32 51
33 51
34 51
35 51
37 51
38 51
48 51
49 51
50 51
52 51
53 51
55 51
58 51
59 51
60 51
61 51
63 51
66 51
67 51
70 51
71 51
72 51
79 51
82 51
83 51
86 51
88 51
89 51
91 51
92 51
93 51
94 51
98 51
100 51
1 52
2 52
4 52
6 52
9 52
12 52
14 52
15 52
17 52
18 52
22 52
23 52
25 52
26 52
27 52
31 52
33 52
37 52
38 52
42 52
44 52
46 52
47 52
48 52
49 52
50 52
51 52
52 52
53 52
56 52
60 52
62 52
63 52
64 52
66 52
72 52
78 52
81 52
96 52
97 52
98 52
100 52
5 53
7 53
8 53
9 53
10 53
11 53
14 53
19 53
22 53
24 53
26 53
28 53
30 53
32 53
34 53
37 53
38 53
40 53
41 53
42 53
44 53
45 53
46 53
47 53
48 53
50 53
53 53
56 53
57 53
60 53
61 53
63 53
64 53
67 53
69 53
70 53
71 53
75 53
79 53
80 53
82 53
83 53
84 53
89 53
90 53
91 53
92 53
93 53
94 53
95 53
96 53
97 53
99 53
1 54
2 54
3 54
5 54
7 54
8 54
10 54
11 54
17 54
18 54
21 54
22 54
23 54
26 54
30 54
31 54
33 54
34 54
35 54
37 54
38 54
44 54
45 54
47 54
50 54
51 54
52 54
55 54
59 54
61 54
62 54
63 54
66 54
67 54
68 54
69 54
70 54
72 54
80 54
84 54
85 54
87 54
88 54
89 54
90 54
91 54
92 54
93 54
95 54
97 54
99 54
1 55
3 55
4 55
5 55
7 55
11 55
13 55
14 55
15 55
16 55
17 55
20 55
21 55
22 55
27 55
29 55
32 55
33 55
35 55
36 55
37 55
38 55
39 55
41 55
44 55
45 55
47 55
48 55
51 55
52 55
53 55
55 55
57 55
59 55
60 55
61 55
62 55
63 55
65 55
67 55
70 55
73 55
76 55
80 55
86 55
88 55
89 55
90 55
91 55
92 55
93 55
94 55
96 55
97 55
2 56
3 56
5 56
7 56
8 56
9 56
10 56
11 56
14 56
19 56
21 56
23 56
24 56
26 56
28 56
29 56
31 56
34 56
37 56
40 56
44 56
45 56
46 56
47 56
48 56
50 56
52 56
56 56
59 56
60 56
61 56
64 56
67 56
69 56
73 56
74 56
75 56
76 56
81 56
82 56
83 56
87 56
88 56
90 56
91 56
94 56
96 56
97 56
99 56
100 56
1 57
2 57
6 57
8 57
9 57
11 57
12 57
13 57
15 57
16 57
20 57
23 57
27 57
29 57
31 57
32 57
33 57
35 57
38 57
39 57
40 57
42 57
47 57
48 57
52 57
55 57
57 57
62 57
63 57
67 57
69 57
71 57
73 57
74 57
75 57
76 57
78 57
79 57
80 57
82 57
88 57
89 57
91 57
92 57
97 57
98 57
100 57
1 58
2 58
5 58
6 58
7 58
8 58
10 58
15 58
23 58
24 58
25 58
26 58
28 58
30 58
31 58
40 58
41 58
42 58
43 58
44 58
45 58
51 58
52 58
54 58
55 58
57 58
58 58
59 58
60 58
62 58
63 58
64 58
65 58
67 58
69 58
76 58
77 58
78 58
83 58
86 58
88 58
89 58
90 58
91 58
92 58
93 58
94 58
96 58
97 58
1 59
2 59
5 59
6 59
8 59
9 59
12 59
13 59
14 59
16 59
17 59
19 59
20 59
21 59
23 59
24 59
25 59
28 59
29 59
30 59
36 59
37 59
39 59
41 59
42 59
43 59
44 59
46 59
48 59
49 59
50 59
51 59
53 59
54 59
57 59
58 59
59 59
64 59
65 59
69 59
71 59
73 59
74 59
75 59
76 59
79 59
80 59
84 59
85 59
86 59
87 59
90 59
96 59
98 59
99 59
100 59
1 60
2 60
3 60
5 60
6 60
8 60
9 60
11 60
12 60
15 60
18 60
19 60
20 60
21 60
26 60
27 60
28 60
29 60
31 60
33 60
34 60
35 60
38 60
40 60
42 60
45 60
48 60
50 60
52 60
53 60
55 60
56 60
58 60
59 60
60 60
61 60
63 60
65 60
66 60
69 60
72 60
76 60
78 60
79 60
83 60
85 60
87 60
95 60
97 60
98 60
1 61
3 61
4 61
5 61
6 61
8 61
9 61
11 61
15 61
17 61
18 61
19 61
22 61
24 61
26 61
28 61
29 61
30 61
31 61
33 61
35 61
37 61
38 61
40 61
46 61
47 61
48 61
51 61
52 61
53 61
54 61
57 61
58 61
60 61
64 61
66 61
67 61
68 61
73 61
76 61
79 61
80 61
81 61
83 61
84 61
87 61
89 61
90 61
92 61
94 61
95 61
96 61
3 62
4 62
7 62
8 62
9 62
10 62
13 62
14 62
15 62
19 62
23 62
25 62
26 62
27 62
28 62
29 62
30 62
31 62
32 62
36 62
40 62
41 62
42 62
43 62
45 62
47 62
50 62
51 62
52 62
54 62
58 62
59 62
60 62
61 62
62 62
68 62
71 62
73 62
79 62
81 62
82 62
84 62
86 62
88 62
89 62
90 62
91 62
96 62
97 62
98 62
100 62
5 63
6 63
11 63
13 63
15 63
16 63
17 63
18 63
19 63
20 63
23 63
27 63
28 63
30 63
31 63
34 63
40 63
43 63
45 63
48 63
49 63
52 63
55 63
56 63
59 63
69 63
70 63
71 63
73 63
74 63
75 63
76 63
81 63
82 63
83 63
84 63
86 63
87 63
88 63
92 63
93 63
98 63
2 64
5 64
6 64
7 64
8 64
10 64
11 64
12 64
16 64
17 64
23 64
24 64
25 64
27 64
30 64
34 64
35 64
39 64
44 64
47 64
49 64
51 64
52 64
54 64
56 64
58 64
60 64
62 64
68 64
72 64
79 64
80 64
81 64
82 64
83 64
85 64
86 64
87 64
88 64
89 64
94 64
95 64
97 64
99 64
100 64
4 65
6 65
7 65
8 65
9 65
11 65
12 65
13 65
14 65
18 65
22 65
23 65
24 65
25 65
27 65
28 65
31 65
35 65
36 65
38 65
41 65
43 65
46 65
51 65
52 65
53 65
54 65
55 65
58 65
59 65
66 65
69 65
71 65
74 65
75 65
78 65
79 65
83 65
84 65
85 65
86 65
87 65
88 65
89 65
93 65
94 65
95 65
97 65
100 65
1 66
2 66
4 66
5 66
9 66
12 66
13 66
16 66
18 66
19 66
20 66
22 66
29 66
31 66
32 66
37 66
38 66
39 66
40 66
42 66
48 66
49 66
50 66
55 66
56 66
58 66
59 66
60 66
61 66
62 66
64 66
65 66
66 66
67 66
68 66
71 66
77 66
79 66
80 66
83 66
84 66
85 66
87 66
88 66
91 66
92 66
93 66
95 66
96 66
99 66
2 67
3 67
5 67
6 67
8 67
9 67
10 67
11 67
14 67
18 67
21 67
22 67
23 67
27 67
28 67
32 67
33 67
35 67
36 67
38 67
41 67
43 67
50 67
51 67
52 67
57 67
58 67
62 67
63 67
64 67
65 67
67 67
68 67
71 67
72 67
74 67
75 67
82 67
84 67
85 67
86 67
87 67
89 67
90 67
92 67
95 67
97 67
98 67
99 67
2 68
4 68
8 68
9 68
10 68
12 68
13 68
14 68
16 68
20 68
21 68
23 68
27 68
28 68
30 68
34 68
37 68
39 68
40 68
41 68
43 68
44 68
48 68
50 68
52 68
53 68
54 68
55 68
57 68
61 68
63 68
69 68
72 68
73 68
75 68
76 68
78 68
79 68
81 68
86 68
87 68
88 68
93 68
94 68
97 68
98 68
99 68
100 68
1 69
2 69
10 69
12 69
13 69
15 69
16 69
17 69
18 69
19 69
21 69
23 69
24 69
25 69
27 69
28 69
33 69
37 69
39 69
40 69
41 69
43 69
45 69
46 69
51 69
53 69
54 69
56 69
60 69
62 69
64 69
66 69
69 69
71 69
72 69
73 69
76 69
78 69
79 69
82 69
83 69
85 69
86 69
89 69
90 69
92 69
93 69
95 69
96 69
99 69
100 69
2 70
3 70
6 70
7 70
8 70
9 70
10 70
11 70
14 70
15 70
16 70
17 70
19 70
20 70
21 70
23 70
24 70
28 70
29 70
30 70
32 70
34 70
43 70
46 70
47 70
50 70
52 70
54 70
56 70
61 70
63 70
65 70
77 70
82 70
83 70
85 70
86 70
87 70
89 70
90 70
93 70
94 70
95 70
96 70
3 71
5 71
6 71
7 71
8 71
9 71
10 71
11 71
19 71
21 71
23 71
24 71
25 71
26 71
29 71
30 71
32 71
33 71
34 71
38 71
40 71
42 71
43 71
44 71
45 71
47 71
49 71
50 71
52 71
54 71
57 71
62 71
63 71
65 71
68 71
69 71
71 71
72 71
75 71
76 71
77 71
78 71
79 71
80 71
82 71
85 71
88 71
90 71
94 71
95 71
97 71
99 71
1 72
3 72
4 72
5 72
6 72
8 72
9 72
12 72
16 72
19 72
20 72
27 72
28 72
32 72
34 72
38 72
43 72
44 72
46 72
49 72
51 72
54 72
57 72
59 72
60 72
61 72
62 72
64 72
67 72
71 72
72 72
73 72
76 72
77 72
78 72
82 72
88 72
90 72
93 72
95 72
97 72
98 72
99 72
100 72
1 73
3 73
4 73
6 73
9 73
10 73
12 73
14 73
15 73
17 73
19 73
20 73
21 73
22 73
24 73
25 73
27 73
29 73
33 73
43 73
44 73
46 73
47 73
48 73
49 73
50 73
51 73
53 73
54 73
55 73
56 73
58 73
59 73
60 73
62 73
64 73
67 73
69 73
72 73
75 73
76 73
79 73
80 73
83 73
84 73
85 73
88 73
89 73
92 73
96 73
97 73
98 73
100 73
1 74
4 74
5 74
7 74
9 74
10 74
17 74
18 74
22 74
23 74
24 74
28 74
33 74
34 74
35 74
38 74
45 74
46 74
50 74
51 74
53 74
54 74
55 74
56 74
57 74
58 74
59 74
61 74
62 74
64 74
67 74
68 74
70 74
75 74
77 74
80 74
81 74
82 74
84 74
85 74
88 74
90 74
93 74
94 74
95 74
96 74
2 75
3 75
6 75
12 75
14 75
16 75
18 75
19 75
20 75
21 75
22 75
23 75
25 75
26 75
29 75
31 75
33 75
34 75
35 75
37 75
38 75
41 75
42 75
43 75
44 75
45 75
46 75
48 75
52 75
54 75
55 75
61 75
62 75
63 75
65 75
66 75
67 75
68 75
71 75
72 75
73 75
77 75
78 75
81 75
85 75
87 75
88 75
91 75
93 75
94 75
95 75
97 75
99 75
2 76
3 76
8 76
10 76
12 76
15 76
16 76
18 76
20 76
24 76
25 76
27 76
28 76
30 76
31 76
32 76
33 76
34 76
35 76
36 76
38 76
42 76
43 76
50 76
51 76
53 76
59 76
62 76
63 76
64 76
65 76
67 76
69 76
70 76
75 76
76 76
81 76
84 76
85 76
87 76
93 76
99 76
5 77
8 77
9 77
13 77
15 77
16 77
17 77
18 77
19 77
20 77
23 77
28 77
30 77
32 77
33 77
34 77
35 77
38 77
43 77
44 77
51 77
57 77
58 77
62 77
64 77
65 77
67 77
70 77
74 77
76 77
77 77
78 77
80 77
81 77
82 77
84 77
85 77
86 77
87 77
89 77
91 77
93 77
94 77
97 77
98 77
2 78
4 78
5 78
8 78
10 78
12 78
13 78
14 78
15 78
19 78
20 78
22 78
25 78
26 78
27 78
28 78
29 78
31 78
33 78
35 78
36 78
38 78
43 78
44 78
45 78
48 78
49 78
51 78
55 78
56 78
58 78
59 78
60 78
61 78
64 78
68 78
69 78
70 78
71 78
72 78
74 78
76 78
79 78
80 78
81 78
90 78
92 78
93 78
96 78
97 78
100 78
1 79
4 79
7 79
8 79
12 79
17 79
18 79
19 79
20 79
22 79
23 79
25 79
28 79
29 79
31 79
32 79
34 79
37 79
39 79
41 79
43 79
44 79
45 79
48 79
49 79
55 79
57 79
58 79
60 79
61 79
62 79
64 79
65 79
67 79
70 79
71 79
77 79
78 79
80 79
83 79
84 79
85 79
87 79
88 79
90 79
95 79
96 79
97 79
98 79
100 79
1 80
3 80
4 80
5 80
8 80
10 80
12 80
13 80
14 80
15 80
20 80
21 80
22 80
26 80
27 80
28 80
29 80
32 80
34 80
35 80
38 80
39 80
45 80
49 80
50 80
51 80
52 80
55 80
59 80
60 80
61 80
62 80
66 80
67 80
69 80
71 80
74 80
78 80
80 80
81 80
83 80
84 80
85 80
86 80
87 80
88 80
89 80
91 80
93 80
94 80
97 80
99 80
100 80
3 81
5 81
6 81
8 81
10 81
11 81
12 81
14 81
15 81
17 81
18 81
21 81
22 81
25 81
28 81
32 81
33 81
34 81
37 81
39 81
42 81
44 81
47 81
49 81
54 81
55 81
57 81
59 81
60 81
64 81
65 81
66 81
67 81
69 81
71 81
72 81
73 81
74 81
75 81
76 81
77 81
80 81
82 81
83 81
84 81
86 81
87 81
90 81
91 81
93 81
94 81
97 81
98 81
99 81
4 82
7 82
9 82
14 82
15 82
17 82
19 82
22 82
23 82
25 82
26 82
27 82
28 82
31 82
32 82
33 82
35 82
36 82
40 82
45 82
48 82
49 82
50 82
52 82
53 82
54 82
56 82
57 82
61 82
63 82
64 82
68 82
69 82
70 82
73 82
77 82
78 82
79 82
80 82
83 82
84 82
85 82
88 82
89 82
90 82
92 82
93 82
94 82
96 82
97 82
98 82
100 82
1 83
2 83
3 83
7 83
12 83
13 83
17 83
18 83
19 83
20 83
22 83
23 83
25 83
27 83
28 83
30 83
31 83
33 83
38 83
39 83
41 83
42 83
43 83
44 83
47 83
48 83
51 83
57 83
59 83
61 83
62 83
63 83
64 83
65 83
67 83
68 83
69 83
70 83
71 83
78 83
84 83
85 83
87 83
88 83
90 83
92 83
93 83
94 83
97 83
98 83
99 83
100 83
7 84
9 84
10 84
11 84
12 84
17 84
18 84
22 84
23 84
32 84
33 84
37 84
40 84
45 84
46 84
47 84
49 84
52 84
54 84
55 84
56 84
57 84
59 84
60 84
61 84
62 84
63 84
67 84
68 84
69 84
70 84
72 84
75 84
77 84
78 84
79 84
81 84
83 84
84 84
87 84
89 84
93 84
94 84
95 84
97 84
3 85
4 85
6 85
8 85
10 85
11 85
13 85
14 85
16 85
17 85
18 85
19 85
21 85
25 85
28 85
30 85
36 85
38 85
39 85
41 85
42 85
43 85
44 85
45 85
46 85
48 85
50 85
53 85
55 85
56 85
57 85
58 85
61 85
62 85
65 85
66 85
67 85
70 85
72 85
73 85
76 85
77 85
80 85
83 85
85 85
86 85
93 85
98 85
1 86
2 86
3 86
5 86
7 86
8 86
9 86
12 86
13 86
14 86
15 86
16 86
23 86
24 86
25 86
27 86
32 86
35 86
36 86
37 86
38 86
39 86
43 86
44 86
45 86
50 86
52 86
54 86
55 86
56 86
57 86
58 86
59 86
67 86
68 86
72 86
74 86
75 86
76 86
77 86
78 86
79 86
81 86
82 86
83 86
84 86
85 86
86 86
88 86
90 86
91 86
94 86
96 86
98 86
1 87
2 87
7 87
9 87
11 87
12 87
14 87
22 87
23 87
24 87
25 87
26 87
29 87
31 87
32 87
34 87
38 87
40 87
42 87
43 87
45 87
52 87
53 87
57 87
58 87
59 87
60 87
61 87
62 87
63 87
64 87
67 87
70 87
71 87
72 87
73 87
76 87
77 87
79 87
80 87
81 87
82 87
87 87
88 87
89 87
91 87
92 87
93 87
94 87
98 87
100 87
1 88
3 88
5 88
6 88
8 88
10 88
11 88
14 88
19 88
20 88
21 88
24 88
25 88
27 88
28 88
29 88
31 88
33 88
37 88
38 88
41 88
44 88
49 88
50 88
53 88
57 88
58 88
60 88
61 88
63 88
64 88
65 88
68 88
70 88
73 88
75 88
78 88
80 88
81 88
85 88
89 88
91 88
94 88
95 88
96 88
97 88
98 88
100 88
2 89
4 89
5 89
6 89
7 89
11 89
12 89
13 89
14 89
15 89
16 89
17 89
23 89
25 89
26 89
27 89
28 89
29 89
30 89
32 89
34 89
35 89
36 89
37 89
40 89
41 89
42 89
45 89
48 89
49 89
51 89
52 89
53 89
55 89
57 89
58 89
59 89
60 89
62 89
63 89
64 89
65 89
68 89
69 89
74 89
78 89
80 89
81 89
83 89
87 89
94 89
95 89
96 89
98 89
99 89
3 90
10 90
12 90
13 90
17 90
19 90
20 90
22 90
23 90
24 90
25 90
26 90
29 90
33 90
36 90
37 90
38 90
40 90
41 90
42 90
46 90
48 90
50 90
52 90
56 90
57 90
58 90
59 90
60 90
61 90
62 90
66 90
70 90
72 90
74 90
75 90
76 90
77 90
79 90
80 90
81 90
83 90
85 90
89 90
90 90
92 90
93 90
94 90
95 90
96 90
97 90
98 90
1 91
2 91
5 91
10 91
11 91
13 91
14 91
15 91
17 91
21 91
23 91
25 91
28 91
32 91
34 91
37 91
39 91
40 91
41 91
43 91
44 91
46 91
47 91
51 91
53 91
54 91
55 91
62 91
66 91
69 91
70 91
71 91
74 91
76 91
77 91
78 91
79 91
81 91
83 91
84 91
85 91
86 91
90 91
91 91
92 91
93 91
94 91
95 91
98 91
1 92
2 92
4 92
5 92
8 92
17 92
18 92
19 92
21 92
22 92
26 92
28 92
31 92
34 92
35 92
38 92
45 92
46 92
48 92
50 92
52 92
56 92
57 92
58 92
59 92
60 92
63 92
66 92
68 92
72 92
76 92
77 92
78 92
79 92
80 92
83 92
84 92
85 92
86 92
87 92
92 92
94 92
96 92
3 93
5 93
6 93
7 93
10 93
12 93
15 93
17 93
19 93
23 93
24 93
26 93
31 93
34 93
35 93
36 93
40 93
49 93
50 93
51 93
53 93
54 93
57 93
58 93
59 93
61 93
63 93
65 93
66 93
67 93
71 93
72 93
83 93
86 93
88 93
89 93
90 93
94 93
99 93
100 93
1 94
2 94
4 94
6 94
8 94
9 94
13 94
24 94
26 94
28 94
29 94
30 94
33 94
34 94
36 94
40 94
42 94
43 94
45 94
48 94
50 94
51 94
52 94
53 94
55 94
56 94
57 94
61 94
62 94
63 94
64 94
66 94
68 94
70 94
75 94
76 94
78 94
79 94
81 94
82 94
85 94
87 94
88 94
89 94
91 94
92 94
94 94
96 94
98 94
100 94
2 95
8 95
9 95
10 95
11 95
12 95
13 95
14 95
16 95
17 95
18 95
21 95
22 95
24 95
26 95
28 95
30 95
32 95
35 95
38 95
39 95
40 95
46 95
47 95
49 95
50 95
51 95
52 95
53 95
54 95
56 95
57 95
58 95
61 95
64 95
67 95
68 95
69 95
70 95
73 95
74 95
76 95
77 95
78 95
81 95
82 95
85 95
87 95
89 95
93 95
94 95
96 95
98 95
100 95
4 96
6 96
11 96
13 96
14 96
17 96
18 96
19 96
20 96
21 96
22 96
24 96
25 96
29 96
30 96
31 96
33 96
35 96
36 96
38 96
39 96
41 96
43 96
46 96
47 96
53 96
55 96
56 96
58 96
60 96
64 96
66 96
67 96
68 96
70 96
74 96
75 96
77 96
79 96
80 96
83 96
84 96
89 96
90 96
93 96
95 96
96 96
97 96
100 96
1 97
3 97
4 97
7 97
9 97
11 97
12 97
15 97
16 97
18 97
20 97
24 97
26 97
28 97
29 97
32 97
35 97
36 97
37 97
39 97
40 97
41 97
42 97
43 97
45 97
49 97
50 97
51 97
52 97
53 97
55 97
56 97
58 97
60 97
62 97
64 97
67 97
68 97
70 97
71 97
73 97
74 97
82 97
83 97
85 97
86 97
87 97
88 97
90 97
92 97
93 97
97 97
98 97
1 98
2 98
3 98
5 98
6 98
10 98
13 98
15 98
17 98
21 98
25 98
26 98
27 98
28 98
29 98
30 98
31 98
36 98
40 98
42 98
44 98
45 98
48 98
50 98
51 98
52 98
54 98
55 98
58 98
60 98
65 98
67 98
70 98
71 98
72 98
74 98
77 98
80 98
83 98
84 98
85 98
86 98
87 98
89 98
91 98
92 98
98 98
99 98
1 99
6 99
8 99
10 99
11 99
12 99
14 99
16 99
17 99
20 99
22 99
24 99
25 99
26 99
27 99
30 99
31 99
33 99
34 99
35 99
39 99
41 99
44 99
47 99
49 99
50 99
51 99
52 99
53 99
55 99
59 99
61 99
62 99
63 99
64 99
65 99
67 99
69 99
70 99
73 99
74 99
76 99
77 99
80 99
82 99
83 99
84 99
87 99
88 99
91 99
94 99
95 99
96 99
97 99
100 99
4 100
6 100
9 100
10 100
11 100
17 100
18 100
19 100
20 100
21 100
23 100
24 100
26 100
33 100
35 100
36 100
38 100
39 100
44 100
45 100
48 100
49 100
50 100
51 100
52 100
53 100
54 100
55 100
58 100
59 100
62 100
65 100
66 100
69 100
71 100
74 100
75 100
76 100
77 100
80 100
81 100
82 100
84 100
89 100
90 100
94 100
97 100
98 100
99 100
