100
3 1
7 1
8 1
9 1
12 1
13 1
14 1
15 1
17 1
18 1
19 1
20 1
24 1
25 1
26 1
27 1
28 1
29 1
30 1
31 1
32 1
33 1
38 1
41 1
42 1
45 1
46 1
47 1
49 1
50 1
54 1
55 1
56 1
57 1
58 1
60 1
61 1
62 1
66 1
68 1
72 1
73 1
78 1
81 1
85 1
87 1
88 1
91 1
92 1
95 1
98 1
99 1
100 1
1 2
2 2
3 2
7 2
8 2
10 2
11 2
13 2
14 2
15 2
16 2
19 2
20 2
22 2
23 2
24 2
25 2
26 2
32 2
34 2
35 2
37 2
41 2
42 2
45 2
49 2
51 2
53 2
54 2
58 2
59 2
60 2
61 2
63 2
64 2
65 2
66 2
67 2
68 2
70 2
74 2
78 2
80 2
82 2
85 2
86 2
89 2
90 2
92 2
94 2
96 2
98 2
99 2
100 2
1 3
2 3
5 3
6 3
9 3
10 3
13 3
15 3
17 3
21 3
22 3
24 3
26 3
27 3
29 3
31 3
32 3
34 3
36 3
37 3
43 3
46 3
47 3
50 3
53 3
55 3
57 3
61 3
62 3
64 3
65 3
66 3
69 3
71 3
73 3
74 3
77 3
78 3
79 3
80 3
82 3
84 3
85 3
86 3
90 3
92 3
94 3
95 3
6 4
7 4
8 4
10 4
11 4
12 4
13 4
14 4
15 4
19 4
21 4
23 4
28 4
30 4
31 4
32 4
34 4
35 4
37 4
38 4
42 4
47 4
50 4
51 4
53 4
54 4
55 4
57 4
59 4
62 4
63 4
64 4
65 4
69 4
70 4
71 4
74 4
75 4
79 4
81 4
82 4
83 4
84 4
88 4
89 4
91 4
93 4
94 4
95 4
96 4
97 4
98 4
1 5
2 5
5 5
7 5
8 5
9 5
11 5
13 5
15 5
17 5
22 5
26 5
28 5
29 5
30 5
32 5
33 5
42 5
43 5
46 5
47 5
49 5
50 5
51 5
52 5
53 5
56 5
57 5
58 5
67 5
68 5
72 5
77 5
79 5
80 5
81 5
84 5
86 5
87 5
88 5
89 5
90 5
91 5
93 5
98 5
1 6
3 6
4 6
6 6
9 6
13 6
17 6
19 6
21 6
24 6
26 6
27 6
28 6
29 6
30 6
31 6
33 6
34 6
36 6
37 6
38 6
42 6
43 6
44 6
46 6
47 6
48 6
49 6
50 6
51 6
52 6
53 6
55 6
59 6
61 6
63 6
66 6
69 6
72 6
73 6
78 6
80 6
83 6
89 6
93 6
98 6
99 6
100 6
1 7
7 7
8 7
10 7
11 7
14 7
15 7
16 7
17 7
18 7
24 7
27 7
29 7
30 7
33 7
35 7
38 7
42 7
44 7
46 7
47 7
49 7
51 7
52 7
55 7
56 7
57 7
63 7
64 7
66 7
69 7
70 7
71 7
74 7
76 7
77 7
78 7
80 7
83 7
85 7
87 7
91 7
92 7
95 7
97 7
3 8
4 8
5 8
6 8
7 8
8 8
9 8
11 8
12 8
13 8
15 8
19 8
20 8
22 8
23 8
26 8
29 8
31 8
34 8
46 8
50 8
51 8
52 8
53 8
56 8
57 8
58 8
60 8
61 8
62 8
63 8
65 8
66 8
69 8
71 8
72 8
73 8
75 8
81 8
82 8
84 8
87 8
91 8
94 8
95 8
96 8
98 8
2 9
3 9
4 9
8 9
9 9
13 9
15 9
17 9
18 9
20 9
22 9
26 9
27 9
28 9
30 9
31 9
34 9
37 9
38 9
40 9
41 9
42 9
45 9
47 9
54 9
55 9
58 9
59 9
60 9
62 9
68 9
69 9
75 9
77 9
78 9
81 9
82 9
83 9
84 9
86 9
87 9
88 9
89 9
90 9
91 9
92 9
95 9
98 9
100 9
1 10
3 10
6 10
8 10
9 10
11 10
12 10
13 10
15 10
16 10
17 10
19 10
20 10
23 10
29 10
30 10
32 10
33 10
35 10
38 10
39 10
40 10
42 10
44 10
45 10
49 10
50 10
52 10
59 10
64 10
67 10
69 10
71 10
73 10
74 10
75 10
76 10
78 10
79 10
81 10
82 10
83 10
86 10
90 10
91 10
93 10
94 10
96 10
97 10
1 11
3 11
4 11
5 11
6 11
9 11
10 11
11 11
14 11
16 11
22 11
23 11
25 11
27 11
29 11
30 11
33 11
34 11
35 11
37 11
38 11
39 11
44 11
45 11
48 11
51 11
52 11
55 11
59 11
60 11
63 11
64 11
65 11
66 11
72 11
73 11
75 11
76 11
79 11
80 11
85 11
87 11
91 11
94 11
96 11
97 11
98 11
99 11
3 12
5 12
7 12
9 12
10 12
11 12
12 12
14 12
17 12
18 12
21 12
23 12
27 12
28 12
29 12
30 12
32 12
34 12
36 12
38 12
39 12
41 12
42 12
43 12
45 12
48 12
52 12
53 12
54 12
55 12
58 12
60 12
63 12
65 12
66 12
67 12
70 12
72 12
74 12
75 12
76 12
77 12
82 12
83 12
86 12
89 12
90 12
93 12
94 12
96 12
97 12
98 12
1 13
2 13
4 13
9 13
11 13
15 13
16 13
17 13
19 13
23 13
24 13
25 13
28 13
32 13
33 13
35 13
36 13
38 13
40 13
41 13
42 13
44 13
46 13
47 13
48 13
49 13
51 13
52 13
55 13
57 13
58 13
61 13
63 13
64 13
67 13
68 13
69 13
70 13
71 13
74 13
75 13
76 13
77 13
78 13
79 13
82 13
84 13
85 13
86 13
87 13
88 13
94 13
95 13
97 13
98 13
99 13
100 13
3 14
5 14
7 14
11 14
12 14
19 14
22 14
24 14
25 14
26 14
30 14
31 14
32 14
34 14
38 14
40 14
45 14
47 14
48 14
49 14
53 14
56 14
59 14
61 14
62 14
63 14
65 14
71 14
72 14
74 14
75 14
83 14
84 14
88 14
89 14
90 14
91 14
92 14
96 14
97 14
100 14
1 15
2 15
4 15
7 15
8 15
10 15
11 15
12 15
13 15
14 15
16 15
18 15
21 15
25 15
26 15
27 15
30 15
35 15
36 15
37 15
38 15
39 15
40 15
43 15
47 15
49 15
50 15
51 15
52 15
53 15
54 15
56 15
58 15
60 15
61 15
63 15
66 15
67 15
68 15
69 15
71 15
73 15
74 15
76 15
77 15
79 15
80 15
81 15
82 15
84 15
85 15
86 15
88 15
90 15
95 15
96 15
98 15
99 15
100 15
1 16
4 16
5 16
7 16
8 16
11 16
13 16
14 16
20 16
21 16
22 16
23 16
24 16
26 16
27 16
28 16
29 16
30 16
31 16
32 16
34 16
36 16
39 16
40 16
41 16
42 16
43 16
44 16
45 16
46 16
48 16
52 16
54 16
56 16
57 16
59 16
60 16
61 16
62 16
63 16
64 16
65 16
68 16
71 16
73 16
77 16
79 16
82 16
84 16
86 16
91 16
92 16
93 16
96 16
98 16
99 16
100 16
2 17
3 17
4 17
5 17
6 17
7 17
11 17
16 17
18 17
19 17
21 17
22 17
23 17
24 17
25 17
27 17
28 17
30 17
31 17
40 17
42 17
43 17
45 17
47 17
50 17
51 17
53 17
55 17
58 17
62 17
63 17
64 17
66 17
67 17
68 17
72 17
75 17
79 17
82 17
84 17
86 17
87 17
88 17
91 17
92 17
93 17
95 17
96 17
98 17
99 17
4 18
7 18
8 18
9 18
11 18
13 18
14 18
16 18
17 18
21 18
22 18
26 18
27 18
28 18
29 18
30 18
31 18
33 18
34 18
36 18
37 18
40 18
43 18
47 18
50 18
51 18
52 18
54 18
55 18
56 18
57 18
58 18
59 18
60 18
61 18
63 18
66 18
68 18
69 18
70 18
71 18
72 18
73 18
75 18
76 18
80 18
84 18
85 18
88 18
89 18
90 18
91 18
94 18
96 18
97 18
98 18
99 18
5 19
9 19
10 19
12 19
14 19
18 19
21 19
22 19
25 19
26 19
27 19
28 19
30 19
31 19
32 19
35 19
37 19
42 19
43 19
45 19
47 19
49 19
51 19
52 19
54 19
57 19
58 19
60 19
64 19
65 19
66 19
67 19
68 19
72 19
73 19
74 19
75 19
79 19
80 19
83 19
85 19
88 19
90 19
91 19
93 19
94 19
95 19
98 19
99 19
100 19
1 20
2 20
4 20
6 20
7 20
8 20
9 20
10 20
13 20
18 20
21 20
22 20
25 20
29 20
30 20
32 20
34 20
35 20
41 20
42 20
43 20
44 20
45 20
47 20
48 20
52 20
54 20
56 20
57 20
58 20
59 20
61 20
62 20
66 20
67 20
68 20
72 20
73 20
78 20
79 20
80 20
81 20
82 20
83 20
85 20
86 20
87 20
89 20
90 20
91 20
92 20
94 20
99 20
1 21
3 21
5 21
6 21
7 21
9 21
10 21
11 21
17 21
18 21
20 21
22 21
23 21
24 21
25 21
34 21
38 21
39 21
45 21
47 21
52 21
53 21
54 21
56 21
61 21
67 21
71 21
72 21
76 21
77 21
78 21
80 21
82 21
83 21
87 21
89 21
91 21
97 21
99 21
1 22
2 22
6 22
10 22
12 22
15 22
16 22
17 22
18 22
19 22
20 22
23 22
24 22
25 22
27 22
28 22
29 22
33 22
34 22
35 22
36 22
37 22
39 22
41 22
42 22
44 22
47 22
48 22
49 22
50 22
51 22
54 22
56 22
57 22
58 22
59 22
60 22
61 22
63 22
68 22
70 22
72 22
74 22
75 22
77 22
78 22
82 22
84 22
85 22
86 22
89 22
90 22
92 22
94 22
95 22
96 22
98 22
3 23
6 23
7 23
18 23
19 23
20 23
21 23
22 23
23 23
24 23
26 23
28 23
29 23
30 23
31 23
34 23
36 23
37 23
38 23
40 23
42 23
44 23
45 23
47 23
48 23
51 23
53 23
55 23
56 23
58 23
59 23
60 23
63 23
65 23
67 23
68 23
69 23
72 23
74 23
77 23
78 23
79 23
80 23
86 23
87 23
88 23
96 23
99 23
1 24
2 24
3 24
6 24
7 24
9 24
11 24
12 24
13 24
16 24
17 24
18 24
22 24
23 24
25 24
26 24
27 24
32 24
34 24
36 24
38 24
39 24
42 24
43 24
44 24
45 24
46 24
47 24
48 24
50 24
54 24
57 24
60 24
61 24
62 24
63 24
69 24
71 24
72 24
74 24
75 24
77 24
81 24
83 24
85 24
91 24
94 24
99 24
5 25
8 25
9 25
11 25
12 25
14 25
16 25
17 25
18 25
19 25
20 25
21 25
22 25
23 25
24 25
26 25
28 25
29 25
35 25
37 25
41 25
42 25
44 25
45 25
47 25
48 25
49 25
50 25
51 25
53 25
54 25
55 25
60 25
65 25
68 25
69 25
71 25
73 25
74 25
75 25
76 25
77 25
78 25
80 25
81 25
85 25
87 25
89 25
90 25
91 25
92 25
93 25
94 25
99 25
100 25
1 26
6 26
11 26
12 26
14 26
19 26
21 26
22 26
25 26
26 26
29 26
33 26
35 26
36 26
41 26
43 26
44 26
45 26
46 26
48 26
50 26
52 26
53 26
56 26
57 26
59 26
60 26
62 26
64 26
67 26
70 26
71 26
72 26
73 26
76 26
77 26
83 26
86 26
91 26
92 26
94 26
99 26
100 26
1 27
2 27
3 27
4 27
5 27
10 27
11 27
12 27
14 27
18 27
21 27
22 27
23 27
25 27
27 27
28 27
30 27
34 27
35 27
37 27
38 27
40 27
41 27
43 27
45 27
46 27
48 27
49 27
50 27
51 27
52 27
53 27
54 27
57 27
59 27
60 27
61 27
64 27
65 27
67 27
70 27
71 27
72 27
74 27
75 27
76 27
78 27
82 27
84 27
85 27
88 27
89 27
91 27
92 27
94 27
97 27
99 27
1 28
2 28
3 28
6 28
8 28
10 28
11 28
12 28
16 28
17 28
19 28
20 28
21 28
26 28
29 28
30 28
31 28
33 28
34 28
38 28
40 28
42 28
43 28
44 28
45 28
47 28
48 28
49 28
50 28
55 28
57 28
59 28
63 28
66 28
67 28
68 28
69 28
70 28
72 28
73 28
76 28
77 28
78 28
80 28
81 28
82 28
83 28
85 28
86 28
87 28
88 28
90 28
91 28
94 28
96 28
97 28
98 28
99 28
5 29
6 29
8 29
9 29
13 29
15 29
16 29
19 29
21 29
22 29
26 29
28 29
30 29
31 29
33 29
37 29
38 29
40 29
42 29
44 29
47 29
50 29
51 29
53 29
57 29
59 29
60 29
65 29
66 29
67 29
69 29
70 29
71 29
72 29
75 29
76 29
79 29
81 29
83 29
85 29
86 29
87 29
90 29
91 29
93 29
95 29
97 29
99 29
100 29
1 30
3 30
6 30
7 30
8 30
10 30
11 30
12 30
14 30
16 30
20 30
22 30
24 30
25 30
30 30
32 30
33 30
34 30
36 30
37 30
38 30
39 30
40 30
42 30
43 30
45 30
48 30
52 30
56 30
60 30
62 30
63 30
66 30
67 30
69 30
71 30
72 30
73 30
76 30
77 30
80 30
81 30
83 30
85 30
91 30
92 30
95 30
99 30
7 31
8 31
10 31
11 31
13 31
16 31
17 31
20 31
23 31
28 31
31 31
32 31
33 31
34 31
35 31
36 31
37 31
39 31
46 31
50 31
51 31
55 31
57 31
58 31
61 31
62 31
68 31
70 31
71 31
74 31
77 31
78 31
79 31
82 31
83 31
86 31
87 31
88 31
89 31
94 31
96 31
99 31
100 31
1 32
8 32
12 32
15 32
16 32
17 32
18 32
20 32
22 32
23 32
24 32
25 32
28 32
29 32
30 32
31 32
34 32
35 32
46 32
48 32
50 32
53 32
54 32
56 32
57 32
58 32
60 32
61 32
62 32
65 32
70 32
71 32
74 32
76 32
77 32
83 32
86 32
91 32
93 32
94 32
95 32
96 32
97 32
99 32
3 33
6 33
7 33
9 33
10 33
12 33
17 33
18 33
19 33
22 33
26 33
28 33
29 33
33 33
34 33
35 33
37 33
38 33
41 33
42 33
45 33
46 33
48 33
51 33
53 33
54 33
55 33
58 33
59 33
60 33
61 33
63 33
64 33
66 33
69 33
70 33
71 33
72 33
76 33
77 33
78 33
80 33
81 33
83 33
85 33
87 33
88 33
90 33
91 33
92 33
93 33
94 33
95 33
98 33
1 34
2 34
3 34
4 34
5 34
6 34
8 34
11 34
12 34
13 34
15 34
18 34
19 34
20 34
21 34
23 34
26 34
28 34
29 34
33 34
38 34
39 34
43 34
44 34
45 34
48 34
52 34
55 34
56 34
61 34
62 34
71 34
73 34
74 34
77 34
83 34
84 34
85 34
86 34
88 34
89 34
91 34
93 34
94 34
95 34
96 34
97 34
99 34
100 34
3 35
7 35
11 35
12 35
16 35
17 35
19 35
20 35
21 35
22 35
26 35
27 35
28 35
33 35
34 35
35 35
36 35
37 35
38 35
39 35
47 35
48 35
50 35
52 35
53 35
56 35
57 35
60 35
61 35
62 35
65 35
66 35
68 35
69 35
71 35
73 35
74 35
75 35
76 35
77 35
79 35
82 35
87 35
88 35
91 35
94 35
97 35
98 35
99 35
100 35
1 36
2 36
3 36
4 36
5 36
6 36
11 36
12 36
13 36
14 36
16 36
19 36
20 36
24 36
25 36
26 36
27 36
28 36
29 36
31 36
32 36
35 36
37 36
38 36
39 36
41 36
46 36
47 36
49 36
50 36
51 36
53 36
57 36
58 36
59 36
60 36
62 36
65 36
66 36
67 36
68 36
70 36
72 36
73 36
74 36
76 36
78 36
79 36
80 36
82 36
84 36
86 36
92 36
93 36
94 36
97 36
98 36
99 36
100 36
2 37
4 37
6 37
7 37
10 37
14 37
18 37
19 37
21 37
22 37
24 37
26 37
29 37
31 37
33 37
34 37
35 37
36 37
39 37
40 37
42 37
43 37
44 37
45 37
48 37
49 37
50 37
61 37
62 37
69 37
71 37
72 37
74 37
76 37
80 37
82 37
83 37
84 37
87 37
89 37
90 37
94 37
95 37
96 37
1 38
3 38
5 38
8 38
9 38
10 38
11 38
16 38
18 38
19 38
20 38
21 38
22 38
23 38
24 38
25 38
27 38
31 38
32 38
33 38
34 38
36 38
37 38
41 38
42 38
43 38
46 38
47 38
49 38
50 38
52 38
54 38
58 38
59 38
63 38
65 38
66 38
67 38
69 38
71 38
72 38
73 38
74 38
75 38
77 38
78 38
81 38
82 38
84 38
86 38
90 38
91 38
93 38
95 38
96 38
100 38
1 39
4 39
5 39
8 39
9 39
14 39
18 39
19 39
21 39
23 39
24 39
25 39
26 39
28 39
30 39
31 39
33 39
34 39
38 39
39 39
40 39
41 39
44 39
45 39
46 39
47 39
48 39
51 39
52 39
53 39
54 39
59 39
61 39
63 39
64 39
70 39
72 39
74 39
80 39
81 39
83 39
84 39
86 39
88 39
89 39
90 39
91 39
95 39
96 39
97 39
98 39
99 39
1 40
2 40
3 40
4 40
6 40
7 40
8 40
9 40
10 40
11 40
12 40
14 40
15 40
16 40
17 40
18 40
21 40
23 40
24 40
25 40
26 40
27 40
30 40
31 40
33 40
34 40
35 40
39 40
40 40
41 40
43 40
44 40
46 40
52 40
53 40
62 40
64 40
65 40
67 40
69 40
71 40
72 40
73 40
74 40
76 40
77 40
78 40
80 40
81 40
83 40
84 40
85 40
88 40
89 40
92 40
93 40
97 40
2 41
9 41
10 41
11 41
12 41
13 41
14 41
15 41
16 41
20 41
22 41
25 41
27 41
28 41
31 41
32 41
33 41
34 41
36 41
37 41
40 41
41 41
42 41
43 41
47 41
52 41
55 41
57 41
61 41
62 41
63 41
65 41
68 41
72 41
73 41
74 41
76 41
77 41
78 41
82 41
83 41
88 41
92 41
100 41
4 42
7 42
8 42
9 42
10 42
11 42
14 42
15 42
22 42
24 42
25 42
28 42
30 42
31 42
32 42
36 42
37 42
39 42
40 42
44 42
46 42
47 42
52 42
53 42
54 42
58 42
59 42
60 42
61 42
66 42
70 42
72 42
75 42
79 42
90 42
94 42
96 42
97 42
4 43
9 43
11 43
15 43
17 43
18 43
20 43
21 43
29 43
31 43
33 43
34 43
35 43
38 43
39 43
42 43
43 43
44 43
45 43
46 43
47 43
51 43
53 43
54 43
55 43
56 43
57 43
59 43
62 43
64 43
65 43
68 43
70 43
75 43
77 43
78 43
81 43
84 43
86 43
87 43
89 43
90 43
92 43
94 43
98 43
99 43
1 44
3 44
8 44
9 44
11 44
14 44
15 44
16 44
21 44
22 44
29 44
30 44
31 44
33 44
34 44
37 44
40 44
41 44
42 44
44 44
46 44
48 44
50 44
51 44
55 44
56 44
59 44
60 44
62 44
65 44
68 44
69 44
71 44
73 44
74 44
76 44
81 44
83 44
84 44
86 44
91 44
92 44
93 44
94 44
97 44
100 44
1 45
2 45
3 45
5 45
8 45
15 45
21 45
22 45
24 45
25 45
27 45
31 45
32 45
34 45
35 45
38 45
40 45
42 45
44 45
50 45
51 45
55 45
58 45
62 45
66 45
76 45
80 45
82 45
84 45
86 45
87 45
89 45
97 45
99 45
100 45
1 46
2 46
4 46
10 46
12 46
16 46
17 46
18 46
20 46
24 46
27 46
28 46
29 46
31 46
32 46
33 46
34 46
35 46
38 46
39 46
40 46
41 46
43 46
44 46
47 46
48 46
49 46
50 46
52 46
54 46
55 46
57 46
64 46
65 46
67 46
68 46
71 46
73 46
74 46
76 46
77 46
80 46
81 46
83 46
85 46
86 46
90 46
91 46
92 46
93 46
95 46
98 46
2 47
4 47
5 47
8 47
10 47
11 47
12 47
13 47
16 47
17 47
18 47
19 47
20 47
21 47
23 47
24 47
25 47
27 47
30 47
31 47
32 47
33 47
37 47
38 47
39 47
42 47
43 47
44 47
46 47
48 47
50 47
51 47
54 47
55 47
60 47
63 47
64 47
66 47
67 47
76 47
78 47
82 47
83 47
84 47
86 47
87 47
88 47
90 47
91 47
96 47
98 47
1 48
2 48
5 48
10 48
11 48
14 48
16 48
19 48
24 48
28 48
29 48
34 48
37 48
41 48
43 48
44 48
46 48
47 48
48 48
49 48
54 48
55 48
56 48
57 48
58 48
61 48
63 48
66 48
67 48
70 48
72 48
73 48
75 48
77 48
79 48
83 48
84 48
86 48
90 48
91 48
92 48
94 48
96 48
99 48
1 49
3 49
4 49
5 49
7 49
8 49
9 49
10 49
13 49
14 49
17 49
19 49
21 49
25 49
27 49
28 49
29 49
32 49
33 49
34 49
35 49
36 49
37 49
39 49
40 49
41 49
43 49
44 49
45 49
46 49
49 49
51 49
52 49
53 49
54 49
56 49
59 49
60 49
62 49
64 49
65 49
66 49
67 49
71 49
72 49
73 49
74 49
83 49
86 49
87 49
88 49
89 49
91 49
93 49
96 49
98 49
100 49
1 50
2 50
3 50
4 50
6 50
7 50
10 50
11 50
12 50
13 50
14 50
17 50
19 50
20 50
22 50
24 50
27 50
28 50
29 50
31 50
33 50
34 50
35 50
36 50
37 50
39 50
41 50
42 50
44 50
47 50
48 50
49 50
53 50
54 50
56 50
57 50
59 50
62 50
64 50
67 50
69 50
71 50
76 50
77 50
79 50
85 50
86 50
90 50
91 50
93 50
94 50
96 50
97 50
98 50
100 50
1 51
3 51
5 51
9 51
11 51
15 51
17 51
18 51
22 51
23 51
25 51
26 51
27 51
28 51
30 51
31 51
33 51
34 51
35 51
39 51
41 51
43 51
45 51
47 51
50 51
52 51
54 51
56 51
57 51
58 51
59 51
62 51
66 51
67 51
68 51
69 51
70 51
72 51
74 51
76 51
85 51
86 51
87 51
89 51
91 51
92 51
95 51
97 51
5 52
9 52
10 52
11 52
12 52
14 52
15 52
18 52
20 52
21 52
22 52
23 52
28 52
29 52
32 52
33 52
35 52
36 52
40 52
41 52
42 52
43 52
44 52
46 52
49 52
50 52
51 52
53 52
54 52
57 52
58 52
59 52
60 52
62 52
65 52
66 52
68 52
69 52
70 52
72 52
73 52
76 52
79 52
80 52
81 52
82 52
85 52
90 52
91 52
92 52
95 52
96 52
97 52
100 52
1 53
2 53
5 53
6 53
7 53
10 53
11 53
13 53
14 53
15 53
19 53
22 53
23 53
24 53
27 53
36 53
39 53
41 53
43 53
44 53
47 53
50 53
53 53
54 53
61 53
62 53
63 53
66 53
67 53
70 53
73 53
74 53
75 53
76 53
79 53
80 53
84 53
85 53
86 53
87 53
89 53
94 53
98 53
100 53
2 54
3 54
4 54
5 54
6 54
7 54
9 54
10 54
12 54
14 54
18 54
20 54
25 54
26 54
28 54
34 54
37 54
38 54
40 54
41 54
42 54
43 54
44 54
46 54
48 54
50 54
52 54
54 54
55 54
56 54
58 54
59 54
62 54
65 54
67 54
69 54
70 54
72 54
73 54
76 54
79 54
82 54
84 54
87 54
88 54
90 54
93 54
95 54
97 54
98 54
100 54
1 55
2 55
5 55
6 55
7 55
8 55
9 55
14 55
15 55
16 55
18 55
19 55
21 55
22 55
23 55
24 55
25 55
26 55
29 55
30 55
33 55
38 55
39 55
40 55
41 55
42 55
44 55
47 55
48 55
51 55
53 55
55 55
57 55
58 55
59 55
60 55
61 55
62 55
63 55
67 55
69 55
72 55
73 55
74 55
75 55
78 55
79 55
81 55
82 55
83 55
85 55
86 55
87 55
88 55
91 55
92 55
93 55
97 55
98 55
2 56
4 56
8 56
9 56
12 56
13 56
14 56
15 56
17 56
19 56
20 56
23 56
24 56
25 56
26 56
27 56
28 56
29 56
30 56
31 56
32 56
34 56
36 56
38 56
40 56
41 56
42 56
44 56
46 56
47 56
49 56
50 56
55 56
56 56
59 56
60 56
65 56
66 56
69 56
71 56
73 56
75 56
76 56
77 56
78 56
80 56
81 56
82 56
83 56
85 56
88 56
93 56
94 56
95 56
96 56
97 56
99 56
4 57
5 57
6 57
7 57
8 57
9 57
15 57
16 57
17 57
18 57
20 57
21 57
22 57
23 57
28 57
29 57
31 57
33 57
37 57
39 57
40 57
43 57
45 57
48 57
51 57
53 57
54 57
56 57
57 57
58 57
59 57
64 57
65 57
66 57
67 57
68 57
71 57
72 57
75 57
79 57
80 57
85 57
86 57
87 57
88 57
94 57
5 58
13 58
14 58
16 58
18 58
20 58
21 58
23 58
24 58
25 58
27 58
29 58
30 58
31 58
32 58
34 58
35 58
38 58
39 58
41 58
42 58
43 58
44 58
46 58
47 58
51 58
52 58
54 58
58 58
61 58
64 58
65 58
75 58
77 58
80 58
82 58
83 58
84 58
86 58
87 58
88 58
91 58
92 58
96 58
97 58
99 58
3 59
4 59
10 59
12 59
13 59
14 59
15 59
17 59
18 59
19 59
20 59
26 59
27 59
29 59
32 59
33 59
34 59
35 59
36 59
40 59
43 59
44 59
47 59
51 59
53 59
54 59
55 59
57 59
61 59
62 59
63 59
64 59
66 59
71 59
73 59
74 59
75 59
76 59
77 59
78 59
80 59
81 59
85 59
86 59
87 59
91 59
95 59
98 59
99 59
100 59
1 60
8 60
9 60
10 60
11 60
12 60
13 60
16 60
17 60
19 60
21 60
27 60
30 60
31 60
33 60
34 60
36 60
37 60
38 60
39 60
43 60
44 60
46 60
47 60
49 60
50 60
51 60
56 60
58 60
61 60
62 60
64 60
66 60
68 60
76 60
78 60
80 60
83 60
84 60
87 60
88 60
91 60
93 60
95 60
97 60
99 60
100 60
1 61
2 61
3 61
5 61
8 61
10 61
11 61
14 61
17 61
19 61
21 61
24 61
25 61
26 61
29 61
30 61
31 61
32 61
34 61
35 61
37 61
38 61
39 61
40 61
41 61
42 61
48 61
52 61
54 61
56 61
58 61
59 61
60 61
61 61
62 61
63 61
65 61
68 61
69 61
71 61
72 61
74 61
75 61
77 61
78 61
79 61
80 61
81 61
82 61
85 61
87 61
90 61
91 61
93 61
97 61
99 61
100 61
3 62
4 62
5 62
6 62
8 62
9 62
12 62
19 62
21 62
22 62
24 62
25 62
26 62
29 62
31 62
32 62
33 62
36 62
41 62
45 62
46 62
47 62
50 62
52 62
54 62
55 62
58 62
59 62
60 62
61 62
62 62
65 62
66 62
67 62
68 62
69 62
73 62
75 62
76 62
77 62
78 62
80 62
82 62
84 62
85 62
87 62
89 62
93 62
95 62
96 62
97 62
98 62
1 63
10 63
12 63
13 63
14 63
15 63
16 63
17 63
19 63
21 63
24 63
26 63
29 63
30 63
36 63
40 63
41 63
42 63
44 63
47 63
49 63
51 63
52 63
54 63
55 63
57 63
58 63
61 63
62 63
65 63
68 63
69 63
70 63
74 63
79 63
86 63
88 63
89 63
90 63
91 63
92 63
94 63
99 63
100 63
1 64
5 64
6 64
7 64
9 64
10 64
11 64
14 64
20 64
21 64
23 64
24 64
27 64
28 64
30 64
31 64
33 64
35 64
38 64
40 64
44 64
45 64
46 64
47 64
49 64
52 64
53 64
54 64
55 64
58 64
59 64
60 64
64 64
67 64
68 64
69 64
72 64
74 64
75 64
76 64
78 64
80 64
82 64
83 64
87 64
88 64
89 64
90 64
92 64
93 64
95 64
99 64
1 65
4 65
5 65
8 65
9 65
11 65
12 65
13 65
16 65
19 65
21 65
24 65
27 65
29 65
31 65
32 65
33 65
37 65
38 65
41 65
42 65
43 65
44 65
47 65
49 65
51 65
53 65
54 65
57 65
58 65
59 65
60 65
62 65
64 65
65 65
66 65
67 65
69 65
70 65
74 65
77 65
79 65
84 65
87 65
90 65
92 65
95 65
100 65
3 66
4 66
8 66
9 66
12 66
13 66
14 66
16 66
18 66
21 66
23 66
24 66
25 66
26 66
31 66
33 66
36 66
38 66
40 66
41 66
44 66
47 66
48 66
49 66
53 66
55 66
56 66
58 66
59 66
63 66
67 66
70 66
71 66
74 66
77 66
79 66
80 66
81 66
82 66
84 66
85 66
86 66
87 66
90 66
93 66
96 66
97 66
98 66
99 66
1 67
3 67
5 67
6 67
7 67
8 67
11 67
13 67
15 67
17 67
19 67
20 67
21 67
25 67
28 67
31 67
33 67
34 67
37 67
38 67
40 67
41 67
43 67
45 67
46 67
47 67
48 67
49 67
52 67
57 67
60 67
62 67
63 67
64 67
65 67
66 67
67 67
69 67
73 67
76 67
81 67
86 67
89 67
90 67
92 67
94 67
95 67
99 67
100 67
2 68
3 68
5 68
9 68
14 68
15 68
20 68
23 68
24 68
25 68
30 68
31 68
33 68
34 68
37 68
40 68
41 68
42 68
43 68
44 68
45 68
46 68
47 68
50 68
53 68
55 68
56 68
57 68
61 68
63 68
64 68
65 68
66 68
68 68
69 68
70 68
72 68
73 68
74 68
75 68
83 68
84 68
85 68
89 68
90 68
92 68
93 68
94 68
97 68
98 68
99 68
1 69
2 69
3 69
4 69
6 69
7 69
8 69
9 69
12 69
17 69
19 69
20 69
21 69
23 69
24 69
26 69
29 69
30 69
31 69
33 69
36 69
38 69
40 69
41 69
42 69
43 69
46 69
47 69
48 69
49 69
50 69
51 69
53 69
54 69
55 69
56 69
57 69
58 69
62 69
66 69
69 69
70 69
71 69
72 69
73 69
74 69
75 69
76 69
78 69
82 69
83 69
85 69
86 69
87 69
88 69
91 69
94 69
96 69
97 69
98 69
100 69
1 70
2 70
3 70
4 70
7 70
9 70
11 70
13 70
15 70
16 70
20 70
22 70
23 70
25 70
31 70
34 70
36 70
42 70
45 70
46 70
47 70
48 70
50 70
51 70
52 70
53 70
54 70
55 70
59 70
60 70
62 70
64 70
68 70
72 70
75 70
77 70
82 70
83 70
85 70
88 70
89 70
90 70
91 70
92 70
93 70
94 70
98 70
100 70
1 71
3 71
6 71
7 71
15 71
16 71
17 71
18 71
20 71
21 71
24 71
25 71
27 71
30 71
31 71
35 71
36 71
37 71
39 71
41 71
43 71
45 71
47 71
48 71
49 71
51 71
52 71
53 71
54 71
55 71
56 71
57 71
58 71
59 71
60 71
62 71
64 71
65 71
66 71
68 71
69 71
70 71
72 71
74 71
75 71
77 71
78 71
81 71
83 71
86 71
87 71
89 71
92 71
93 71
94 71
100 71
3 72
4 72
5 72
7 72
9 72
10 72
13 72
16 72
17 72
18 72
22 72
24 72
25 72
26 72
30 72
34 72
38 72
43 72
44 72
45 72
51 72
54 72
56 72
59 72
60 72
61 72
65 72
69 72
71 72
72 72
73 72
74 72
76 72
77 72
78 72
82 72
83 72
87 72
88 72
91 72
92 72
94 72
95 72
96 72
97 72
100 72
1 73
5 73
9 73
11 73
12 73
13 73
14 73
18 73
21 73
25 73
26 73
28 73
32 73
35 73
36 73
37 73
39 73
40 73
42 73
43 73
45 73
46 73
47 73
48 73
49 73
50 73
51 73
52 73
53 73
55 73
56 73
57 73
58 73
64 73
67 73
68 73
69 73
73 73
79 73
80 73
86 73
88 73
90 73
93 73
94 73
95 73
97 73
98 73
100 73
1 74
2 74
3 74
6 74
7 74
9 74
11 74
13 74
14 74
16 74
18 74
19 74
20 74
21 74
24 74
26 74
31 74
33 74
35 74
39 74
44 74
45 74
47 74
48 74
50 74
51 74
54 74
56 74
57 74
59 74
60 74
61 74
64 74
68 74
70 74
76 74
81 74
84 74
85 74
86 74
90 74
91 74
95 74
96 74
99 74
100 74
2 75
3 75
4 75
6 75
7 75
8 75
10 75
12 75
13 75
16 75
18 75
19 75
21 75
22 75
23 75
25 75
31 75
36 75
37 75
39 75
40 75
41 75
42 75
43 75
44 75
48 75
50 75
52 75
53 75
54 75
56 75
57 75
58 75
59 75
60 75
62 75
63 75
65 75
66 75
68 75
71 75
72 75
83 75
85 75
87 75
88 75
92 75
94 75
99 75
100 75
1 76
2 76
3 76
4 76
5 76
7 76
8 76
9 76
16 76
18 76
19 76
22 76
23 76
25 76
26 76
27 76
29 76
31 76
35 76
36 76
37 76
38 76
41 76
43 76
45 76
46 76
48 76
49 76
54 76
56 76
61 76
62 76
63 76
65 76
66 76
67 76
70 76
71 76
74 76
75 76
76 76
78 76
80 76
81 76
83 76
84 76
88 76
89 76
90 76
91 76
92 76
98 76
99 76
100 76
2 77
3 77
5 77
9 77
11 77
15 77
16 77
17 77
20 77
21 77
22 77
25 77
27 77
33 77
35 77
36 77
37 77
38 77
41 77
42 77
45 77
50 77
51 77
52 77
54 77
56 77
57 77
58 77
60 77
61 77
62 77
63 77
64 77
67 77
69 77
70 77
74 77
76 77
78 77
82 77
83 77
84 77
87 77
88 77
89 77
90 77
91 77
97 77
99 77
4 78
6 78
9 78
11 78
12 78
13 78
16 78
18 78
19 78
20 78
28 78
31 78
32 78
39 78
40 78
44 78
45 78
47 78
51 78
53 78
54 78
55 78
58 78
61 78
66 78
68 78
69 78
70 78
72 78
75 78
77 78
78 78
79 78
80 78
81 78
83 78
86 78
87 78
89 78
92 78
93 78
96 78
97 78
1 79
2 79
4 79
5 79
13 79
15 79
16 79
18 79
19 79
20 79
22 79
23 79
25 79
26 79
27 79
29 79
31 79
33 79
35 79
37 79
38 79
39 79
42 79
44 79
48 79
51 79
53 79
56 79
58 79
59 79
61 79
63 79
64 79
68 79
69 79
70 79
71 79
74 79
76 79
81 79
82 79
83 79
84 79
86 79
89 79
92 79
94 79
98 79
99 79
1 80
3 80
4 80
5 80
8 80
9 80
11 80
16 80
18 80
19 80
22 80
24 80
29 80
30 80
31 80
34 80
35 80
39 80
40 80
42 80
44 80
46 80
47 80
48 80
52 80
53 80
54 80
55 80
57 80
58 80
59 80
63 80
65 80
67 80
69 80
71 80
77 80
78 80
79 80
81 80
83 80
87 80
89 80
90 80
91 80
92 80
95 80
96 80
99 80
1 81
2 81
5 81
6 81
7 81
9 81
10 81
11 81
16 81
17 81
18 81
20 81
22 81
23 81
29 81
30 81
31 81
32 81
34 81
36 81
37 81
39 81
41 81
42 81
45 81
46 81
49 81
50 81
51 81
52 81
53 81
54 81
55 81
57 81
58 81
60 81
62 81
64 81
67 81
68 81
72 81
73 81
76 81
77 81
81 81
82 81
85 81
86 81
88 81
89 81
90 81
91 81
92 81
93 81
94 81
96 81
97 81
99 81
7 82
10 82
11 82
12 82
13 82
14 82
16 82
18 82
20 82
21 82
22 82
24 82
26 82
27 82
28 82
32 82
33 82
35 82
38 82
39 82
40 82
41 82
42 82
47 82
49 82
52 82
55 82
56 82
59 82
60 82
61 82
62 82
63 82
64 82
66 82
69 82
70 82
74 82
76 82
79 82
80 82
81 82
83 82
85 82
86 82
87 82
91 82
92 82
94 82
95 82
96 82
97 82
98 82
1 83
8 83
10 83
11 83
13 83
14 83
16 83
17 83
19 83
20 83
21 83
22 83
23 83
25 83
27 83
28 83
30 83
31 83
32 83
34 83
35 83
39 83
41 83
42 83
43 83
45 83
46 83
47 83
49 83
50 83
51 83
53 83
54 83
57 83
59 83
60 83
62 83
63 83
64 83
65 83
69 83
71 83
72 83
74 83
77 83
78 83
79 83
81 83
82 83
83 83
85 83
86 83
87 83
88 83
92 83
93 83
95 83
99 83
1 84
3 84
4 84
6 84
7 84
9 84
10 84
14 84
17 84
18 84
19 84
20 84
25 84
27 84
29 84
30 84
31 84
32 84
33 84
37 84
40 84
41 84
43 84
44 84
45 84
46 84
50 84
51 84
52 84
53 84
54 84
55 84
59 84
60 84
61 84
62 84
71 84
74 84
75 84
78 84
80 84
83 84
84 84
85 84
86 84
87 84
89 84
90 84
93 84
94 84
99 84
100 84
1 85
2 85
3 85
4 85
7 85
8 85
9 85
16 85
17 85
18 85
21 85
22 85
24 85
25 85
26 85
27 85
28 85
35 85
37 85
39 85
41 85
42 85
44 85
45 85
47 85
49 85
50 85
51 85
52 85
53 85
55 85
56 85
59 85
60 85
62 85
63 85
65 85
66 85
67 85
70 85
71 85
73 85
75 85
79 85
80 85
82 85
84 85
85 85
87 85
95 85
96 85
98 85
100 85
1 86
2 86
7 86
8 86
11 86
17 86
18 86
20 86
25 86
26 86
28 86
29 86
32 86
34 86
38 86
39 86
41 86
43 86
47 86
48 86
53 86
55 86
60 86
62 86
64 86
66 86
68 86
69 86
70 86
71 86
72 86
74 86
75 86
76 86
77 86
78 86
79 86
82 86
84 86
88 86
89 86
91 86
93 86
94 86
95 86
97 86
98 86
99 86
1 87
2 87
3 87
5 87
8 87
10 87
14 87
15 87
18 87
20 87
22 87
23 87
24 87
26 87
29 87
32 87
33 87
35 87
38 87
39 87
43 87
45 87
48 87
50 87
53 87
54 87
56 87
57 87
58 87
62 87
63 87
64 87
65 87
66 87
71 87
73 87
74 87
75 87
76 87
80 87
81 87
88 87
95 87
99 87
3 88
4 88
5 88
6 88
8 88
9 88
10 88
13 88
14 88
15 88
19 88
21 88
22 88
23 88
30 88
31 88
33 88
34 88
36 88
37 88
38 88
41 88
43 88
46 88
47 88
49 88
50 88
54 88
56 88
57 88
60 88
61 88
62 88
64 88
68 88
69 88
70 88
74 88
75 88
77 88
79 88
81 88
83 88
84 88
86 88
89 88
92 88
94 88
97 88
100 88
2 89
3 89
4 89
5 89
8 89
13 89
16 89
18 89
19 89
21 89
22 89
23 89
24 89
26 89
27 89
30 89
32 89
35 89
37 89
38 89
39 89
41 89
42 89
43 89
50 89
51 89
52 89
53 89
54 89
59 89
64 89
66 89
68 89
69 89
72 89
74 89
77 89
78 89
79 89
80 89
82 89
83 89
85 89
86 89
87 89
89 89
90 89
91 89
92 89
94 89
95 89
97 89
100 89
1 90
2 90
3 90
4 90
6 90
7 90
8 90
9 90
14 90
20 90
21 90
22 90
23 90
24 90
25 90
27 90
28 90
31 90
34 90
35 90
37 90
38 90
40 90
42 90
44 90
46 90
47 90
48 90
49 90
51 90
52 90
54 90
55 90
57 90
59 90
64 90
65 90
69 90
71 90
76 90
77 90
80 90
83 90
84 90
87 90
88 90
91 90
92 90
93 90
95 90
96 90
99 90
100 90
1 91
2 91
3 91
4 91
7 91
10 91
11 91
12 91
13 91
14 91
15 91
22 91
23 91
26 91
30 91
34 91
35 91
36 91
37 91
38 91
41 91
42 91
44 91
45 91
46 91
47 91
49 91
52 91
53 91
55 91
57 91
59 91
63 91
64 91
65 91
66 91
67 91
68 91
75 91
77 91
78 91
79 91
80 91
83 91
87 91
88 91
89 91
90 91
91 91
97 91
99 91
100 91
1 92
2 92
3 92
4 92
8 92
9 92
10 92
12 92
13 92
17 92
18 92
19 92
22 92
23 92
24 92
25 92
26 92
27 92
28 92
29 92
30 92
31 92
32 92
33 92
34 92
36 92
40 92
41 92
42 92
43 92
44 92
45 92
47 92
51 92
52 92
54 92
55 92
56 92
58 92
59 92
60 92
61 92
69 92
72 92
75 92
76 92
78 92
81 92
82 92
83 92
88 92
91 92
92 92
93 92
94 92
96 92
98 92
100 92
2 93
5 93
12 93
13 93
15 93
16 93
18 93
21 93
22 93
24 93
25 93
26 93
27 93
28 93
29 93
30 93
35 93
37 93
38 93
39 93
40 93
41 93
42 93
43 93
45 93
49 93
50 93
51 93
55 93
56 93
57 93
61 93
62 93
63 93
65 93
68 93
69 93
76 93
79 93
83 93
88 93
89 93
90 93
93 93
95 93
97 93
3 94
6 94
7 94
8 94
13 94
14 94
20 94
22 94
25 94
28 94
29 94
30 94
31 94
38 94
39 94
43 94
45 94
46 94
48 94
51 94
55 94
56 94
59 94
61 94
70 94
71 94
72 94
76 94
77 94
78 94
79 94
81 94
86 94
88 94
89 94
93 94
94 94
95 94
96 94
1 95
4 95
8 95
9 95
13 95
15 95
17 95
18 95
19 95
20 95
21 95
23 95
24 95
25 95
29 95
31 95
33 95
35 95
37 95
39 95
40 95
41 95
42 95
44 95
49 95
51 95
52 95
53 95
54 95
58 95
59 95
60 95
61 95
62 95
63 95
65 95
67 95
69 95
70 95
71 95
72 95
74 95
75 95
79 95
81 95
82 95
84 95
85 95
86 95
89 95
90 95
91 95
92 95
94 95
99 95
100 95
2 96
3 96
5 96
9 96
10 96
11 96
12 96
14 96
16 96
19 96
26 96
28 96
29 96
30 96
31 96
35 96
36 96
37 96
42 96
44 96
45 96
46 96
48 96
50 96
54 96
55 96
56 96
57 96
59 96
60 96
61 96
62 96
64 96
65 96
67 96
68 96
69 96
70 96
71 96
75 96
76 96
77 96
79 96
86 96
89 96
94 96
97 96
98 96
4 97
5 97
7 97
8 97
11 97
12 97
13 97
15 97
18 97
19 97
21 97
23 97
24 97
25 97
28 97
30 97
31 97
33 97
34 97
35 97
36 97
42 97
43 97
44 97
52 97
54 97
57 97
59 97
61 97
63 97
64 97
69 97
70 97
73 97
79 97
83 97
86 97
88 97
89 97
94 97
95 97
97 97
99 97
100 97
4 98
5 98
8 98
9 98
12 98
16 98
17 98
19 98
22 98
28 98
29 98
30 98
31 98
33 98
35 98
36 98
37 98
38 98
40 98
42 98
44 98
49 98
50 98
51 98
53 98
54 98
58 98
61 98
64 98
65 98
67 98
70 98
71 98
73 98
74 98
76 98
80 98
81 98
84 98
86 98
87 98
89 98
96 98
97 98
99 98
1 99
4 99
5 99
7 99
8 99
12 99
14 99
17 99
19 99
21 99
23 99
27 99
30 99
32 99
33 99
36 99
37 99
38 99
40 99
41 99
43 99
44 99
48 99
50 99
52 99
53 99
54 99
55 99
56 99
58 99
59 99
60 99
62 99
63 99
64 99
65 99
66 99
70 99
71 99
78 99
79 99
82 99
84 99
86 99
87 99
88 99
91 99
93 99
94 99
95 99
97 99
98 99
99 99
100 99
2 100
12 100
13 100
15 100
17 100
19 100
21 100
22 100
26 100
28 100
34 100
38 100
41 100
42 100
45 100
46 100
47 100
50 100
51 100
52 100
54 100
55 100
56 100
57 100
60 100
61 100
63 100
65 100
69 100
71 100
72 100
73 100
76 100
77 100
79 100
81 100
82 100
84 100
85 100
86 100
89 100
95 100
98 100
99 100
