100
1 1
2 1
7 1
10 1
12 1
13 1
14 1
15 1
20 1
21 1
23 1
24 1
25 1
26 1
28 1
30 1
32 1
35 1
40 1
42 1
43 1
46 1
48 1
53 1
57 1
58 1
59 1
60 1
62 1
63 1
64 1
66 1
68 1
69 1
70 1
71 1
72 1
74 1
76 1
78 1
79 1
81 1
83 1
85 1
86 1
87 1
88 1
90 1
91 1
92 1
93 1
94 1
95 1
3 2
4 2
5 2
6 2
8 2
11 2
12 2
13 2
15 2
18 2
19 2
20 2
22 2
26 2
27 2
29 2
30 2
33 2
34 2
38 2
41 2
43 2
44 2
45 2
47 2
48 2
52 2
53 2
54 2
57 2
62 2
64 2
65 2
66 2
67 2
68 2
69 2
70 2
71 2
73 2
74 2
76 2
77 2
78 2
82 2
86 2
91 2
92 2
93 2
94 2
96 2
97 2
98 2
99 2
100 2
1 3
3 3
4 3
5 3
6 3
7 3
8 3
11 3
12 3
13 3
14 3
16 3
19 3
21 3
22 3
23 3
24 3
29 3
31 3
33 3
36 3
37 3
38 3
39 3
40 3
41 3
43 3
45 3
46 3
49 3
50 3
51 3
54 3
59 3
60 3
65 3
67 3
68 3
69 3
72 3
77 3
83 3
89 3
92 3
97 3
98 3
99 3
6 4
9 4
10 4
11 4
12 4
14 4
16 4
20 4
22 4
25 4
27 4
29 4
30 4
32 4
33 4
37 4
39 4
40 4
42 4
48 4
54 4
55 4
56 4
58 4
59 4
60 4
61 4
62 4
63 4
65 4
66 4
67 4
69 4
77 4
78 4
79 4
80 4
82 4
85 4
86 4
88 4
92 4
93 4
94 4
95 4
96 4
99 4
1 5
3 5
4 5
8 5
12 5
13 5
14 5
16 5
17 5
18 5
21 5
22 5
24 5
25 5
30 5
31 5
33 5
34 5
36 5
37 5
45 5
48 5
49 5
50 5
52 5
56 5
57 5
59 5
60 5
63 5
67 5
68 5
69 5
71 5
73 5
74 5
76 5
77 5
78 5
80 5
82 5
86 5
88 5
90 5
92 5
98 5
100 5
1 6
2 6
3 6
5 6
9 6
11 6
13 6
14 6
17 6
19 6
25 6
26 6
27 6
28 6
30 6
31 6
32 6
34 6
35 6
36 6
41 6
42 6
43 6
44 6
46 6
48 6
49 6
51 6
52 6
55 6
57 6
58 6
59 6
60 6
62 6
64 6
65 6
66 6
67 6
68 6
69 6
72 6
74 6
81 6
82 6
85 6
87 6
88 6
91 6
92 6
93 6
94 6
96 6
99 6
100 6
4 7
6 7
7 7
9 7
12 7
14 7
16 7
18 7
20 7
24 7
25 7
27 7
29 7
31 7
32 7
33 7
35 7
36 7
37 7
42 7
43 7
52 7
53 7
55 7
59 7
61 7
64 7
69 7
71 7
72 7
73 7
74 7
75 7
78 7
82 7
84 7
85 7
86 7
88 7
93 7
97 7
5 8
7 8
8 8
13 8
20 8
21 8
23 8
24 8
25 8
26 8
29 8
33 8
35 8
37 8
38 8
41 8
42 8
43 8
46 8
47 8
56 8
60 8
62 8
64 8
67 8
68 8
72 8
74 8
75 8
76 8
77 8
78 8
81 8
82 8
85 8
87 8
88 8
89 8
90 8
92 8
93 8
94 8
95 8
98 8
100 8
1 9
2 9
3 9
4 9
5 9
7 9
11 9
13 9
16 9
18 9
21 9
22 9
24 9
25 9
26 9
28 9
30 9
32 9
33 9
40 9
42 9
43 9
45 9
46 9
52 9
54 9
58 9
59 9
60 9
61 9
63 9
71 9
75 9
76 9
78 9
79 9
81 9
82 9
84 9
86 9
90 9
91 9
92 9
94 9
95 9
98 9
99 9
2 10
3 10
5 10
6 10
8 10
10 10
12 10
15 10
16 10
17 10
18 10
19 10
20 10
21 10
25 10
26 10
28 10
31 10
32 10
34 10
38 10
39 10
40 10
41 10
45 10
48 10
49 10
51 10
53 10
56 10
59 10
60 10
62 10
65 10
66 10
71 10
72 10
73 10
75 10
77 10
81 10
84 10
88 10
90 10
93 10
95 10
96 10
97 10
100 10
1 11
5 11
6 11
11 11
12 11
16 11
17 11
18 11
19 11
23 11
24 11
25 11
26 11
27 11
28 11
31 11
32 11
33 11
35 11
36 11
38 11
40 11
43 11
45 11
46 11
47 11
48 11
49 11
50 11
52 11
53 11
54 11
55 11
58 11
59 11
61 11
62 11
63 11
64 11
65 11
67 11
68 11
69 11
70 11
72 11
75 11
76 11
77 11
78 11
79 11
82 11
85 11
87 11
88 11
89 11
92 11
94 11
95 11
96 11
97 11
1 12
3 12
6 12
7 12
8 12
9 12
12 12
13 12
18 12
22 12
24 12
25 12
26 12
27 12
29 12
32 12
34 12
35 12
37 12
38 12
39 12
41 12
42 12
44 12
46 12
47 12
48 12
49 12
50 12
51 12
53 12
54 12
59 12
60 12
62 12
64 12
70 12
71 12
73 12
74 12
75 12
76 12
78 12
81 12
82 12
84 12
85 12
88 12
91 12
97 12
99 12
1 13
3 13
5 13
8 13
10 13
11 13
12 13
14 13
15 13
16 13
17 13
18 13
19 13
20 13
21 13
22 13
23 13
25 13
26 13
27 13
28 13
31 13
33 13
35 13
43 13
44 13
45 13
47 13
50 13
51 13
53 13
54 13
56 13
57 13
60 13
61 13
63 13
65 13
67 13
68 13
70 13
75 13
77 13
78 13
79 13
86 13
87 13
90 13
92 13
93 13
94 13
98 13
99 13
100 13
1 14
4 14
6 14
7 14
8 14
12 14
13 14
15 14
16 14
18 14
19 14
21 14
27 14
28 14
29 14
30 14
32 14
33 14
35 14
36 14
37 14
38 14
39 14
40 14
41 14
42 14
43 14
45 14
50 14
51 14
52 14
53 14
54 14
55 14
56 14
59 14
61 14
64 14
65 14
67 14
69 14
74 14
75 14
79 14
81 14
82 14
84 14
85 14
86 14
88 14
89 14
93 14
94 14
95 14
96 14
98 14
1 15
2 15
3 15
7 15
14 15
15 15
18 15
20 15
22 15
24 15
26 15
28 15
32 15
33 15
37 15
38 15
40 15
41 15
42 15
43 15
47 15
49 15
50 15
52 15
53 15
56 15
57 15
60 15
61 15
63 15
64 15
67 15
71 15
73 15
74 15
75 15
77 15
78 15
79 15
85 15
86 15
87 15
88 15
89 15
91 15
92 15
95 15
97 15
98 15
3 16
5 16
9 16
15 16
20 16
24 16
34 16
35 16
36 16
37 16
40 16
41 16
42 16
43 16
46 16
47 16
49 16
51 16
52 16
53 16
54 16
55 16
56 16
57 16
60 16
64 16
65 16
67 16
68 16
72 16
74 16
75 16
76 16
79 16
81 16
83 16
84 16
85 16
88 16
89 16
91 16
92 16
97 16
99 16
100 16
3 17
6 17
8 17
9 17
10 17
12 17
13 17
16 17
17 17
21 17
24 17
30 17
31 17
32 17
33 17
35 17
36 17
37 17
39 17
40 17
41 17
42 17
43 17
44 17
46 17
48 17
49 17
51 17
53 17
54 17
56 17
57 17
58 17
59 17
61 17
64 17
65 17
66 17
68 17
69 17
71 17
72 17
73 17
79 17
81 17
84 17
86 17
88 17
90 17
91 17
93 17
94 17
96 17
98 17
99 17
2 18
4 18
5 18
6 18
9 18
17 18
19 18
21 18
22 18
23 18
30 18
31 18
34 18
35 18
36 18
37 18
39 18
40 18
41 18
42 18
45 18
46 18
52 18
57 18
60 18
62 18
64 18
65 18
66 18
69 18
72 18
73 18
74 18
75 18
76 18
77 18
79 18
83 18
86 18
87 18
89 18
91 18
92 18
94 18
95 18
97 18
99 18
100 18
1 19
2 19
3 19
4 19
5 19
6 19
8 19
13 19
14 19
16 19
17 19
18 19
21 19
22 19
29 19
30 19
31 19
33 19
34 19
35 19
36 19
37 19
41 19
44 19
46 19
47 19
49 19
57 19
59 19
60 19
63 19
64 19
65 19
66 19
69 19
70 19
71 19
73 19
74 19
75 19
77 19
78 19
81 19
84 19
85 19
86 19
91 19
92 19
97 19
98 19
100 19
1 20
8 20
12 20
13 20
14 20
15 20
16 20
18 20
19 20
23 20
26 20
27 20
28 20
31 20
32 20
33 20
34 20
35 20
36 20
37 20
40 20
41 20
46 20
48 20
49 20
54 20
56 20
57 20
58 20
59 20
60 20
61 20
63 20
64 20
66 20
67 20
68 20
69 20
71 20
74 20
75 20
76 20
77 20
78 20
79 20
81 20
82 20
84 20
85 20
86 20
87 20
89 20
91 20
93 20
94 20
95 20
97 20
99 20
100 20
1 21
4 21
8 21
10 21
12 21
13 21
14 21
16 21
17 21
18 21
20 21
21 21
24 21
25 21
27 21
28 21
29 21
30 21
32 21
33 21
34 21
35 21
40 21
41 21
44 21
48 21
54 21
56 21
57 21
60 21
63 21
64 21
65 21
68 21
71 21
72 21
74 21
77 21
78 21
79 21
81 21
83 21
91 21
95 21
98 21
4 22
5 22
10 22
11 22
12 22
15 22
17 22
18 22
19 22
21 22
22 22
23 22
25 22
29 22
32 22
34 22
35 22
36 22
37 22
38 22
41 22
42 22
47 22
50 22
55 22
57 22
59 22
61 22
62 22
63 22
65 22
66 22
68 22
69 22
73 22
76 22
77 22
78 22
82 22
86 22
89 22
91 22
92 22
93 22
94 22
96 22
97 22
98 22
99 22
100 22
1 23
2 23
6 23
7 23
8 23
11 23
12 23
13 23
16 23
17 23
18 23
20 23
21 23
22 23
23 23
25 23
26 23
28 23
29 23
31 23
32 23
33 23
34 23
36 23
37 23
40 23
41 23
46 23
48 23
49 23
55 23
61 23
62 23
63 23
66 23
67 23
69 23
71 23
72 23
73 23
74 23
77 23
78 23
80 23
81 23
86 23
89 23
90 23
91 23
93 23
96 23
1 24
3 24
4 24
7 24
8 24
9 24
10 24
11 24
12 24
13 24
16 24
18 24
21 24
25 24
27 24
28 24
32 24
33 24
35 24
36 24
37 24
39 24
40 24
44 24
46 24
48 24
50 24
52 24
55 24
56 24
57 24
58 24
60 24
62 24
64 24
67 24
68 24
73 24
75 24
76 24
79 24
80 24
81 24
82 24
84 24
88 24
91 24
94 24
95 24
98 24
99 24
100 24
3 25
5 25
8 25
9 25
13 25
14 25
19 25
22 25
23 25
24 25
26 25
28 25
33 25
34 25
35 25
37 25
39 25
42 25
44 25
47 25
48 25
50 25
51 25
53 25
60 25
62 25
64 25
65 25
67 25
68 25
69 25
70 25
71 25
72 25
73 25
76 25
79 25
80 25
82 25
83 25
85 25
86 25
93 25
98 25
99 25
1 26
3 26
5 26
6 26
8 26
10 26
11 26
12 26
16 26
19 26
25 26
27 26
30 26
35 26
41 26
44 26
45 26
46 26
47 26
48 26
49 26
51 26
53 26
55 26
56 26
58 26
63 26
64 26
65 26
67 26
70 26
71 26
73 26
74 26
75 26
76 26
80 26
82 26
83 26
85 26
88 26
90 26
91 26
92 26
95 26
96 26
98 26
3 27
4 27
6 27
7 27
9 27
11 27
13 27
15 27
16 27
18 27
22 27
23 27
24 27
25 27
27 27
28 27
29 27
31 27
32 27
36 27
37 27
38 27
39 27
41 27
42 27
43 27
45 27
46 27
49 27
50 27
51 27
52 27
53 27
54 27
56 27
57 27
58 27
62 27
63 27
68 27
70 27
71 27
72 27
73 27
76 27
77 27
78 27
81 27
83 27
84 27
86 27
87 27
88 27
91 27
92 27
96 27
97 27
100 27
4 28
9 28
10 28
14 28
19 28
25 28
35 28
37 28
40 28
41 28
45 28
48 28
49 28
50 28
52 28
54 28
55 28
56 28
59 28
60 28
62 28
64 28
65 28
71 28
72 28
73 28
74 28
75 28
78 28
81 28
82 28
88 28
89 28
91 28
93 28
94 28
97 28
98 28
100 28
2 29
3 29
4 29
6 29
10 29
12 29
15 29
16 29
17 29
18 29
19 29
20 29
21 29
22 29
26 29
27 29
28 29
31 29
32 29
37 29
38 29
39 29
40 29
41 29
42 29
43 29
44 29
45 29
48 29
52 29
53 29
56 29
58 29
60 29
62 29
64 29
70 29
71 29
73 29
75 29
77 29
79 29
80 29
85 29
86 29
87 29
88 29
89 29
91 29
92 29
96 29
100 29
1 30
3 30
4 30
5 30
7 30
9 30
12 30
14 30
16 30
17 30
19 30
20 30
24 30
27 30
30 30
31 30
33 30
36 30
37 30
39 30
40 30
41 30
42 30
47 30
48 30
51 30
54 30
55 30
56 30
59 30
64 30
65 30
66 30
68 30
72 30
74 30
75 30
76 30
77 30
79 30
80 30
84 30
85 30
86 30
91 30
93 30
98 30
100 30
1 31
2 31
3 31
4 31
5 31
7 31
9 31
11 31
13 31
16 31
19 31
21 31
23 31
24 31
26 31
28 31
30 31
32 31
34 31
35 31
36 31
38 31
40 31
41 31
44 31
46 31
47 31
48 31
51 31
57 31
59 31
68 31
70 31
72 31
75 31
77 31
79 31
83 31
87 31
91 31
93 31
95 31
97 31
1 32
9 32
12 32
14 32
16 32
17 32
18 32
20 32
22 32
23 32
26 32
29 32
30 32
32 32
33 32
35 32
36 32
38 32
40 32
41 32
43 32
44 32
48 32
49 32
51 32
52 32
53 32
54 32
55 32
58 32
59 32
61 32
68 32
70 32
71 32
72 32
74 32
76 32
78 32
80 32
82 32
83 32
86 32
87 32
93 32
94 32
95 32
98 32
99 32
100 32
2 33
3 33
4 33
5 33
6 33
7 33
12 33
14 33
18 33
20 33
21 33
22 33
25 33
30 33
32 33
37 33
41 33
43 33
46 33
48 33
49 33
53 33
59 33
60 33
62 33
66 33
67 33
68 33
71 33
72 33
73 33
74 33
75 33
76 33
79 33
82 33
83 33
86 33
88 33
92 33
93 33
94 33
95 33
96 33
97 33
100 33
2 34
5 34
7 34
11 34
12 34
13 34
18 34
19 34
20 34
22 34
23 34
24 34
25 34
28 34
32 34
33 34
35 34
39 34
42 34
48 34
50 34
53 34
55 34
58 34
60 34
61 34
62 34
65 34
68 34
70 34
75 34
77 34
79 34
82 34
86 34
88 34
90 34
94 34
95 34
99 34
100 34
2 35
4 35
5 35
6 35
9 35
11 35
12 35
13 35
14 35
15 35
16 35
18 35
23 35
24 35
26 35
27 35
28 35
29 35
30 35
32 35
35 35
36 35
37 35
42 35
43 35
44 35
46 35
47 35
50 35
52 35
55 35
56 35
59 35
60 35
63 35
65 35
66 35
67 35
69 35
71 35
72 35
75 35
76 35
78 35
80 35
83 35
84 35
87 35
88 35
92 35
95 35
96 35
98 35
1 36
2 36
3 36
4 36
6 36
8 36
10 36
12 36
13 36
14 36
17 36
20 36
21 36
22 36
24 36
27 36
30 36
34 36
35 36
36 36
37 36
38 36
39 36
41 36
42 36
44 36
45 36
46 36
47 36
49 36
50 36
54 36
55 36
57 36
59 36
60 36
62 36
64 36
65 36
66 36
67 36
72 36
74 36
75 36
81 36
84 36
85 36
90 36
92 36
93 36
94 36
97 36
98 36
99 36
100 36
1 37
2 37
4 37
5 37
6 37
7 37
11 37
13 37
14 37
15 37
17 37
18 37
20 37
21 37
24 37
25 37
26 37
28 37
29 37
32 37
33 37
34 37
35 37
36 37
39 37
41 37
42 37
43 37
48 37
49 37
51 37
52 37
60 37
61 37
63 37
64 37
66 37
69 37
70 37
73 37
74 37
75 37
76 37
77 37
79 37
80 37
82 37
83 37
89 37
90 37
91 37
92 37
94 37
95 37
96 37
97 37
99 37
1 38
2 38
5 38
6 38
7 38
9 38
11 38
12 38
16 38
17 38
18 38
19 38
20 38
22 38
24 38
27 38
28 38
30 38
32 38
33 38
34 38
36 38
38 38
40 38
42 38
43 38
45 38
48 38
52 38
53 38
54 38
56 38
59 38
60 38
66 38
67 38
75 38
76 38
78 38
81 38
82 38
88 38
89 38
90 38
92 38
95 38
96 38
97 38
98 38
99 38
100 38
2 39
6 39
7 39
8 39
10 39
11 39
13 39
14 39
16 39
18 39
20 39
26 39
30 39
31 39
34 39
35 39
38 39
40 39
43 39
44 39
47 39
50 39
51 39
58 39
59 39
61 39
64 39
65 39
67 39
68 39
69 39
76 39
78 39
79 39
80 39
84 39
85 39
86 39
87 39
88 39
89 39
93 39
94 39
96 39
97 39
1 40
5 40
6 40
7 40
8 40
9 40
10 40
12 40
13 40
14 40
15 40
16 40
18 40
21 40
23 40
24 40
25 40
27 40
32 40
36 40
38 40
40 40
44 40
45 40
46 40
47 40
49 40
52 40
58 40
60 40
68 40
70 40
74 40
76 40
77 40
78 40
82 40
84 40
85 40
86 40
87 40
88 40
90 40
91 40
92 40
93 40
95 40
96 40
97 40
98 40
99 40
1 41
2 41
4 41
6 41
7 41
8 41
9 41
10 41
11 41
13 41
14 41
15 41
20 41
22 41
23 41
24 41
25 41
27 41
29 41
30 41
33 41
35 41
36 41
37 41
43 41
44 41
46 41
49 41
52 41
56 41
62 41
63 41
65 41
66 41
69 41
74 41
75 41
76 41
77 41
79 41
82 41
84 41
87 41
89 41
90 41
91 41
93 41
96 41
97 41
98 41
2 42
3 42
4 42
5 42
6 42
8 42
9 42
10 42
11 42
13 42
15 42
18 42
20 42
21 42
23 42
24 42
25 42
28 42
29 42
31 42
32 42
33 42
34 42
36 42
37 42
41 42
45 42
46 42
47 42
48 42
49 42
51 42
52 42
53 42
54 42
57 42
59 42
62 42
64 42
65 42
66 42
67 42
69 42
70 42
72 42
74 42
79 42
84 42
85 42
87 42
89 42
91 42
95 42
96 42
97 42
98 42
99 42
100 42
5 43
6 43
8 43
11 43
14 43
17 43
18 43
19 43
20 43
25 43
27 43
29 43
35 43
36 43
37 43
39 43
40 43
46 43
49 43
51 43
52 43
56 43
58 43
61 43
66 43
70 43
73 43
76 43
77 43
79 43
81 43
82 43
83 43
84 43
89 43
91 43
92 43
93 43
94 43
97 43
99 43
100 43
4 44
11 44
12 44
13 44
14 44
15 44
16 44
20 44
21 44
25 44
26 44
29 44
30 44
31 44
32 44
34 44
36 44
39 44
40 44
41 44
44 44
52 44
53 44
54 44
55 44
60 44
62 44
63 44
68 44
69 44
70 44
71 44
75 44
79 44
80 44
81 44
82 44
83 44
84 44
85 44
89 44
90 44
91 44
92 44
93 44
95 44
96 44
97 44
2 45
5 45
6 45
7 45
9 45
10 45
12 45
14 45
18 45
19 45
21 45
22 45
28 45
30 45
32 45
33 45
35 45
37 45
40 45
41 45
43 45
45 45
48 45
50 45
51 45
53 45
55 45
56 45
57 45
58 45
62 45
64 45
68 45
70 45
71 45
73 45
77 45
79 45
80 45
85 45
86 45
87 45
88 45
89 45
90 45
91 45
96 45
98 45
2 46
5 46
6 46
7 46
8 46
9 46
13 46
15 46
16 46
17 46
21 46
23 46
30 46
33 46
34 46
35 46
36 46
39 46
40 46
45 46
46 46
48 46
49 46
51 46
52 46
55 46
56 46
58 46
59 46
60 46
64 46
67 46
70 46
74 46
75 46
77 46
82 46
83 46
85 46
86 46
87 46
88 46
89 46
91 46
95 46
97 46
98 46
99 46
1 47
2 47
4 47
5 47
7 47
9 47
10 47
12 47
14 47
16 47
18 47
19 47
20 47
22 47
26 47
28 47
30 47
31 47
32 47
35 47
36 47
37 47
40 47
41 47
42 47
43 47
46 47
47 47
48 47
49 47
51 47
52 47
53 47
54 47
58 47
59 47
63 47
64 47
65 47
68 47
71 47
72 47
74 47
76 47
78 47
82 47
85 47
89 47
93 47
94 47
95 47
96 47
97 47
99 47
2 48
3 48
4 48
5 48
8 48
10 48
12 48
18 48
20 48
21 48
26 48
28 48
29 48
30 48
31 48
32 48
34 48
35 48
37 48
39 48
43 48
44 48
47 48
52 48
55 48
56 48
59 48
60 48
62 48
63 48
70 48
71 48
73 48
77 48
78 48
80 48
81 48
82 48
83 48
85 48
89 48
91 48
93 48
94 48
95 48
97 48
98 48
100 48
2 49
3 49
4 49
6 49
8 49
9 49
10 49
11 49
15 49
16 49
18 49
19 49
21 49
24 49
25 49
26 49
27 49
28 49
29 49
31 49
32 49
33 49
36 49
37 49
39 49
40 49
44 49
47 49
49 49
50 49
51 49
53 49
54 49
57 49
58 49
59 49
61 49
62 49
63 49
64 49
65 49
66 49
68 49
69 49
70 49
71 49
72 49
74 49
80 49
81 49
83 49
86 49
87 49
88 49
89 49
90 49
92 49
94 49
96 49
99 49
1 50
3 50
5 50
10 50
12 50
13 50
15 50
17 50
18 50
19 50
20 50
23 50
25 50
27 50
28 50
31 50
35 50
36 50
41 50
42 50
43 50
44 50
45 50
47 50
49 50
53 50
54 50
55 50
56 50
61 50
62 50
65 50
67 50
75 50
76 50
79 50
80 50
86 50
87 50
88 50
90 50
91 50
92 50
93 50
94 50
99 50
5 51
7 51
10 51
11 51
12 51
14 51
19 51
20 51
22 51
25 51
27 51
32 51
37 51
41 51
43 51
46 51
48 51
49 51
51 51
55 51
60 51
61 51
62 51
63 51
66 51
68 51
69 51
70 51
72 51
76 51
77 51
78 51
81 51
82 51
84 51
86 51
88 51
89 51
90 51
91 51
93 51
95 51
1 52
2 52
3 52
4 52
8 52
10 52
12 52
14 52
15 52
17 52
18 52
22 52
23 52
25 52
26 52
28 52
29 52
30 52
31 52
32 52
33 52
35 52
36 52
39 52
40 52
42 52
43 52
45 52
47 52
51 52
52 52
53 52
56 52
57 52
59 52
61 52
62 52
64 52
65 52
72 52
73 52
74 52
76 52
77 52
78 52
79 52
81 52
82 52
83 52
86 52
95 52
99 52
100 52
2 53
4 53
5 53
6 53
8 53
9 53
12 53
13 53
14 53
16 53
20 53
21 53
22 53
24 53
25 53
31 53
32 53
37 53
39 53
40 53
43 53
47 53
48 53
49 53
50 53
51 53
58 53
59 53
61 53
64 53
65 53
68 53
71 53
72 53
75 53
76 53
78 53
79 53
82 53
84 53
87 53
88 53
89 53
90 53
91 53
96 53
98 53
100 53
2 54
4 54
13 54
14 54
15 54
19 54
20 54
21 54
23 54
25 54
26 54
29 54
31 54
33 54
38 54
39 54
46 54
47 54
48 54
53 54
56 54
58 54
59 54
61 54
64 54
65 54
66 54
68 54
69 54
71 54
72 54
73 54
75 54
78 54
79 54
81 54
86 54
87 54
88 54
90 54
91 54
92 54
93 54
95 54
97 54
98 54
99 54
1 55
3 55
6 55
9 55
10 55
15 55
17 55
18 55
20 55
21 55
22 55
23 55
25 55
26 55
30 55
33 55
34 55
37 55
38 55
39 55
40 55
42 55
43 55
44 55
45 55
47 55
48 55
49 55
52 55
53 55
55 55
60 55
61 55
63 55
74 55
75 55
77 55
78 55
80 55
82 55
84 55
86 55
87 55
88 55
93 55
94 55
95 55
97 55
98 55
100 55
1 56
2 56
4 56
6 56
7 56
13 56
14 56
15 56
16 56
18 56
19 56
22 56
23 56
26 56
28 56
29 56
32 56
33 56
34 56
35 56
36 56
37 56
38 56
39 56
41 56
42 56
43 56
44 56
46 56
48 56
50 56
52 56
60 56
61 56
62 56
63 56
64 56
65 56
67 56
70 56
71 56
72 56
73 56
74 56
76 56
77 56
78 56
80 56
81 56
82 56
90 56
91 56
94 56
97 56
98 56
100 56
1 57
3 57
6 57
10 57
12 57
13 57
16 57
17 57
21 57
22 57
26 57
27 57
28 57
34 57
36 57
43 57
45 57
49 57
50 57
51 57
53 57
55 57
56 57
60 57
62 57
63 57
64 57
65 57
66 57
67 57
70 57
75 57
80 57
82 57
83 57
87 57
89 57
92 57
94 57
97 57
100 57
1 58
2 58
3 58
5 58
6 58
8 58
11 58
12 58
13 58
14 58
15 58
16 58
17 58
18 58
20 58
22 58
24 58
25 58
28 58
29 58
30 58
32 58
33 58
35 58
36 58
37 58
38 58
40 58
41 58
43 58
46 58
47 58
48 58
51 58
52 58
53 58
54 58
57 58
58 58
60 58
63 58
64 58
65 58
66 58
67 58
68 58
71 58
72 58
73 58
74 58
79 58
80 58
86 58
87 58
88 58
91 58
92 58
93 58
96 58
97 58
98 58
99 58
1 59
2 59
4 59
6 59
7 59
9 59
10 59
15 59
17 59
18 59
19 59
24 59
25 59
26 59
27 59
29 59
30 59
35 59
36 59
38 59
39 59
40 59
41 59
42 59
44 59
45 59
50 59
52 59
54 59
55 59
56 59
57 59
58 59
60 59
61 59
65 59
66 59
67 59
70 59
72 59
73 59
74 59
77 59
78 59
79 59
80 59
82 59
87 59
88 59
89 59
92 59
95 59
96 59
99 59
3 60
4 60
5 60
6 60
7 60
11 60
15 60
16 60
17 60
18 60
20 60
21 60
22 60
23 60
26 60
28 60
33 60
38 60
39 60
40 60
41 60
42 60
43 60
46 60
48 60
50 60
51 60
52 60
54 60
58 60
60 60
63 60
64 60
67 60
68 60
69 60
71 60
72 60
73 60
76 60
77 60
83 60
85 60
86 60
89 60
90 60
91 60
94 60
95 60
96 60
2 61
7 61
8 61
12 61
13 61
15 61
19 61
21 61
25 61
26 61
30 61
31 61
34 61
38 61
40 61
44 61
46 61
48 61
51 61
52 61
53 61
56 61
57 61
64 61
65 61
67 61
70 61
71 61
72 61
75 61
76 61
79 61
81 61
82 61
85 61
87 61
88 61
89 61
95 61
96 61
97 61
98 61
99 61
100 61
1 62
4 62
5 62
8 62
12 62
13 62
14 62
15 62
17 62
18 62
19 62
21 62
24 62
31 62
32 62
33 62
34 62
35 62
36 62
37 62
40 62
44 62
47 62
48 62
51 62
55 62
57 62
59 62
62 62
64 62
65 62
69 62
70 62
71 62
72 62
73 62
74 62
75 62
76 62
77 62
78 62
80 62
81 62
82 62
85 62
86 62
87 62
88 62
89 62
91 62
92 62
94 62
95 62
99 62
2 63
3 63
6 63
7 63
12 63
13 63
14 63
16 63
18 63
22 63
24 63
25 63
26 63
27 63
28 63
29 63
31 63
33 63
35 63
36 63
39 63
44 63
48 63
50 63
51 63
52 63
54 63
55 63
56 63
59 63
63 63
64 63
68 63
69 63
71 63
73 63
75 63
78 63
80 63
82 63
87 63
89 63
90 63
92 63
93 63
94 63
96 63
97 63
99 63
100 63
1 64
5 64
7 64
10 64
11 64
12 64
15 64
16 64
17 64
19 64
20 64
22 64
23 64
25 64
29 64
30 64
31 64
32 64
33 64
34 64
37 64
38 64
39 64
40 64
46 64
47 64
49 64
50 64
51 64
52 64
53 64
57 64
58 64
59 64
60 64
61 64
62 64
64 64
65 64
66 64
67 64
68 64
69 64
70 64
72 64
74 64
75 64
79 64
82 64
84 64
85 64
86 64
91 64
94 64
98 64
99 64
1 65
2 65
4 65
6 65
7 65
10 65
12 65
13 65
14 65
15 65
16 65
17 65
21 65
22 65
26 65
27 65
30 65
32 65
33 65
34 65
35 65
36 65
40 65
41 65
42 65
43 65
44 65
47 65
48 65
49 65
50 65
51 65
52 65
54 65
56 65
57 65
58 65
59 65
60 65
61 65
62 65
64 65
65 65
66 65
68 65
69 65
71 65
73 65
74 65
78 65
80 65
84 65
85 65
91 65
95 65
97 65
1 66
2 66
5 66
7 66
10 66
12 66
14 66
15 66
18 66
21 66
23 66
24 66
30 66
31 66
32 66
34 66
35 66
37 66
40 66
43 66
44 66
45 66
48 66
52 66
55 66
56 66
57 66
59 66
60 66
61 66
65 66
68 66
69 66
70 66
73 66
75 66
82 66
83 66
89 66
91 66
94 66
97 66
99 66
1 67
2 67
3 67
5 67
9 67
11 67
12 67
13 67
16 67
18 67
19 67
20 67
21 67
23 67
26 67
27 67
29 67
30 67
31 67
33 67
34 67
35 67
36 67
38 67
39 67
40 67
43 67
44 67
51 67
54 67
55 67
58 67
60 67
62 67
69 67
70 67
71 67
72 67
75 67
84 67
88 67
89 67
91 67
92 67
1 68
2 68
6 68
7 68
9 68
10 68
12 68
13 68
16 68
17 68
20 68
22 68
24 68
26 68
27 68
29 68
30 68
33 68
38 68
40 68
41 68
44 68
48 68
52 68
54 68
55 68
57 68
58 68
59 68
61 68
62 68
65 68
66 68
67 68
71 68
74 68
76 68
77 68
78 68
80 68
82 68
83 68
85 68
87 68
90 68
92 68
93 68
95 68
96 68
97 68
98 68
99 68
3 69
4 69
6 69
9 69
10 69
11 69
15 69
16 69
18 69
19 69
20 69
22 69
23 69
24 69
25 69
26 69
28 69
30 69
33 69
34 69
35 69
37 69
39 69
40 69
43 69
45 69
48 69
50 69
51 69
52 69
53 69
54 69
55 69
56 69
57 69
59 69
61 69
62 69
64 69
66 69
69 69
71 69
72 69
74 69
80 69
82 69
84 69
85 69
87 69
89 69
94 69
96 69
97 69
98 69
99 69
2 70
4 70
7 70
9 70
10 70
11 70
12 70
16 70
19 70
23 70
25 70
28 70
29 70
30 70
31 70
32 70
33 70
34 70
36 70
41 70
42 70
45 70
47 70
49 70
52 70
53 70
56 70
57 70
58 70
61 70
62 70
63 70
70 70
72 70
73 70
75 70
76 70
79 70
81 70
83 70
85 70
88 70
89 70
90 70
91 70
95 70
96 70
99 70
100 70
1 71
2 71
3 71
5 71
7 71
8 71
9 71
10 71
14 71
15 71
18 71
19 71
20 71
28 71
31 71
34 71
39 71
40 71
41 71
46 71
47 71
48 71
49 71
51 71
52 71
57 71
59 71
60 71
61 71
64 71
71 71
72 71
75 71
76 71
80 71
83 71
86 71
89 71
91 71
95 71
97 71
98 71
3 72
6 72
7 72
9 72
11 72
15 72
17 72
19 72
21 72
22 72
27 72
28 72
30 72
33 72
36 72
37 72
40 72
45 72
46 72
47 72
49 72
51 72
52 72
55 72
57 72
61 72
62 72
63 72
66 72
67 72
68 72
69 72
71 72
72 72
74 72
80 72
81 72
82 72
83 72
84 72
86 72
88 72
91 72
94 72
95 72
99 72
3 73
5 73
7 73
9 73
11 73
15 73
16 73
17 73
18 73
23 73
24 73
25 73
26 73
28 73
29 73
30 73
33 73
35 73
40 73
42 73
43 73
44 73
45 73
47 73
48 73
50 73
51 73
52 73
53 73
56 73
57 73
58 73
61 73
62 73
63 73
65 73
67 73
68 73
69 73
72 73
74 73
75 73
76 73
78 73
80 73
83 73
84 73
88 73
89 73
90 73
94 73
95 73
96 73
98 73
99 73
100 73
1 74
4 74
5 74
9 74
11 74
13 74
14 74
15 74
18 74
19 74
22 74
23 74
25 74
27 74
28 74
29 74
31 74
32 74
37 74
39 74
40 74
42 74
44 74
46 74
47 74
53 74
54 74
55 74
56 74
57 74
59 74
60 74
62 74
63 74
64 74
65 74
67 74
68 74
71 74
72 74
73 74
76 74
77 74
79 74
82 74
84 74
86 74
87 74
91 74
94 74
95 74
97 74
98 74
100 74
1 75
4 75
5 75
6 75
8 75
11 75
13 75
14 75
16 75
17 75
18 75
21 75
22 75
23 75
24 75
32 75
33 75
34 75
35 75
37 75
38 75
44 75
45 75
48 75
52 75
57 75
60 75
62 75
64 75
66 75
67 75
68 75
70 75
71 75
73 75
74 75
75 75
76 75
77 75
78 75
83 75
84 75
86 75
88 75
89 75
90 75
93 75
94 75
95 75
97 75
98 75
100 75
1 76
2 76
3 76
5 76
6 76
7 76
13 76
17 76
18 76
21 76
22 76
24 76
26 76
29 76
32 76
33 76
34 76
38 76
39 76
43 76
44 76
45 76
46 76
47 76
48 76
49 76
51 76
53 76
55 76
56 76
60 76
61 76
62 76
64 76
65 76
67 76
68 76
80 76
81 76
83 76
87 76
89 76
91 76
94 76
95 76
99 76
2 77
4 77
6 77
7 77
8 77
12 77
13 77
18 77
21 77
25 77
27 77
30 77
31 77
32 77
35 77
39 77
45 77
46 77
47 77
51 77
52 77
53 77
56 77
57 77
58 77
59 77
60 77
61 77
62 77
64 77
66 77
68 77
70 77
71 77
73 77
74 77
75 77
76 77
78 77
79 77
80 77
81 77
82 77
83 77
85 77
86 77
87 77
88 77
89 77
91 77
92 77
93 77
95 77
96 77
97 77
98 77
100 77
1 78
2 78
4 78
6 78
8 78
9 78
10 78
11 78
13 78
14 78
16 78
17 78
22 78
28 78
31 78
32 78
33 78
34 78
37 78
39 78
43 78
45 78
47 78
49 78
52 78
60 78
62 78
65 78
68 78
69 78
71 78
72 78
78 78
79 78
80 78
82 78
85 78
86 78
88 78
89 78
91 78
94 78
95 78
97 78
98 78
99 78
100 78
2 79
3 79
4 79
6 79
11 79
12 79
13 79
14 79
16 79
17 79
18 79
19 79
20 79
21 79
23 79
25 79
28 79
29 79
30 79
31 79
34 79
35 79
36 79
37 79
38 79
39 79
41 79
42 79
43 79
44 79
47 79
49 79
53 79
54 79
55 79
57 79
59 79
60 79
61 79
63 79
68 79
75 79
76 79
77 79
78 79
81 79
82 79
86 79
87 79
88 79
90 79
91 79
92 79
93 79
94 79
97 79
100 79
1 80
5 80
6 80
7 80
8 80
11 80
12 80
15 80
16 80
19 80
20 80
21 80
30 80
31 80
32 80
34 80
36 80
37 80
41 80
43 80
44 80
46 80
51 80
53 80
55 80
56 80
59 80
63 80
65 80
67 80
70 80
74 80
76 80
78 80
79 80
80 80
82 80
83 80
86 80
87 80
89 80
90 80
91 80
92 80
97 80
98 80
1 81
2 81
3 81
4 81
6 81
7 81
9 81
10 81
11 81
13 81
15 81
18 81
20 81
21 81
22 81
23 81
24 81
25 81
26 81
27 81
29 81
32 81
34 81
37 81
38 81
42 81
43 81
44 81
46 81
51 81
52 81
56 81
58 81
59 81
60 81
63 81
65 81
70 81
71 81
73 81
75 81
76 81
78 81
80 81
81 81
82 81
85 81
88 81
91 81
92 81
93 81
96 81
97 81
98 81
99 81
2 82
7 82
10 82
11 82
13 82
14 82
15 82
16 82
17 82
18 82
19 82
21 82
23 82
24 82
27 82
32 82
33 82
34 82
36 82
37 82
38 82
39 82
40 82
42 82
44 82
46 82
47 82
49 82
53 82
54 82
55 82
58 82
61 82
62 82
64 82
67 82
68 82
69 82
72 82
73 82
75 82
76 82
79 82
82 82
84 82
85 82
86 82
87 82
89 82
90 82
93 82
94 82
96 82
97 82
99 82
1 83
3 83
5 83
6 83
7 83
10 83
11 83
12 83
15 83
17 83
21 83
23 83
24 83
27 83
28 83
31 83
34 83
35 83
36 83
37 83
38 83
39 83
40 83
41 83
42 83
44 83
45 83
47 83
52 83
53 83
54 83
57 83
59 83
64 83
66 83
68 83
70 83
71 83
72 83
81 83
83 83
87 83
88 83
90 83
97 83
100 83
2 84
4 84
5 84
7 84
8 84
9 84
11 84
12 84
14 84
18 84
19 84
23 84
26 84
28 84
30 84
31 84
32 84
35 84
36 84
37 84
40 84
42 84
46 84
48 84
51 84
54 84
55 84
56 84
57 84
60 84
62 84
64 84
66 84
67 84
71 84
74 84
76 84
77 84
78 84
79 84
83 84
84 84
85 84
88 84
89 84
94 84
95 84
97 84
99 84
1 85
3 85
4 85
5 85
7 85
17 85
21 85
22 85
27 85
28 85
29 85
30 85
34 85
35 85
39 85
45 85
46 85
47 85
48 85
51 85
55 85
56 85
59 85
61 85
62 85
64 85
65 85
66 85
70 85
72 85
74 85
76 85
77 85
78 85
83 85
84 85
85 85
87 85
89 85
91 85
97 85
98 85
99 85
100 85
1 86
4 86
7 86
8 86
10 86
12 86
15 86
17 86
18 86
20 86
21 86
23 86
25 86
27 86
29 86
30 86
33 86
34 86
35 86
38 86
39 86
42 86
44 86
46 86
47 86
48 86
49 86
50 86
52 86
54 86
56 86
59 86
64 86
65 86
67 86
70 86
71 86
73 86
74 86
76 86
78 86
79 86
80 86
81 86
82 86
84 86
86 86
88 86
90 86
91 86
92 86
93 86
97 86
99 86
100 86
2 87
5 87
6 87
8 87
12 87
16 87
17 87
18 87
20 87
23 87
27 87
28 87
29 87
35 87
37 87
39 87
40 87
41 87
44 87
45 87
46 87
49 87
50 87
51 87
52 87
54 87
56 87
62 87
63 87
64 87
67 87
69 87
70 87
74 87
75 87
82 87
83 87
85 87
87 87
92 87
94 87
97 87
3 88
7 88
8 88
10 88
11 88
14 88
18 88
21 88
22 88
26 88
27 88
29 88
31 88
33 88
39 88
41 88
42 88
43 88
44 88
45 88
49 88
51 88
54 88
55 88
58 88
59 88
63 88
65 88
66 88
67 88
68 88
69 88
70 88
72 88
73 88
74 88
75 88
77 88
79 88
82 88
83 88
85 88
87 88
90 88
91 88
92 88
93 88
95 88
96 88
100 88
3 89
4 89
6 89
8 89
11 89
12 89
13 89
15 89
16 89
17 89
22 89
23 89
25 89
26 89
27 89
28 89
30 89
34 89
38 89
39 89
40 89
41 89
42 89
43 89
47 89
51 89
54 89
55 89
60 89
62 89
63 89
64 89
65 89
69 89
71 89
72 89
77 89
78 89
80 89
81 89
82 89
83 89
84 89
85 89
90 89
91 89
92 89
93 89
94 89
96 89
97 89
7 90
8 90
9 90
11 90
14 90
15 90
20 90
25 90
29 90
30 90
36 90
37 90
39 90
40 90
44 90
47 90
51 90
52 90
54 90
55 90
56 90
60 90
61 90
64 90
68 90
69 90
70 90
72 90
73 90
74 90
81 90
83 90
85 90
88 90
89 90
91 90
92 90
93 90
94 90
96 90
99 90
4 91
5 91
8 91
10 91
13 91
16 91
21 91
25 91
26 91
30 91
32 91
33 91
35 91
37 91
38 91
39 91
40 91
42 91
44 91
45 91
48 91
49 91
50 91
53 91
54 91
55 91
56 91
57 91
60 91
61 91
66 91
68 91
71 91
72 91
73 91
77 91
80 91
81 91
84 91
85 91
86 91
87 91
88 91
89 91
91 91
93 91
96 91
97 91
98 91
100 91
3 92
6 92
8 92
10 92
12 92
13 92
14 92
15 92
17 92
19 92
24 92
30 92
32 92
34 92
35 92
36 92
37 92
39 92
41 92
42 92
44 92
46 92
48 92
50 92
56 92
61 92
62 92
63 92
64 92
65 92
68 92
69 92
70 92
74 92
75 92
76 92
80 92
81 92
82 92
83 92
84 92
87 92
88 92
90 92
91 92
92 92
95 92
97 92
98 92
99 92
100 92
5 93
13 93
19 93
24 93
25 93
26 93
28 93
29 93
31 93
32 93
33 93
34 93
38 93
39 93
40 93
44 93
46 93
48 93
50 93
52 93
56 93
57 93
59 93
61 93
62 93
63 93
65 93
66 93
67 93
68 93
72 93
73 93
74 93
75 93
76 93
77 93
78 93
80 93
84 93
87 93
88 93
89 93
90 93
91 93
92 93
95 93
98 93
5 94
6 94
7 94
9 94
10 94
11 94
14 94
15 94
17 94
18 94
19 94
21 94
25 94
26 94
30 94
31 94
32 94
34 94
37 94
38 94
39 94
40 94
41 94
42 94
43 94
48 94
51 94
52 94
58 94
59 94
60 94
61 94
63 94
64 94
68 94
69 94
70 94
77 94
81 94
82 94
84 94
85 94
86 94
90 94
94 94
95 94
97 94
1 95
4 95
5 95
7 95
9 95
10 95
11 95
12 95
13 95
16 95
17 95
20 95
21 95
24 95
25 95
27 95
31 95
32 95
34 95
36 95
37 95
40 95
41 95
42 95
44 95
45 95
47 95
48 95
49 95
50 95
51 95
56 95
57 95
60 95
61 95
62 95
63 95
64 95
65 95
67 95
69 95
71 95
72 95
73 95
75 95
77 95
80 95
81 95
83 95
85 95
87 95
88 95
90 95
91 95
93 95
95 95
96 95
1 96
4 96
11 96
12 96
17 96
19 96
22 96
24 96
26 96
27 96
28 96
30 96
31 96
32 96
36 96
39 96
43 96
44 96
45 96
46 96
49 96
50 96
51 96
52 96
54 96
55 96
56 96
57 96
59 96
60 96
61 96
63 96
64 96
65 96
68 96
71 96
74 96
75 96
76 96
82 96
83 96
85 96
88 96
89 96
92 96
95 96
96 96
97 96
98 96
100 96
5 97
6 97
7 97
9 97
10 97
12 97
16 97
20 97
21 97
22 97
24 97
29 97
35 97
36 97
37 97
38 97
39 97
40 97
41 97
42 97
44 97
46 97
48 97
49 97
50 97
52 97
53 97
55 97
57 97
58 97
60 97
61 97
62 97
63 97
65 97
67 97
69 97
71 97
72 97
73 97
76 97
80 97
81 97
83 97
86 97
87 97
88 97
89 97
90 97
91 97
93 97
95 97
96 97
99 97
3 98
5 98
6 98
12 98
13 98
16 98
18 98
19 98
23 98
25 98
28 98
29 98
35 98
37 98
38 98
39 98
42 98
44 98
45 98
46 98
50 98
51 98
53 98
54 98
56 98
61 98
63 98
66 98
67 98
68 98
71 98
75 98
77 98
86 98
88 98
89 98
90 98
92 98
95 98
96 98
97 98
98 98
100 98
1 99
2 99
3 99
6 99
7 99
8 99
11 99
14 99
17 99
24 99
25 99
26 99
27 99
28 99
32 99
36 99
37 99
38 99
39 99
40 99
42 99
43 99
47 99
48 99
49 99
50 99
51 99
55 99
57 99
59 99
60 99
63 99
65 99
66 99
73 99
74 99
75 99
76 99
78 99
80 99
82 99
83 99
84 99
85 99
86 99
89 99
90 99
91 99
93 99
94 99
96 99
97 99
98 99
99 99
2 100
4 100
6 100
7 100
8 100
9 100
12 100
13 100
16 100
22 100
26 100
28 100
29 100
30 100
31 100
38 100
39 100
40 100
41 100
43 100
45 100
46 100
50 100
53 100
55 100
56 100
57 100
61 100
64 100
65 100
67 100
69 100
72 100
73 100
74 100
75 100
78 100
79 100
80 100
81 100
82 100
83 100
84 100
85 100
86 100
87 100
89 100
92 100
93 100
94 100
96 100
97 100
98 100
99 100
