100
1 1
2 1
4 1
5 1
6 1
7 1
10 1
14 1
16 1
18 1
21 1
22 1
23 1
24 1
26 1
27 1
30 1
31 1
32 1
34 1
36 1
37 1
38 1
39 1
44 1
45 1
46 1
47 1
48 1
49 1
50 1
51 1
52 1
57 1
58 1
62 1
63 1
64 1
66 1
68 1
70 1
71 1
72 1
77 1
78 1
79 1
80 1
83 1
84 1
85 1
86 1
87 1
92 1
93 1
94 1
98 1
99 1
100 1
1 2
3 2
4 2
7 2
8 2
9 2
12 2
13 2
16 2
20 2
23 2
24 2
26 2
28 2
29 2
32 2
34 2
35 2
38 2
39 2
41 2
43 2
45 2
51 2
54 2
57 2
58 2
60 2
61 2
65 2
68 2
69 2
70 2
71 2
73 2
75 2
80 2
81 2
84 2
85 2
88 2
90 2
92 2
93 2
94 2
95 2
96 2
97 2
98 2
1 3
4 3
7 3
8 3
10 3
13 3
15 3
17 3
18 3
19 3
21 3
23 3
24 3
25 3
26 3
30 3
33 3
36 3
37 3
40 3
42 3
44 3
46 3
49 3
51 3
52 3
55 3
56 3
60 3
61 3
62 3
63 3
66 3
67 3
68 3
69 3
72 3
74 3
75 3
76 3
78 3
81 3
84 3
85 3
87 3
90 3
92 3
93 3
95 3
96 3
97 3
1 4
3 4
5 4
6 4
7 4
9 4
11 4
12 4
13 4
17 4
18 4
23 4
25 4
28 4
30 4
39 4
40 4
42 4
44 4
45 4
47 4
49 4
51 4
54 4
56 4
58 4
61 4
62 4
63 4
64 4
65 4
69 4
72 4
73 4
74 4
80 4
85 4
87 4
97 4
100 4
2 5
7 5
10 5
11 5
12 5
17 5
18 5
22 5
23 5
29 5
30 5
37 5
38 5
39 5
40 5
41 5
42 5
45 5
47 5
49 5
50 5
54 5
55 5
56 5
57 5
58 5
59 5
60 5
61 5
66 5
67 5
68 5
69 5
70 5
71 5
73 5
78 5
82 5
86 5
87 5
95 5
96 5
99 5
2 6
4 6
5 6
8 6
9 6
10 6
12 6
15 6
16 6
19 6
20 6
22 6
27 6
30 6
32 6
35 6
37 6
38 6
39 6
40 6
41 6
46 6
48 6
50 6
51 6
52 6
54 6
55 6
56 6
58 6
60 6
61 6
63 6
64 6
65 6
68 6
70 6
74 6
76 6
78 6
79 6
80 6
84 6
85 6
86 6
87 6
89 6
90 6
91 6
92 6
93 6
94 6
95 6
100 6
1 7
2 7
3 7
4 7
6 7
9 7
10 7
12 7
16 7
18 7
19 7
20 7
21 7
24 7
25 7
28 7
29 7
30 7
31 7
33 7
34 7
37 7
38 7
40 7
43 7
48 7
49 7
50 7
51 7
52 7
55 7
56 7
59 7
62 7
64 7
66 7
67 7
68 7
69 7
70 7
71 7
72 7
77 7
80 7
83 7
85 7
86 7
87 7
89 7
90 7
91 7
94 7
95 7
97 7
99 7
100 7
1 8
3 8
5 8
6 8
9 8
12 8
13 8
14 8
18 8
19 8
20 8
21 8
22 8
25 8
26 8
30 8
31 8
32 8
34 8
36 8
37 8
42 8
45 8
46 8
47 8
48 8
49 8
51 8
53 8
54 8
57 8
58 8
59 8
61 8
62 8
63 8
67 8
68 8
70 8
71 8
74 8
76 8
77 8
80 8
81 8
85 8
86 8
87 8
90 8
94 8
95 8
96 8
97 8
100 8
3 9
6 9
7 9
13 9
14 9
15 9
17 9
18 9
20 9
21 9
23 9
24 9
25 9
26 9
27 9
28 9
29 9
32 9
34 9
36 9
37 9
38 9
39 9
40 9
42 9
44 9
45 9
47 9
48 9
51 9
54 9
56 9
59 9
62 9
65 9
70 9
72 9
77 9
78 9
79 9
85 9
93 9
94 9
95 9
98 9
100 9
3 10
5 10
7 10
9 10
10 10
11 10
12 10
13 10
14 10
15 10
16 10
17 10
18 10
21 10
23 10
25 10
26 10
27 10
29 10
32 10
33 10
34 10
35 10
37 10
39 10
40 10
42 10
46 10
48 10
49 10
50 10
54 10
56 10
57 10
58 10
60 10
61 10
65 10
69 10
71 10
72 10
73 10
74 10
75 10
76 10
79 10
81 10
82 10
84 10
87 10
89 10
90 10
91 10
92 10
93 10
94 10
95 10
98 10
99 10
3 11
4 11
5 11
8 11
10 11
11 11
12 11
13 11
15 11
16 11
18 11
19 11
21 11
22 11
23 11
24 11
25 11
26 11
29 11
31 11
32 11
33 11
34 11
35 11
36 11
38 11
39 11
41 11
42 11
43 11
44 11
47 11
51 11
52 11
57 11
60 11
63 11
65 11
66 11
68 11
70 11
72 11
73 11
74 11
77 11
78 11
79 11
80 11
81 11
83 11
86 11
87 11
89 11
92 11
93 11
98 11
100 11
1 12
2 12
3 12
4 12
8 12
10 12
14 12
17 12
20 12
21 12
22 12
23 12
24 12
26 12
28 12
29 12
30 12
33 12
34 12
35 12
39 12
40 12
41 12
42 12
43 12
45 12
47 12
49 12
50 12
51 12
52 12
53 12
54 12
56 12
57 12
59 12
60 12
61 12
62 12
63 12
64 12
65 12
66 12
67 12
70 12
71 12
73 12
77 12
79 12
81 12
85 12
88 12
89 12
92 12
93 12
94 12
99 12
100 12
2 13
3 13
13 13
14 13
18 13
20 13
24 13
26 13
27 13
29 13
33 13
34 13
35 13
36 13
37 13
38 13
42 13
47 13
49 13
50 13
52 13
54 13
55 13
56 13
57 13
58 13
63 13
64 13
67 13
68 13
73 13
74 13
76 13
81 13
82 13
84 13
85 13
88 13
89 13
90 13
92 13
93 13
95 13
96 13
99 13
100 13
2 14
3 14
4 14
5 14
6 14
7 14
8 14
9 14
10 14
12 14
15 14
17 14
19 14
21 14
22 14
27 14
30 14
31 14
33 14
34 14
35 14
38 14
41 14
43 14
49 14
52 14
54 14
56 14
57 14
58 14
59 14
60 14
61 14
62 14
64 14
66 14
67 14
69 14
70 14
71 14
76 14
77 14
80 14
81 14
85 14
87 14
88 14
91 14
93 14
94 14
95 14
98 14
1 15
4 15
6 15
10 15
11 15
12 15
13 15
14 15
15 15
17 15
18 15
19 15
20 15
24 15
25 15
29 15
30 15
31 15
33 15
37 15
39 15
41 15
42 15
45 15
46 15
47 15
52 15
54 15
57 15
59 15
60 15
61 15
62 15
63 15
64 15
66 15
67 15
69 15
70 15
71 15
72 15
73 15
74 15
75 15
78 15
81 15
85 15
87 15
91 15
93 15
94 15
96 15
97 15
99 15
2 16
7 16
8 16
9 16
12 16
13 16
14 16
15 16
17 16
22 16
23 16
25 16
26 16
29 16
30 16
31 16
32 16
33 16
35 16
41 16
42 16
47 16
48 16
51 16
52 16
55 16
56 16
59 16
61 16
62 16
63 16
64 16
65 16
66 16
68 16
73 16
75 16
76 16
79 16
80 16
85 16
88 16
90 16
94 16
95 16
96 16
98 16
100 16
3 17
4 17
6 17
7 17
9 17
10 17
11 17
15 17
17 17
18 17
21 17
25 17
26 17
27 17
30 17
31 17
32 17
35 17
38 17
43 17
45 17
46 17
48 17
53 17
55 17
57 17
64 17
68 17
71 17
72 17
74 17
76 17
78 17
81 17
83 17
84 17
85 17
86 17
88 17
89 17
90 17
94 17
96 17
99 17
100 17
1 18
2 18
4 18
6 18
7 18
8 18
10 18
12 18
14 18
18 18
21 18
25 18
26 18
27 18
30 18
31 18
32 18
34 18
36 18
37 18
45 18
48 18
52 18
53 18
57 18
58 18
59 18
60 18
61 18
63 18
64 18
67 18
69 18
70 18
71 18
72 18
73 18
74 18
76 18
77 18
79 18
82 18
84 18
85 18
86 18
88 18
92 18
95 18
97 18
100 18
1 19
4 19
5 19
11 19
12 19
17 19
19 19
20 19
22 19
24 19
25 19
28 19
29 19
34 19
35 19
36 19
37 19
38 19
40 19
42 19
43 19
44 19
47 19
51 19
54 19
57 19
58 19
60 19
61 19
62 19
63 19
65 19
66 19
67 19
69 19
70 19
72 19
76 19
78 19
80 19
81 19
83 19
84 19
85 19
91 19
92 19
93 19
95 19
97 19
98 19
2 20
5 20
6 20
8 20
9 20
11 20
12 20
13 20
14 20
17 20
19 20
22 20
24 20
25 20
27 20
29 20
31 20
32 20
34 20
35 20
40 20
41 20
42 20
43 20
45 20
46 20
48 20
51 20
52 20
53 20
54 20
57 20
61 20
62 20
63 20
65 20
68 20
70 20
71 20
72 20
73 20
74 20
75 20
78 20
81 20
83 20
84 20
85 20
86 20
87 20
88 20
90 20
92 20
97 20
98 20
99 20
1 21
4 21
6 21
8 21
10 21
17 21
19 21
22 21
24 21
27 21
28 21
30 21
32 21
34 21
38 21
40 21
41 21
43 21
44 21
48 21
50 21
54 21
55 21
56 21
57 21
58 21
60 21
62 21
65 21
67 21
72 21
74 21
76 21
78 21
80 21
81 21
82 21
83 21
86 21
88 21
89 21
92 21
93 21
97 21
99 21
100 21
3 22
7 22
8 22
9 22
10 22
13 22
16 22
18 22
20 22
21 22
22 22
25 22
28 22
29 22
30 22
31 22
33 22
34 22
37 22
39 22
40 22
41 22
46 22
48 22
49 22
51 22
52 22
53 22
56 22
57 22
59 22
60 22
62 22
64 22
67 22
69 22
72 22
73 22
76 22
77 22
78 22
79 22
80 22
82 22
84 22
85 22
88 22
89 22
91 22
92 22
94 22
95 22
97 22
99 22
100 22
1 23
2 23
3 23
5 23
8 23
10 23
13 23
14 23
17 23
21 23
24 23
29 23
32 23
33 23
34 23
36 23
37 23
39 23
40 23
41 23
44 23
45 23
47 23
49 23
51 23
52 23
54 23
55 23
57 23
58 23
61 23
65 23
67 23
68 23
71 23
76 23
77 23
79 23
80 23
81 23
82 23
83 23
84 23
85 23
86 23
98 23
1 24
2 24
3 24
4 24
5 24
14 24
20 24
21 24
22 24
24 24
25 24
26 24
27 24
29 24
30 24
32 24
35 24
36 24
40 24
42 24
43 24
47 24
48 24
50 24
52 24
55 24
56 24
59 24
62 24
63 24
64 24
69 24
70 24
71 24
73 24
74 24
75 24
79 24
80 24
83 24
84 24
85 24
86 24
88 24
91 24
92 24
94 24
96 24
99 24
100 24
2 25
3 25
4 25
6 25
7 25
8 25
11 25
17 25
19 25
20 25
22 25
23 25
25 25
26 25
29 25
31 25
33 25
34 25
36 25
37 25
38 25
39 25
40 25
46 25
47 25
48 25
49 25
50 25
52 25
53 25
54 25
55 25
64 25
67 25
68 25
70 25
75 25
77 25
79 25
82 25
84 25
85 25
93 25
98 25
99 25
100 25
1 26
3 26
4 26
5 26
6 26
7 26
8 26
12 26
13 26
15 26
16 26
17 26
19 26
22 26
23 26
29 26
31 26
32 26
34 26
36 26
37 26
39 26
40 26
42 26
43 26
45 26
48 26
49 26
54 26
56 26
58 26
62 26
63 26
65 26
67 26
68 26
70 26
72 26
75 26
76 26
78 26
79 26
81 26
83 26
86 26
89 26
92 26
96 26
97 26
99 26
4 27
5 27
6 27
9 27
10 27
15 27
18 27
25 27
27 27
28 27
30 27
31 27
32 27
34 27
37 27
39 27
40 27
42 27
43 27
45 27
46 27
49 27
50 27
55 27
57 27
58 27
60 27
62 27
65 27
66 27
68 27
71 27
76 27
77 27
82 27
83 27
84 27
85 27
88 27
90 27
94 27
95 27
96 27
1 28
2 28
4 28
8 28
10 28
11 28
16 28
18 28
19 28
22 28
23 28
24 28
25 28
28 28
29 28
31 28
32 28
34 28
37 28
38 28
41 28
43 28
44 28
46 28
47 28
48 28
49 28
55 28
60 28
61 28
62 28
71 28
72 28
73 28
74 28
75 28
77 28
81 28
82 28
85 28
86 28
88 28
89 28
95 28
97 28
100 28
2 29
6 29
7 29
12 29
13 29
14 29
19 29
20 29
29 29
30 29
33 29
36 29
37 29
38 29
42 29
43 29
44 29
45 29
49 29
53 29
54 29
56 29
57 29
58 29
60 29
61 29
64 29
67 29
68 29
70 29
71 29
75 29
76 29
78 29
80 29
83 29
86 29
91 29
94 29
97 29
98 29
1 30
2 30
4 30
5 30
6 30
7 30
11 30
13 30
14 30
15 30
16 30
20 30
24 30
25 30
31 30
32 30
33 30
38 30
39 30
43 30
49 30
51 30
53 30
55 30
57 30
58 30
59 30
64 30
66 30
69 30
70 30
72 30
73 30
75 30
77 30
79 30
81 30
83 30
85 30
89 30
93 30
94 30
95 30
97 30
3 31
5 31
6 31
7 31
8 31
10 31
12 31
13 31
14 31
15 31
16 31
18 31
22 31
24 31
25 31
26 31
27 31
28 31
29 31
31 31
33 31
34 31
35 31
36 31
42 31
45 31
48 31
50 31
55 31
57 31
61 31
64 31
65 31
70 31
71 31
73 31
74 31
79 31
80 31
82 31
84 31
86 31
88 31
90 31
94 31
95 31
96 31
97 31
98 31
100 31
1 32
2 32
3 32
5 32
9 32
11 32
13 32
14 32
17 32
19 32
21 32
22 32
24 32
25 32
27 32
29 32
31 32
32 32
35 32
38 32
43 32
44 32
50 32
54 32
57 32
60 32
62 32
66 32
69 32
74 32
77 32
78 32
81 32
82 32
86 32
87 32
88 32
90 32
91 32
92 32
93 32
95 32
96 32
97 32
99 32
100 32
3 33
5 33
9 33
10 33
11 33
12 33
13 33
14 33
16 33
17 33
18 33
20 33
21 33
22 33
23 33
24 33
26 33
27 33
29 33
30 33
32 33
33 33
34 33
36 33
41 33
42 33
45 33
47 33
48 33
49 33
50 33
55 33
59 33
60 33
61 33
62 33
63 33
65 33
66 33
67 33
71 33
72 33
73 33
76 33
77 33
78 33
83 33
84 33
90 33
91 33
92 33
93 33
97 33
98 33
99 33
2 34
3 34
4 34
7 34
8 34
11 34
16 34
17 34
18 34
19 34
21 34
22 34
25 34
27 34
29 34
32 34
33 34
34 34
36 34
37 34
44 34
45 34
46 34
47 34
48 34
50 34
52 34
53 34
54 34
56 34
57 34
58 34
61 34
62 34
63 34
64 34
68 34
69 34
70 34
71 34
74 34
77 34
78 34
79 34
82 34
83 34
85 34
87 34
91 34
93 34
98 34
100 34
2 35
4 35
5 35
7 35
11 35
12 35
13 35
14 35
15 35
17 35
20 35
21 35
23 35
25 35
28 35
29 35
33 35
34 35
35 35
40 35
41 35
46 35
53 35
56 35
59 35
61 35
63 35
65 35
66 35
69 35
73 35
74 35
75 35
76 35
77 35
78 35
82 35
83 35
85 35
91 35
92 35
94 35
96 35
97 35
99 35
100 35
1 36
4 36
9 36
11 36
12 36
13 36
15 36
17 36
19 36
26 36
28 36
36 36
39 36
41 36
44 36
45 36
47 36
48 36
50 36
51 36
52 36
53 36
55 36
56 36
57 36
59 36
60 36
62 36
64 36
67 36
68 36
70 36
72 36
73 36
74 36
76 36
77 36
79 36
81 36
82 36
90 36
91 36
92 36
93 36
96 36
98 36
1 37
6 37
7 37
8 37
10 37
12 37
16 37
17 37
18 37
19 37
23 37
24 37
25 37
26 37
29 37
33 37
35 37
37 37
40 37
41 37
42 37
45 37
50 37
52 37
53 37
56 37
59 37
62 37
66 37
67 37
69 37
71 37
72 37
73 37
74 37
82 37
84 37
86 37
88 37
90 37
91 37
93 37
96 37
98 37
99 37
3 38
7 38
8 38
11 38
14 38
15 38
17 38
20 38
21 38
22 38
24 38
26 38
28 38
30 38
32 38
33 38
35 38
36 38
37 38
41 38
42 38
44 38
45 38
46 38
47 38
52 38
53 38
54 38
59 38
61 38
62 38
63 38
64 38
66 38
67 38
70 38
72 38
73 38
79 38
80 38
83 38
86 38
91 38
92 38
93 38
94 38
96 38
100 38
2 39
3 39
5 39
6 39
7 39
8 39
9 39
10 39
13 39
14 39
16 39
17 39
20 39
21 39
22 39
24 39
25 39
29 39
31 39
33 39
34 39
37 39
38 39
39 39
40 39
41 39
47 39
49 39
52 39
53 39
56 39
57 39
58 39
60 39
62 39
63 39
65 39
67 39
71 39
72 39
73 39
75 39
85 39
86 39
89 39
93 39
95 39
99 39
2 40
5 40
9 40
11 40
14 40
17 40
21 40
23 40
24 40
25 40
29 40
31 40
33 40
35 40
36 40
38 40
39 40
40 40
42 40
44 40
47 40
48 40
49 40
53 40
54 40
56 40
57 40
58 40
61 40
62 40
63 40
66 40
67 40
68 40
71 40
72 40
74 40
75 40
76 40
78 40
79 40
81 40
82 40
88 40
89 40
90 40
95 40
1 41
5 41
6 41
7 41
8 41
11 41
13 41
14 41
15 41
16 41
24 41
25 41
26 41
27 41
29 41
32 41
36 41
38 41
39 41
42 41
44 41
47 41
52 41
55 41
56 41
57 41
59 41
60 41
61 41
62 41
64 41
66 41
67 41
68 41
70 41
73 41
74 41
78 41
79 41
80 41
82 41
86 41
87 41
88 41
89 41
91 41
93 41
94 41
96 41
97 41
4 42
7 42
8 42
10 42
12 42
13 42
14 42
19 42
20 42
21 42
22 42
26 42
27 42
29 42
36 42
38 42
39 42
40 42
41 42
42 42
44 42
45 42
47 42
49 42
50 42
54 42
56 42
57 42
60 42
61 42
62 42
63 42
66 42
67 42
68 42
69 42
71 42
73 42
77 42
79 42
80 42
81 42
83 42
85 42
86 42
87 42
88 42
90 42
95 42
97 42
98 42
2 43
3 43
4 43
5 43
6 43
8 43
12 43
13 43
14 43
19 43
20 43
22 43
23 43
25 43
27 43
29 43
30 43
33 43
34 43
36 43
37 43
39 43
44 43
45 43
50 43
51 43
54 43
62 43
63 43
66 43
69 43
70 43
71 43
73 43
74 43
76 43
77 43
78 43
80 43
81 43
83 43
84 43
86 43
87 43
88 43
89 43
90 43
91 43
92 43
94 43
95 43
96 43
98 43
2 44
4 44
7 44
9 44
10 44
11 44
16 44
19 44
22 44
24 44
25 44
27 44
28 44
29 44
30 44
31 44
36 44
38 44
39 44
40 44
41 44
43 44
45 44
48 44
51 44
54 44
55 44
56 44
57 44
59 44
60 44
62 44
63 44
64 44
67 44
71 44
72 44
73 44
74 44
76 44
77 44
78 44
79 44
82 44
86 44
90 44
92 44
96 44
97 44
100 44
3 45
5 45
6 45
7 45
8 45
9 45
10 45
11 45
12 45
15 45
16 45
18 45
20 45
22 45
25 45
27 45
28 45
30 45
32 45
33 45
34 45
35 45
37 45
38 45
39 45
42 45
43 45
44 45
45 45
47 45
49 45
50 45
51 45
52 45
57 45
61 45
62 45
64 45
66 45
69 45
70 45
71 45
73 45
76 45
77 45
80 45
81 45
82 45
89 45
91 45
92 45
94 45
96 45
100 45
1 46
2 46
5 46
11 46
12 46
14 46
17 46
20 46
22 46
24 46
25 46
30 46
31 46
33 46
34 46
37 46
38 46
40 46
42 46
43 46
46 46
50 46
52 46
53 46
54 46
55 46
56 46
57 46
58 46
59 46
60 46
64 46
66 46
70 46
71 46
72 46
73 46
74 46
80 46
81 46
82 46
84 46
88 46
89 46
90 46
91 46
92 46
93 46
94 46
95 46
96 46
97 46
98 46
100 46
1 47
2 47
3 47
4 47
5 47
8 47
14 47
15 47
17 47
21 47
22 47
24 47
28 47
31 47
33 47
34 47
36 47
37 47
38 47
40 47
42 47
43 47
44 47
45 47
46 47
49 47
50 47
53 47
58 47
59 47
64 47
65 47
66 47
67 47
68 47
70 47
72 47
76 47
77 47
79 47
80 47
81 47
84 47
85 47
86 47
89 47
90 47
92 47
93 47
96 47
97 47
98 47
99 47
1 48
3 48
4 48
6 48
7 48
8 48
11 48
12 48
13 48
17 48
19 48
20 48
21 48
28 48
30 48
31 48
33 48
35 48
37 48
38 48
39 48
40 48
42 48
45 48
46 48
52 48
56 48
57 48
59 48
62 48
64 48
66 48
68 48
71 48
79 48
81 48
83 48
84 48
87 48
93 48
94 48
95 48
1 49
3 49
4 49
6 49
10 49
11 49
12 49
15 49
23 49
24 49
27 49
28 49
30 49
31 49
34 49
38 49
41 49
42 49
45 49
47 49
48 49
50 49
51 49
52 49
54 49
60 49
61 49
62 49
64 49
65 49
66 49
69 49
71 49
73 49
80 49
83 49
84 49
89 49
91 49
92 49
93 49
94 49
96 49
3 50
5 50
9 50
10 50
13 50
17 50
19 50
21 50
24 50
25 50
28 50
34 50
35 50
38 50
39 50
40 50
42 50
44 50
45 50
46 50
47 50
48 50
49 50
50 50
52 50
54 50
55 50
57 50
58 50
59 50
61 50
63 50
64 50
65 50
66 50
74 50
79 50
80 50
81 50
82 50
83 50
84 50
87 50
89 50
93 50
94 50
97 50
99 50
100 50
1 51
3 51
8 51
9 51
10 51
11 51
12 51
13 51
16 51
19 51
20 51
21 51
22 51
26 51
27 51
28 51
29 51
31 51
32 51
34 51
35 51
36 51
38 51
39 51
40 51
43 51
45 51
46 51
48 51
51 51
53 51
55 51
57 51
59 51
60 51
64 51
67 51
68 51
71 51
72 51
74 51
77 51
79 51
80 51
82 51
85 51
87 51
88 51
89 51
91 51
95 51
97 51
100 51
1 52
2 52
4 52
6 52
7 52
9 52
11 52
13 52
14 52
16 52
17 52
22 52
25 52
27 52
28 52
31 52
34 52
36 52
38 52
40 52
44 52
45 52
47 52
49 52
51 52
52 52
53 52
55 52
56 52
57 52
58 52
60 52
61 52
64 52
65 52
66 52
68 52
69 52
70 52
73 52
74 52
76 52
77 52
78 52
80 52
82 52
84 52
88 52
95 52
96 52
97 52
98 52
100 52
3 53
5 53
7 53
9 53
12 53
21 53
23 53
24 53
26 53
30 53
32 53
33 53
34 53
35 53
37 53
40 53
41 53
42 53
43 53
47 53
51 53
55 53
58 53
59 53
60 53
64 53
69 53
70 53
79 53
81 53
83 53
85 53
86 53
88 53
89 53
90 53
93 53
94 53
95 53
96 53
97 53
100 53
5 54
7 54
11 54
12 54
13 54
16 54
17 54
18 54
19 54
21 54
23 54
25 54
27 54
31 54
32 54
33 54
35 54
37 54
38 54
39 54
40 54
41 54
42 54
43 54
44 54
46 54
53 54
54 54
55 54
60 54
62 54
67 54
70 54
72 54
76 54
77 54
81 54
83 54
85 54
86 54
89 54
90 54
91 54
93 54
96 54
97 54
99 54
1 55
2 55
3 55
5 55
6 55
8 55
10 55
11 55
12 55
13 55
17 55
18 55
19 55
20 55
21 55
22 55
25 55
26 55
27 55
28 55
29 55
30 55
31 55
32 55
35 55
38 55
40 55
41 55
43 55
48 55
49 55
55 55
57 55
60 55
61 55
65 55
67 55
68 55
70 55
72 55
73 55
74 55
75 55
78 55
80 55
81 55
82 55
84 55
87 55
90 55
92 55
94 55
95 55
96 55
1 56
2 56
4 56
6 56
7 56
11 56
13 56
16 56
17 56
18 56
20 56
24 56
27 56
29 56
31 56
32 56
33 56
36 56
38 56
40 56
42 56
46 56
51 56
52 56
54 56
55 56
56 56
57 56
59 56
63 56
64 56
67 56
68 56
70 56
71 56
72 56
73 56
75 56
78 56
79 56
80 56
81 56
82 56
86 56
89 56
90 56
93 56
95 56
97 56
98 56
99 56
100 56
6 57
9 57
10 57
11 57
12 57
16 57
21 57
25 57
27 57
28 57
29 57
31 57
32 57
33 57
34 57
35 57
36 57
41 57
44 57
45 57
47 57
49 57
52 57
53 57
54 57
57 57
58 57
59 57
60 57
61 57
75 57
76 57
78 57
79 57
81 57
82 57
83 57
84 57
88 57
93 57
98 57
99 57
100 57
2 58
4 58
5 58
6 58
8 58
13 58
14 58
17 58
19 58
20 58
21 58
22 58
23 58
24 58
26 58
27 58
28 58
29 58
31 58
37 58
39 58
41 58
42 58
45 58
46 58
47 58
48 58
49 58
50 58
52 58
53 58
57 58
59 58
64 58
65 58
66 58
70 58
71 58
75 58
80 58
85 58
87 58
88 58
91 58
92 58
97 58
99 58
100 58
3 59
5 59
6 59
9 59
11 59
12 59
13 59
16 59
20 59
22 59
23 59
30 59
31 59
32 59
33 59
35 59
36 59
37 59
39 59
41 59
42 59
44 59
45 59
47 59
50 59
52 59
53 59
55 59
58 59
59 59
60 59
62 59
63 59
64 59
65 59
68 59
69 59
71 59
79 59
80 59
81 59
83 59
84 59
86 59
88 59
93 59
5 60
6 60
7 60
8 60
9 60
10 60
11 60
12 60
14 60
17 60
19 60
20 60
21 60
24 60
25 60
26 60
30 60
32 60
34 60
38 60
39 60
40 60
42 60
43 60
45 60
48 60
53 60
54 60
55 60
57 60
58 60
64 60
65 60
66 60
68 60
69 60
71 60
73 60
76 60
77 60
79 60
81 60
82 60
84 60
85 60
86 60
87 60
88 60
90 60
91 60
93 60
94 60
95 60
96 60
98 60
100 60
1 61
3 61
4 61
8 61
10 61
11 61
12 61
13 61
14 61
15 61
19 61
22 61
24 61
25 61
26 61
27 61
32 61
33 61
34 61
35 61
36 61
37 61
38 61
40 61
41 61
43 61
44 61
45 61
48 61
50 61
51 61
53 61
54 61
66 61
69 61
70 61
71 61
75 61
77 61
80 61
81 61
85 61
86 61
87 61
88 61
90 61
91 61
94 61
95 61
97 61
4 62
5 62
6 62
13 62
14 62
17 62
19 62
20 62
22 62
23 62
24 62
25 62
26 62
27 62
28 62
30 62
35 62
37 62
43 62
46 62
47 62
48 62
49 62
50 62
51 62
52 62
53 62
54 62
58 62
61 62
66 62
68 62
70 62
71 62
75 62
78 62
79 62
81 62
82 62
84 62
87 62
88 62
93 62
94 62
2 63
7 63
10 63
11 63
13 63
14 63
15 63
16 63
17 63
18 63
20 63
21 63
23 63
25 63
27 63
30 63
37 63
38 63
40 63
42 63
46 63
47 63
50 63
51 63
54 63
55 63
59 63
62 63
63 63
64 63
65 63
68 63
69 63
76 63
78 63
79 63
82 63
83 63
85 63
86 63
87 63
91 63
94 63
95 63
97 63
100 63
5 64
6 64
10 64
11 64
13 64
14 64
16 64
18 64
19 64
23 64
25 64
29 64
30 64
31 64
33 64
34 64
38 64
40 64
41 64
42 64
44 64
45 64
46 64
50 64
53 64
55 64
57 64
58 64
62 64
63 64
64 64
67 64
68 64
69 64
71 64
72 64
73 64
74 64
75 64
79 64
80 64
83 64
84 64
87 64
88 64
89 64
92 64
93 64
94 64
95 64
100 64
3 65
5 65
9 65
10 65
11 65
12 65
14 65
16 65
17 65
18 65
19 65
21 65
22 65
24 65
25 65
27 65
31 65
33 65
34 65
35 65
37 65
42 65
45 65
47 65
48 65
51 65
53 65
56 65
57 65
59 65
61 65
63 65
64 65
65 65
67 65
70 65
71 65
72 65
73 65
75 65
76 65
77 65
78 65
80 65
81 65
82 65
83 65
84 65
89 65
90 65
91 65
92 65
94 65
96 65
98 65
99 65
100 65
1 66
2 66
4 66
5 66
8 66
9 66
12 66
15 66
17 66
18 66
19 66
20 66
22 66
23 66
24 66
27 66
28 66
29 66
30 66
31 66
33 66
35 66
36 66
38 66
39 66
40 66
42 66
43 66
44 66
45 66
48 66
49 66
50 66
51 66
54 66
56 66
57 66
61 66
62 66
68 66
69 66
71 66
72 66
75 66
76 66
82 66
83 66
84 66
88 66
89 66
93 66
97 66
98 66
99 66
100 66
1 67
2 67
3 67
5 67
6 67
8 67
9 67
11 67
17 67
18 67
19 67
23 67
24 67
28 67
30 67
32 67
34 67
38 67
43 67
44 67
45 67
46 67
48 67
49 67
50 67
51 67
54 67
59 67
60 67
62 67
68 67
70 67
72 67
73 67
75 67
78 67
80 67
83 67
84 67
86 67
87 67
90 67
91 67
92 67
94 67
95 67
98 67
99 67
100 67
5 68
8 68
9 68
10 68
11 68
14 68
16 68
17 68
20 68
22 68
23 68
24 68
25 68
26 68
32 68
33 68
35 68
36 68
37 68
40 68
41 68
43 68
44 68
45 68
48 68
52 68
54 68
56 68
58 68
60 68
61 68
62 68
63 68
66 68
67 68
68 68
76 68
78 68
80 68
83 68
84 68
87 68
88 68
89 68
90 68
92 68
94 68
95 68
96 68
97 68
98 68
99 68
100 68
2 69
3 69
4 69
5 69
8 69
12 69
13 69
14 69
17 69
19 69
20 69
22 69
23 69
31 69
32 69
33 69
35 69
37 69
39 69
42 69
45 69
46 69
49 69
51 69
52 69
53 69
54 69
55 69
57 69
59 69
61 69
62 69
64 69
65 69
69 69
70 69
73 69
78 69
79 69
80 69
82 69
83 69
85 69
87 69
88 69
89 69
92 69
93 69
94 69
95 69
96 69
98 69
99 69
100 69
3 70
4 70
5 70
6 70
7 70
11 70
13 70
14 70
16 70
17 70
18 70
21 70
23 70
25 70
27 70
28 70
30 70
31 70
35 70
36 70
38 70
40 70
41 70
42 70
45 70
46 70
47 70
49 70
51 70
54 70
56 70
60 70
62 70
63 70
65 70
67 70
68 70
71 70
72 70
75 70
78 70
80 70
81 70
82 70
83 70
84 70
87 70
90 70
93 70
95 70
96 70
97 70
98 70
99 70
100 70
1 71
2 71
5 71
7 71
8 71
9 71
10 71
11 71
15 71
16 71
18 71
20 71
21 71
22 71
23 71
25 71
26 71
27 71
28 71
32 71
35 71
36 71
38 71
39 71
40 71
41 71
42 71
44 71
45 71
47 71
50 71
53 71
54 71
55 71
56 71
61 71
63 71
64 71
68 71
69 71
72 71
73 71
75 71
76 71
79 71
80 71
83 71
84 71
86 71
87 71
90 71
91 71
94 71
97 71
1 72
3 72
4 72
6 72
7 72
8 72
9 72
10 72
12 72
13 72
14 72
15 72
18 72
22 72
24 72
25 72
26 72
27 72
30 72
31 72
32 72
33 72
34 72
39 72
41 72
42 72
47 72
48 72
49 72
50 72
51 72
52 72
54 72
57 72
58 72
59 72
60 72
62 72
65 72
66 72
69 72
70 72
73 72
76 72
77 72
80 72
83 72
84 72
85 72
86 72
88 72
93 72
94 72
96 72
97 72
98 72
99 72
1 73
2 73
4 73
5 73
6 73
7 73
9 73
10 73
13 73
14 73
15 73
17 73
18 73
19 73
21 73
22 73
23 73
26 73
31 73
32 73
33 73
34 73
39 73
40 73
42 73
43 73
44 73
46 73
47 73
54 73
55 73
58 73
59 73
60 73
62 73
64 73
65 73
67 73
68 73
69 73
70 73
72 73
74 73
76 73
78 73
79 73
81 73
84 73
87 73
88 73
89 73
90 73
92 73
93 73
97 73
100 73
2 74
4 74
5 74
6 74
10 74
12 74
13 74
15 74
16 74
17 74
21 74
22 74
23 74
26 74
27 74
30 74
31 74
32 74
33 74
36 74
37 74
40 74
41 74
43 74
45 74
46 74
52 74
53 74
54 74
57 74
60 74
63 74
65 74
66 74
69 74
70 74
71 74
72 74
75 74
76 74
77 74
78 74
81 74
82 74
84 74
90 74
93 74
96 74
99 74
1 75
6 75
8 75
9 75
11 75
12 75
14 75
16 75
17 75
18 75
20 75
23 75
24 75
25 75
26 75
27 75
28 75
29 75
30 75
36 75
37 75
38 75
41 75
43 75
45 75
46 75
47 75
49 75
53 75
56 75
58 75
61 75
63 75
64 75
66 75
68 75
69 75
70 75
71 75
72 75
74 75
79 75
81 75
84 75
85 75
87 75
90 75
91 75
98 75
99 75
100 75
2 76
7 76
8 76
9 76
10 76
11 76
12 76
13 76
14 76
16 76
17 76
21 76
23 76
24 76
26 76
27 76
28 76
29 76
31 76
32 76
35 76
36 76
38 76
39 76
40 76
42 76
43 76
44 76
45 76
46 76
47 76
48 76
50 76
51 76
52 76
53 76
55 76
61 76
62 76
64 76
68 76
69 76
70 76
72 76
74 76
77 76
78 76
81 76
84 76
85 76
86 76
90 76
91 76
93 76
97 76
99 76
3 77
4 77
7 77
10 77
11 77
12 77
14 77
17 77
20 77
22 77
24 77
27 77
28 77
29 77
30 77
31 77
33 77
36 77
37 77
38 77
39 77
43 77
46 77
48 77
50 77
51 77
52 77
57 77
58 77
59 77
60 77
62 77
66 77
67 77
69 77
71 77
72 77
73 77
74 77
75 77
76 77
77 77
78 77
81 77
82 77
84 77
86 77
88 77
89 77
90 77
91 77
94 77
99 77
100 77
1 78
2 78
5 78
6 78
7 78
10 78
13 78
16 78
19 78
20 78
22 78
23 78
25 78
26 78
29 78
31 78
32 78
35 78
36 78
38 78
41 78
43 78
48 78
49 78
56 78
63 78
65 78
68 78
69 78
70 78
72 78
74 78
76 78
77 78
78 78
80 78
84 78
85 78
86 78
87 78
88 78
90 78
92 78
93 78
94 78
95 78
96 78
98 78
2 79
3 79
7 79
8 79
9 79
10 79
14 79
16 79
17 79
19 79
21 79
23 79
26 79
27 79
28 79
29 79
33 79
34 79
35 79
37 79
39 79
42 79
43 79
44 79
45 79
46 79
48 79
51 79
54 79
55 79
57 79
59 79
60 79
61 79
62 79
66 79
68 79
70 79
72 79
75 79
76 79
78 79
79 79
81 79
83 79
84 79
87 79
89 79
94 79
98 79
99 79
100 79
1 80
2 80
6 80
8 80
9 80
10 80
11 80
12 80
15 80
18 80
19 80
21 80
22 80
24 80
29 80
31 80
32 80
33 80
38 80
40 80
47 80
48 80
55 80
56 80
62 80
66 80
69 80
70 80
73 80
74 80
75 80
79 80
80 80
82 80
83 80
86 80
92 80
93 80
94 80
95 80
98 80
99 80
100 80
4 81
6 81
9 81
10 81
15 81
17 81
18 81
20 81
21 81
24 81
25 81
26 81
27 81
28 81
32 81
36 81
37 81
38 81
39 81
40 81
42 81
46 81
47 81
51 81
53 81
54 81
55 81
56 81
57 81
59 81
62 81
63 81
66 81
69 81
71 81
75 81
77 81
78 81
81 81
83 81
85 81
87 81
92 81
93 81
94 81
97 81
99 81
2 82
4 82
5 82
6 82
7 82
8 82
9 82
11 82
12 82
13 82
15 82
19 82
22 82
24 82
26 82
27 82
28 82
30 82
31 82
32 82
35 82
36 82
38 82
42 82
44 82
47 82
48 82
49 82
50 82
53 82
55 82
56 82
59 82
62 82
63 82
64 82
65 82
66 82
67 82
69 82
71 82
74 82
75 82
76 82
79 82
82 82
86 82
87 82
88 82
90 82
92 82
94 82
96 82
97 82
98 82
99 82
100 82
1 83
2 83
3 83
4 83
5 83
6 83
7 83
8 83
9 83
10 83
12 83
13 83
14 83
15 83
19 83
20 83
21 83
22 83
23 83
24 83
28 83
31 83
33 83
34 83
37 83
38 83
39 83
40 83
42 83
45 83
46 83
47 83
52 83
53 83
58 83
61 83
65 83
71 83
72 83
74 83
75 83
76 83
77 83
79 83
83 83
85 83
86 83
87 83
88 83
90 83
91 83
92 83
93 83
94 83
96 83
98 83
99 83
100 83
1 84
2 84
3 84
4 84
8 84
9 84
10 84
11 84
12 84
20 84
21 84
22 84
26 84
27 84
33 84
34 84
38 84
40 84
42 84
48 84
50 84
51 84
54 84
55 84
56 84
57 84
58 84
59 84
61 84
64 84
67 84
68 84
70 84
71 84
72 84
74 84
75 84
78 84
82 84
85 84
88 84
92 84
96 84
99 84
1 85
3 85
4 85
9 85
11 85
12 85
14 85
15 85
17 85
20 85
21 85
23 85
25 85
26 85
27 85
29 85
31 85
33 85
34 85
36 85
37 85
39 85
41 85
43 85
45 85
47 85
50 85
51 85
53 85
54 85
55 85
56 85
57 85
59 85
61 85
64 85
67 85
69 85
73 85
75 85
77 85
78 85
80 85
81 85
83 85
84 85
87 85
89 85
90 85
91 85
92 85
93 85
94 85
96 85
97 85
98 85
8 86
9 86
10 86
13 86
16 86
17 86
18 86
21 86
22 86
23 86
25 86
26 86
27 86
28 86
32 86
35 86
39 86
44 86
45 86
46 86
47 86
48 86
51 86
54 86
55 86
56 86
58 86
59 86
60 86
62 86
63 86
66 86
67 86
71 86
72 86
73 86
76 86
77 86
78 86
83 86
84 86
85 86
86 86
90 86
91 86
92 86
94 86
97 86
98 86
99 86
100 86
4 87
8 87
9 87
11 87
12 87
13 87
18 87
19 87
21 87
23 87
24 87
25 87
27 87
28 87
31 87
33 87
34 87
36 87
37 87
41 87
42 87
43 87
44 87
47 87
48 87
49 87
50 87
52 87
53 87
55 87
56 87
57 87
58 87
59 87
60 87
63 87
64 87
68 87
71 87
72 87
77 87
78 87
81 87
82 87
83 87
85 87
86 87
89 87
92 87
96 87
99 87
100 87
1 88
2 88
3 88
4 88
6 88
7 88
10 88
12 88
13 88
17 88
22 88
23 88
25 88
28 88
29 88
30 88
31 88
33 88
34 88
35 88
38 88
40 88
42 88
44 88
46 88
47 88
51 88
56 88
61 88
65 88
71 88
74 88
82 88
84 88
89 88
90 88
91 88
95 88
97 88
98 88
100 88
1 89
3 89
5 89
8 89
9 89
11 89
12 89
15 89
17 89
19 89
23 89
25 89
26 89
27 89
29 89
31 89
32 89
33 89
34 89
37 89
40 89
48 89
49 89
50 89
51 89
56 89
57 89
58 89
59 89
63 89
66 89
67 89
69 89
72 89
74 89
75 89
76 89
77 89
78 89
79 89
80 89
82 89
84 89
85 89
87 89
89 89
90 89
92 89
93 89
94 89
96 89
4 90
6 90
7 90
8 90
12 90
15 90
16 90
17 90
18 90
19 90
20 90
23 90
25 90
27 90
29 90
31 90
32 90
34 90
35 90
37 90
41 90
42 90
43 90
44 90
48 90
50 90
52 90
53 90
54 90
55 90
57 90
59 90
60 90
62 90
64 90
66 90
71 90
74 90
78 90
79 90
80 90
81 90
83 90
85 90
88 90
89 90
90 90
92 90
93 90
94 90
96 90
97 90
98 90
2 91
4 91
6 91
9 91
11 91
12 91
13 91
14 91
15 91
16 91
20 91
22 91
29 91
30 91
32 91
34 91
40 91
41 91
44 91
45 91
48 91
51 91
57 91
58 91
59 91
61 91
62 91
63 91
65 91
68 91
69 91
72 91
73 91
74 91
76 91
79 91
80 91
81 91
83 91
85 91
86 91
88 91
89 91
90 91
91 91
93 91
94 91
97 91
100 91
1 92
2 92
3 92
4 92
5 92
7 92
8 92
9 92
10 92
12 92
14 92
24 92
25 92
27 92
29 92
31 92
32 92
33 92
38 92
39 92
40 92
41 92
45 92
47 92
51 92
55 92
56 92
58 92
59 92
60 92
61 92
65 92
69 92
75 92
77 92
79 92
81 92
82 92
85 92
88 92
90 92
91 92
93 92
94 92
95 92
96 92
97 92
99 92
2 93
4 93
9 93
12 93
13 93
15 93
20 93
22 93
23 93
24 93
26 93
27 93
28 93
30 93
33 93
34 93
35 93
36 93
38 93
40 93
43 93
44 93
46 93
47 93
48 93
49 93
51 93
52 93
54 93
58 93
66 93
67 93
69 93
70 93
71 93
73 93
74 93
75 93
76 93
78 93
79 93
85 93
89 93
90 93
91 93
92 93
93 93
95 93
96 93
97 93
2 94
3 94
4 94
5 94
7 94
9 94
10 94
11 94
13 94
16 94
17 94
22 94
25 94
27 94
28 94
30 94
36 94
37 94
40 94
42 94
43 94
44 94
47 94
48 94
49 94
51 94
52 94
53 94
56 94
57 94
58 94
60 94
61 94
63 94
64 94
65 94
69 94
75 94
77 94
80 94
81 94
85 94
91 94
92 94
95 94
98 94
99 94
100 94
1 95
3 95
4 95
5 95
7 95
11 95
12 95
18 95
20 95
25 95
26 95
27 95
28 95
30 95
31 95
33 95
37 95
38 95
41 95
43 95
47 95
48 95
50 95
53 95
56 95
60 95
62 95
64 95
66 95
71 95
75 95
77 95
78 95
81 95
82 95
87 95
89 95
90 95
91 95
92 95
94 95
95 95
97 95
99 95
100 95
2 96
5 96
12 96
13 96
14 96
15 96
18 96
20 96
23 96
24 96
26 96
27 96
28 96
29 96
30 96
31 96
33 96
34 96
36 96
37 96
41 96
42 96
44 96
46 96
47 96
48 96
49 96
50 96
52 96
53 96
56 96
58 96
59 96
60 96
62 96
65 96
72 96
74 96
75 96
76 96
79 96
80 96
81 96
85 96
91 96
94 96
95 96
96 96
97 96
98 96
1 97
2 97
3 97
5 97
6 97
7 97
8 97
9 97
11 97
12 97
13 97
19 97
24 97
25 97
26 97
27 97
28 97
30 97
33 97
34 97
35 97
41 97
42 97
45 97
46 97
52 97
54 97
57 97
58 97
59 97
61 97
62 97
65 97
66 97
67 97
69 97
72 97
73 97
74 97
75 97
76 97
77 97
78 97
79 97
80 97
81 97
84 97
85 97
87 97
89 97
94 97
95 97
97 97
98 97
100 97
1 98
2 98
5 98
6 98
7 98
8 98
10 98
12 98
14 98
18 98
19 98
20 98
24 98
25 98
29 98
30 98
32 98
35 98
37 98
39 98
40 98
42 98
43 98
46 98
48 98
49 98
51 98
54 98
56 98
57 98
59 98
61 98
62 98
66 98
73 98
74 98
77 98
78 98
81 98
82 98
84 98
85 98
88 98
89 98
94 98
95 98
96 98
97 98
99 98
2 99
4 99
5 99
7 99
8 99
9 99
11 99
14 99
15 99
16 99
18 99
19 99
21 99
23 99
24 99
27 99
29 99
36 99
37 99
40 99
41 99
42 99
44 99
45 99
47 99
49 99
50 99
51 99
54 99
56 99
57 99
58 99
59 99
61 99
63 99
67 99
69 99
73 99
74 99
75 99
76 99
78 99
79 99
83 99
85 99
90 99
91 99
92 99
93 99
96 99
97 99
98 99
1 100
2 100
3 100
4 100
5 100
7 100
8 100
10 100
11 100
12 100
14 100
15 100
23 100
25 100
27 100
29 100
31 100
32 100
38 100
39 100
40 100
42 100
46 100
50 100
52 100
54 100
55 100
56 100
62 100
63 100
64 100
66 100
67 100
68 100
71 100
74 100
81 100
82 100
84 100
86 100
87 100
88 100
89 100
90 100
92 100
94 100
95 100
96 100
97 100
99 100
100 100
