100
4 1
6 1
10 1
15 1
17 1
18 1
19 1
20 1
22 1
24 1
25 1
28 1
29 1
30 1
32 1
34 1
35 1
37 1
38 1
40 1
42 1
44 1
47 1
48 1
50 1
51 1
52 1
55 1
56 1
58 1
59 1
60 1
63 1
71 1
72 1
73 1
76 1
78 1
79 1
82 1
84 1
86 1
87 1
88 1
89 1
95 1
96 1
99 1
1 2
3 2
4 2
6 2
7 2
8 2
10 2
12 2
16 2
17 2
19 2
22 2
26 2
30 2
31 2
32 2
33 2
35 2
36 2
37 2
38 2
39 2
40 2
41 2
43 2
44 2
46 2
47 2
48 2
50 2
51 2
52 2
54 2
59 2
62 2
65 2
67 2
68 2
69 2
70 2
71 2
77 2
81 2
82 2
84 2
86 2
87 2
90 2
91 2
93 2
95 2
97 2
98 2
1 3
2 3
4 3
6 3
7 3
10 3
11 3
12 3
14 3
16 3
20 3
23 3
25 3
27 3
29 3
31 3
34 3
35 3
36 3
38 3
40 3
42 3
43 3
46 3
47 3
49 3
52 3
53 3
54 3
56 3
57 3
60 3
62 3
64 3
65 3
66 3
67 3
69 3
71 3
73 3
75 3
79 3
81 3
82 3
83 3
85 3
88 3
90 3
95 3
98 3
1 4
3 4
4 4
6 4
11 4
14 4
15 4
17 4
20 4
21 4
26 4
29 4
30 4
33 4
34 4
35 4
38 4
41 4
42 4
43 4
45 4
48 4
50 4
51 4
53 4
54 4
55 4
57 4
58 4
61 4
63 4
64 4
67 4
68 4
71 4
72 4
76 4
77 4
78 4
79 4
81 4
82 4
83 4
84 4
85 4
86 4
88 4
90 4
93 4
94 4
95 4
1 5
4 5
5 5
7 5
9 5
10 5
12 5
15 5
18 5
19 5
28 5
29 5
32 5
34 5
39 5
40 5
46 5
47 5
49 5
50 5
52 5
56 5
57 5
58 5
61 5
63 5
66 5
67 5
68 5
71 5
72 5
76 5
77 5
78 5
80 5
83 5
84 5
86 5
91 5
92 5
94 5
95 5
96 5
100 5
1 6
4 6
6 6
7 6
8 6
9 6
10 6
11 6
12 6
13 6
14 6
15 6
17 6
21 6
22 6
23 6
24 6
26 6
30 6
33 6
35 6
36 6
37 6
38 6
39 6
41 6
42 6
44 6
45 6
48 6
51 6
52 6
53 6
57 6
59 6
62 6
63 6
65 6
66 6
68 6
69 6
71 6
75 6
77 6
80 6
81 6
82 6
83 6
84 6
86 6
88 6
89 6
90 6
91 6
92 6
96 6
97 6
98 6
99 6
1 7
2 7
3 7
5 7
12 7
13 7
16 7
18 7
19 7
22 7
24 7
26 7
28 7
30 7
32 7
33 7
34 7
37 7
39 7
40 7
41 7
42 7
43 7
45 7
46 7
47 7
49 7
52 7
54 7
56 7
61 7
62 7
66 7
68 7
75 7
76 7
77 7
78 7
79 7
81 7
82 7
87 7
88 7
91 7
92 7
93 7
98 7
99 7
1 8
3 8
5 8
6 8
9 8
10 8
11 8
12 8
13 8
14 8
15 8
16 8
17 8
21 8
25 8
29 8
30 8
31 8
32 8
34 8
35 8
43 8
47 8
50 8
52 8
57 8
58 8
59 8
61 8
64 8
65 8
68 8
70 8
73 8
74 8
79 8
82 8
84 8
87 8
89 8
91 8
93 8
95 8
97 8
98 8
99 8
1 9
2 9
4 9
5 9
7 9
8 9
12 9
13 9
15 9
16 9
17 9
18 9
19 9
20 9
21 9
22 9
23 9
24 9
25 9
26 9
29 9
35 9
36 9
44 9
46 9
48 9
49 9
57 9
59 9
61 9
64 9
69 9
71 9
72 9
74 9
77 9
79 9
82 9
83 9
85 9
86 9
88 9
90 9
93 9
95 9
96 9
1 10
7 10
8 10
14 10
15 10
18 10
20 10
21 10
22 10
25 10
28 10
30 10
31 10
32 10
33 10
35 10
37 10
38 10
45 10
46 10
47 10
49 10
50 10
51 10
53 10
54 10
55 10
57 10
58 10
62 10
64 10
66 10
67 10
71 10
74 10
76 10
77 10
78 10
80 10
81 10
82 10
84 10
87 10
88 10
90 10
94 10
97 10
98 10
99 10
1 11
5 11
6 11
7 11
8 11
9 11
10 11
11 11
17 11
18 11
19 11
22 11
23 11
24 11
25 11
26 11
31 11
32 11
34 11
36 11
37 11
38 11
42 11
43 11
45 11
46 11
48 11
49 11
50 11
51 11
52 11
53 11
54 11
55 11
56 11
57 11
60 11
62 11
65 11
66 11
67 11
68 11
73 11
74 11
76 11
78 11
80 11
81 11
82 11
85 11
86 11
88 11
92 11
97 11
100 11
2 12
3 12
5 12
6 12
7 12
9 12
10 12
14 12
18 12
19 12
21 12
22 12
25 12
27 12
28 12
32 12
37 12
38 12
42 12
43 12
44 12
47 12
49 12
50 12
51 12
52 12
53 12
56 12
58 12
62 12
68 12
69 12
71 12
72 12
73 12
74 12
78 12
79 12
81 12
83 12
88 12
90 12
92 12
97 12
99 12
2 13
5 13
7 13
8 13
10 13
12 13
13 13
14 13
17 13
19 13
22 13
26 13
27 13
28 13
29 13
30 13
31 13
33 13
36 13
37 13
38 13
41 13
42 13
44 13
45 13
56 13
57 13
58 13
59 13
60 13
61 13
62 13
64 13
67 13
68 13
69 13
70 13
71 13
72 13
76 13
79 13
80 13
85 13
88 13
91 13
93 13
98 13
100 13
1 14
2 14
5 14
6 14
7 14
8 14
9 14
10 14
11 14
12 14
13 14
15 14
17 14
20 14
21 14
22 14
23 14
24 14
26 14
28 14
29 14
30 14
32 14
34 14
35 14
37 14
39 14
40 14
41 14
42 14
47 14
50 14
56 14
57 14
59 14
60 14
61 14
63 14
64 14
65 14
66 14
69 14
70 14
73 14
74 14
76 14
77 14
78 14
81 14
86 14
87 14
88 14
89 14
90 14
96 14
98 14
1 15
8 15
15 15
17 15
21 15
23 15
24 15
27 15
29 15
32 15
37 15
41 15
43 15
45 15
46 15
47 15
48 15
50 15
53 15
54 15
55 15
59 15
60 15
63 15
64 15
65 15
66 15
68 15
73 15
75 15
76 15
77 15
81 15
83 15
86 15
90 15
92 15
95 15
1 16
3 16
7 16
9 16
10 16
11 16
14 16
15 16
17 16
18 16
19 16
20 16
25 16
31 16
35 16
36 16
39 16
40 16
42 16
44 16
46 16
48 16
52 16
54 16
57 16
58 16
63 16
65 16
66 16
67 16
69 16
70 16
75 16
76 16
78 16
80 16
82 16
84 16
86 16
87 16
88 16
90 16
92 16
93 16
98 16
99 16
3 17
4 17
5 17
6 17
8 17
9 17
11 17
13 17
16 17
20 17
21 17
22 17
23 17
25 17
26 17
27 17
32 17
35 17
37 17
40 17
42 17
43 17
46 17
49 17
51 17
52 17
53 17
54 17
56 17
57 17
58 17
59 17
61 17
64 17
66 17
68 17
69 17
70 17
71 17
73 17
75 17
78 17
83 17
84 17
85 17
86 17
87 17
88 17
89 17
90 17
93 17
94 17
96 17
97 17
98 17
100 17
2 18
3 18
4 18
5 18
6 18
7 18
8 18
9 18
10 18
12 18
13 18
14 18
16 18
17 18
18 18
22 18
24 18
25 18
26 18
27 18
28 18
30 18
31 18
33 18
34 18
35 18
38 18
39 18
40 18
42 18
43 18
44 18
45 18
51 18
54 18
57 18
58 18
59 18
61 18
63 18
64 18
67 18
81 18
85 18
86 18
90 18
91 18
93 18
94 18
96 18
99 18
3 19
5 19
10 19
11 19
14 19
15 19
16 19
17 19
18 19
19 19
23 19
24 19
26 19
28 19
29 19
32 19
41 19
42 19
46 19
48 19
49 19
52 19
53 19
54 19
56 19
59 19
64 19
68 19
69 19
73 19
77 19
78 19
81 19
83 19
86 19
87 19
91 19
94 19
95 19
97 19
98 19
99 19
7 20
10 20
12 20
14 20
15 20
16 20
22 20
23 20
25 20
27 20
28 20
29 20
30 20
31 20
32 20
34 20
35 20
37 20
38 20
40 20
41 20
43 20
46 20
47 20
48 20
52 20
58 20
59 20
60 20
61 20
63 20
64 20
66 20
67 20
68 20
70 20
73 20
75 20
77 20
78 20
80 20
83 20
85 20
86 20
87 20
88 20
90 20
92 20
95 20
97 20
1 21
2 21
3 21
4 21
5 21
7 21
8 21
9 21
10 21
16 21
17 21
20 21
22 21
25 21
27 21
29 21
31 21
33 21
35 21
38 21
41 21
42 21
43 21
50 21
51 21
58 21
65 21
66 21
67 21
71 21
75 21
77 21
78 21
80 21
81 21
82 21
84 21
85 21
86 21
87 21
88 21
92 21
93 21
95 21
2 22
3 22
6 22
10 22
11 22
13 22
14 22
15 22
17 22
20 22
21 22
23 22
26 22
27 22
30 22
31 22
33 22
34 22
36 22
39 22
40 22
43 22
46 22
47 22
51 22
54 22
55 22
59 22
62 22
63 22
64 22
66 22
70 22
71 22
74 22
75 22
79 22
82 22
83 22
88 22
91 22
93 22
94 22
99 22
100 22
2 23
3 23
4 23
5 23
6 23
7 23
9 23
11 23
13 23
14 23
15 23
18 23
19 23
26 23
27 23
28 23
30 23
32 23
34 23
37 23
38 23
39 23
40 23
42 23
46 23
48 23
49 23
50 23
51 23
52 23
54 23
58 23
60 23
62 23
64 23
66 23
67 23
70 23
71 23
73 23
76 23
77 23
80 23
81 23
84 23
87 23
88 23
92 23
94 23
96 23
100 23
3 24
4 24
6 24
8 24
13 24
14 24
17 24
18 24
21 24
22 24
24 24
26 24
28 24
30 24
31 24
33 24
34 24
35 24
36 24
37 24
39 24
40 24
41 24
44 24
45 24
46 24
51 24
52 24
54 24
59 24
60 24
61 24
62 24
68 24
69 24
73 24
74 24
75 24
79 24
80 24
81 24
82 24
84 24
88 24
89 24
90 24
92 24
94 24
96 24
98 24
99 24
1 25
2 25
3 25
4 25
6 25
9 25
10 25
14 25
18 25
19 25
22 25
23 25
25 25
26 25
30 25
32 25
34 25
35 25
36 25
39 25
40 25
41 25
42 25
43 25
44 25
45 25
46 25
48 25
49 25
50 25
51 25
53 25
54 25
56 25
57 25
60 25
63 25
64 25
65 25
66 25
68 25
69 25
70 25
71 25
76 25
77 25
79 25
80 25
81 25
85 25
86 25
87 25
89 25
91 25
95 25
97 25
99 25
100 25
1 26
2 26
3 26
4 26
5 26
7 26
9 26
16 26
17 26
19 26
21 26
24 26
25 26
26 26
27 26
28 26
30 26
31 26
33 26
38 26
41 26
42 26
43 26
44 26
45 26
46 26
49 26
50 26
52 26
53 26
57 26
58 26
60 26
61 26
65 26
71 26
73 26
75 26
82 26
84 26
88 26
89 26
90 26
92 26
93 26
95 26
97 26
98 26
99 26
1 27
5 27
6 27
10 27
14 27
15 27
16 27
20 27
22 27
28 27
29 27
31 27
33 27
35 27
40 27
41 27
42 27
43 27
44 27
45 27
47 27
49 27
50 27
51 27
53 27
56 27
58 27
60 27
61 27
62 27
63 27
64 27
65 27
66 27
67 27
68 27
70 27
74 27
75 27
76 27
77 27
80 27
81 27
83 27
85 27
86 27
87 27
89 27
91 27
96 27
98 27
4 28
7 28
8 28
13 28
16 28
19 28
23 28
25 28
29 28
30 28
31 28
32 28
37 28
38 28
43 28
46 28
50 28
51 28
53 28
54 28
57 28
58 28
60 28
62 28
65 28
67 28
70 28
72 28
73 28
74 28
77 28
78 28
80 28
81 28
82 28
83 28
87 28
89 28
93 28
99 28
100 28
2 29
3 29
5 29
11 29
13 29
16 29
18 29
20 29
22 29
29 29
30 29
33 29
35 29
40 29
41 29
45 29
49 29
50 29
51 29
53 29
54 29
55 29
56 29
57 29
58 29
59 29
60 29
62 29
63 29
65 29
66 29
67 29
72 29
76 29
79 29
81 29
82 29
85 29
86 29
87 29
88 29
89 29
90 29
91 29
94 29
96 29
97 29
98 29
99 29
100 29
2 30
3 30
5 30
6 30
13 30
14 30
15 30
16 30
17 30
18 30
19 30
21 30
22 30
23 30
25 30
26 30
27 30
31 30
32 30
34 30
37 30
40 30
41 30
45 30
47 30
48 30
49 30
51 30
52 30
55 30
57 30
58 30
63 30
64 30
68 30
69 30
70 30
72 30
73 30
74 30
77 30
81 30
83 30
85 30
86 30
88 30
97 30
98 30
1 31
5 31
6 31
7 31
8 31
10 31
11 31
12 31
13 31
14 31
15 31
16 31
19 31
24 31
27 31
30 31
38 31
41 31
42 31
43 31
44 31
47 31
48 31
52 31
61 31
62 31
64 31
65 31
66 31
67 31
69 31
71 31
72 31
76 31
81 31
82 31
83 31
84 31
85 31
86 31
88 31
91 31
94 31
98 31
100 31
2 32
5 32
6 32
7 32
8 32
9 32
16 32
17 32
19 32
20 32
21 32
24 32
25 32
26 32
28 32
31 32
35 32
36 32
40 32
43 32
46 32
47 32
49 32
53 32
54 32
56 32
57 32
58 32
60 32
63 32
64 32
67 32
69 32
70 32
72 32
73 32
76 32
77 32
78 32
80 32
81 32
85 32
86 32
87 32
88 32
89 32
90 32
91 32
92 32
97 32
1 33
2 33
3 33
4 33
5 33
6 33
8 33
9 33
12 33
14 33
15 33
16 33
17 33
18 33
21 33
23 33
26 33
27 33
28 33
30 33
31 33
35 33
36 33
37 33
41 33
43 33
44 33
46 33
48 33
51 33
52 33
53 33
54 33
55 33
56 33
58 33
59 33
60 33
63 33
65 33
68 33
70 33
72 33
73 33
74 33
76 33
78 33
80 33
81 33
82 33
87 33
89 33
93 33
96 33
97 33
99 33
100 33
2 34
3 34
4 34
5 34
6 34
9 34
13 34
14 34
15 34
17 34
18 34
19 34
25 34
26 34
27 34
28 34
29 34
31 34
32 34
34 34
37 34
39 34
40 34
41 34
42 34
47 34
48 34
49 34
50 34
51 34
52 34
53 34
54 34
56 34
58 34
59 34
62 34
64 34
67 34
72 34
73 34
74 34
75 34
76 34
77 34
78 34
80 34
81 34
82 34
83 34
84 34
85 34
87 34
88 34
94 34
95 34
96 34
97 34
100 34
1 35
3 35
6 35
7 35
9 35
11 35
12 35
15 35
18 35
19 35
20 35
21 35
22 35
23 35
24 35
25 35
29 35
32 35
33 35
35 35
39 35
40 35
44 35
46 35
47 35
50 35
52 35
54 35
68 35
71 35
77 35
79 35
80 35
81 35
82 35
83 35
84 35
86 35
87 35
88 35
89 35
91 35
93 35
94 35
95 35
97 35
100 35
3 36
4 36
5 36
6 36
7 36
8 36
10 36
11 36
12 36
13 36
14 36
15 36
16 36
17 36
20 36
25 36
26 36
28 36
30 36
31 36
32 36
33 36
34 36
35 36
36 36
37 36
39 36
43 36
44 36
48 36
51 36
53 36
56 36
57 36
58 36
61 36
63 36
66 36
67 36
68 36
70 36
74 36
75 36
79 36
80 36
81 36
83 36
85 36
86 36
87 36
88 36
89 36
91 36
92 36
94 36
95 36
1 37
2 37
4 37
6 37
10 37
11 37
16 37
18 37
19 37
20 37
21 37
28 37
29 37
30 37
31 37
32 37
33 37
36 37
37 37
39 37
41 37
42 37
45 37
49 37
50 37
51 37
54 37
55 37
56 37
57 37
60 37
61 37
62 37
63 37
67 37
69 37
70 37
76 37
80 37
81 37
84 37
85 37
86 37
87 37
91 37
92 37
93 37
94 37
95 37
96 37
97 37
98 37
99 37
100 37
1 38
3 38
4 38
5 38
6 38
7 38
8 38
11 38
13 38
14 38
16 38
18 38
19 38
20 38
21 38
22 38
23 38
24 38
25 38
26 38
29 38
33 38
34 38
37 38
38 38
39 38
40 38
42 38
45 38
49 38
52 38
55 38
57 38
60 38
63 38
65 38
66 38
67 38
71 38
72 38
73 38
74 38
80 38
82 38
85 38
88 38
89 38
91 38
93 38
97 38
5 39
7 39
8 39
9 39
10 39
11 39
13 39
16 39
17 39
18 39
22 39
24 39
26 39
28 39
30 39
34 39
35 39
36 39
38 39
39 39
40 39
43 39
47 39
48 39
50 39
51 39
52 39
53 39
59 39
60 39
61 39
64 39
65 39
67 39
75 39
76 39
78 39
79 39
80 39
88 39
91 39
93 39
94 39
95 39
97 39
98 39
99 39
100 39
2 40
5 40
7 40
11 40
14 40
15 40
17 40
21 40
22 40
24 40
26 40
27 40
29 40
30 40
32 40
33 40
37 40
40 40
42 40
43 40
45 40
47 40
50 40
52 40
57 40
58 40
61 40
65 40
66 40
67 40
68 40
69 40
70 40
71 40
73 40
75 40
76 40
77 40
79 40
81 40
83 40
84 40
86 40
88 40
89 40
91 40
96 40
98 40
100 40
7 41
8 41
16 41
21 41
22 41
23 41
25 41
29 41
31 41
32 41
33 41
35 41
36 41
37 41
39 41
40 41
41 41
44 41
45 41
48 41
49 41
50 41
53 41
54 41
55 41
57 41
59 41
61 41
62 41
64 41
71 41
72 41
74 41
76 41
78 41
80 41
82 41
85 41
86 41
88 41
89 41
90 41
92 41
93 41
95 41
99 41
100 41
1 42
3 42
5 42
6 42
8 42
11 42
15 42
16 42
18 42
19 42
23 42
26 42
27 42
28 42
30 42
32 42
33 42
35 42
36 42
37 42
39 42
40 42
41 42
42 42
43 42
46 42
48 42
49 42
50 42
52 42
53 42
55 42
56 42
58 42
59 42
60 42
63 42
65 42
67 42
69 42
70 42
71 42
73 42
77 42
80 42
82 42
83 42
84 42
85 42
90 42
98 42
100 42
1 43
2 43
10 43
11 43
13 43
15 43
16 43
19 43
20 43
21 43
23 43
24 43
26 43
28 43
30 43
31 43
33 43
39 43
40 43
41 43
48 43
50 43
51 43
55 43
57 43
61 43
63 43
66 43
68 43
69 43
71 43
75 43
81 43
84 43
85 43
86 43
88 43
89 43
92 43
95 43
97 43
98 43
99 43
1 44
2 44
3 44
4 44
6 44
7 44
9 44
12 44
13 44
14 44
18 44
20 44
22 44
26 44
28 44
29 44
30 44
32 44
33 44
34 44
40 44
42 44
43 44
44 44
45 44
46 44
49 44
51 44
53 44
54 44
56 44
57 44
59 44
61 44
62 44
64 44
65 44
69 44
71 44
73 44
76 44
79 44
82 44
83 44
87 44
88 44
91 44
93 44
94 44
97 44
100 44
2 45
4 45
5 45
6 45
11 45
12 45
13 45
15 45
16 45
17 45
18 45
19 45
21 45
24 45
25 45
26 45
29 45
31 45
32 45
33 45
38 45
39 45
40 45
41 45
42 45
43 45
44 45
47 45
48 45
49 45
50 45
51 45
54 45
56 45
57 45
63 45
64 45
67 45
69 45
70 45
74 45
76 45
77 45
79 45
80 45
81 45
82 45
83 45
84 45
85 45
90 45
93 45
95 45
96 45
1 46
3 46
6 46
7 46
15 46
16 46
17 46
19 46
20 46
22 46
24 46
29 46
31 46
32 46
33 46
34 46
35 46
37 46
39 46
42 46
43 46
45 46
47 46
48 46
52 46
53 46
58 46
59 46
62 46
64 46
65 46
66 46
68 46
71 46
72 46
73 46
77 46
78 46
79 46
80 46
84 46
85 46
86 46
92 46
93 46
94 46
95 46
96 46
97 46
4 47
5 47
7 47
9 47
11 47
12 47
13 47
14 47
18 47
19 47
21 47
26 47
27 47
29 47
30 47
31 47
32 47
35 47
37 47
38 47
40 47
41 47
45 47
46 47
47 47
48 47
52 47
56 47
60 47
61 47
63 47
64 47
66 47
67 47
68 47
73 47
74 47
76 47
77 47
78 47
79 47
81 47
83 47
89 47
92 47
93 47
94 47
95 47
96 47
97 47
99 47
100 47
2 48
3 48
4 48
5 48
7 48
8 48
9 48
11 48
16 48
17 48
19 48
21 48
25 48
26 48
27 48
30 48
36 48
42 48
43 48
45 48
47 48
49 48
51 48
52 48
53 48
54 48
55 48
56 48
60 48
62 48
64 48
66 48
68 48
70 48
71 48
73 48
74 48
75 48
77 48
80 48
83 48
84 48
89 48
90 48
92 48
93 48
95 48
96 48
97 48
100 48
2 49
3 49
4 49
6 49
10 49
11 49
12 49
24 49
29 49
30 49
31 49
33 49
34 49
36 49
37 49
38 49
40 49
42 49
45 49
48 49
52 49
53 49
55 49
57 49
60 49
63 49
68 49
69 49
70 49
71 49
72 49
73 49
78 49
79 49
82 49
90 49
91 49
94 49
95 49
96 49
97 49
99 49
100 49
2 50
4 50
5 50
7 50
10 50
12 50
13 50
14 50
15 50
19 50
20 50
21 50
24 50
25 50
28 50
32 50
37 50
38 50
40 50
42 50
43 50
44 50
45 50
46 50
47 50
48 50
49 50
51 50
53 50
54 50
55 50
57 50
59 50
65 50
66 50
67 50
70 50
72 50
73 50
74 50
78 50
79 50
81 50
83 50
84 50
85 50
90 50
91 50
93 50
94 50
97 50
99 50
1 51
2 51
3 51
5 51
6 51
8 51
9 51
10 51
15 51
17 51
19 51
22 51
24 51
25 51
26 51
37 51
38 51
43 51
44 51
46 51
48 51
51 51
52 51
58 51
59 51
60 51
64 51
65 51
66 51
69 51
71 51
75 51
77 51
79 51
80 51
82 51
84 51
90 51
92 51
93 51
100 51
1 52
3 52
4 52
5 52
8 52
9 52
12 52
13 52
14 52
17 52
19 52
20 52
22 52
23 52
24 52
27 52
29 52
31 52
32 52
34 52
40 52
42 52
46 52
49 52
50 52
51 52
53 52
57 52
60 52
64 52
65 52
66 52
70 52
73 52
74 52
75 52
77 52
79 52
80 52
81 52
82 52
87 52
92 52
93 52
95 52
96 52
98 52
99 52
5 53
7 53
10 53
11 53
15 53
16 53
18 53
19 53
22 53
23 53
24 53
25 53
26 53
27 53
28 53
29 53
30 53
31 53
33 53
35 53
37 53
38 53
39 53
41 53
42 53
45 53
46 53
48 53
51 53
52 53
56 53
60 53
61 53
64 53
65 53
69 53
70 53
71 53
72 53
74 53
76 53
78 53
79 53
80 53
87 53
88 53
89 53
90 53
91 53
93 53
94 53
95 53
96 53
98 53
99 53
2 54
3 54
4 54
8 54
10 54
12 54
13 54
15 54
16 54
18 54
19 54
20 54
22 54
23 54
24 54
25 54
29 54
30 54
34 54
37 54
45 54
46 54
47 54
49 54
51 54
53 54
55 54
56 54
58 54
63 54
73 54
75 54
76 54
78 54
79 54
82 54
83 54
86 54
91 54
93 54
94 54
96 54
97 54
98 54
2 55
3 55
4 55
6 55
10 55
11 55
12 55
13 55
16 55
17 55
21 55
24 55
26 55
27 55
31 55
32 55
33 55
34 55
36 55
37 55
38 55
40 55
45 55
46 55
47 55
48 55
50 55
54 55
55 55
56 55
57 55
58 55
59 55
60 55
62 55
63 55
64 55
65 55
66 55
68 55
70 55
72 55
73 55
75 55
79 55
82 55
83 55
84 55
86 55
87 55
88 55
89 55
91 55
92 55
94 55
96 55
98 55
1 56
4 56
6 56
8 56
11 56
13 56
14 56
16 56
17 56
18 56
19 56
22 56
23 56
24 56
25 56
26 56
27 56
28 56
32 56
34 56
38 56
39 56
40 56
41 56
42 56
43 56
44 56
49 56
52 56
54 56
57 56
59 56
61 56
62 56
63 56
67 56
69 56
71 56
76 56
79 56
81 56
83 56
84 56
85 56
91 56
97 56
98 56
99 56
100 56
3 57
5 57
6 57
7 57
8 57
9 57
10 57
12 57
13 57
14 57
15 57
16 57
17 57
18 57
19 57
20 57
22 57
32 57
34 57
35 57
37 57
38 57
41 57
42 57
44 57
45 57
46 57
48 57
49 57
50 57
52 57
59 57
60 57
61 57
62 57
63 57
65 57
66 57
69 57
71 57
73 57
77 57
78 57
82 57
85 57
87 57
88 57
89 57
92 57
96 57
97 57
98 57
100 57
1 58
2 58
9 58
10 58
12 58
13 58
16 58
20 58
21 58
22 58
24 58
28 58
31 58
33 58
34 58
36 58
37 58
41 58
42 58
43 58
44 58
45 58
46 58
48 58
49 58
50 58
52 58
53 58
55 58
57 58
62 58
65 58
66 58
67 58
70 58
71 58
74 58
75 58
76 58
83 58
84 58
88 58
92 58
93 58
94 58
95 58
96 58
99 58
1 59
3 59
4 59
8 59
9 59
10 59
11 59
12 59
14 59
17 59
23 59
29 59
32 59
33 59
36 59
37 59
44 59
45 59
47 59
48 59
49 59
51 59
60 59
62 59
66 59
67 59
68 59
70 59
71 59
72 59
73 59
75 59
77 59
78 59
80 59
81 59
82 59
84 59
87 59
91 59
94 59
95 59
96 59
99 59
4 60
8 60
9 60
10 60
11 60
13 60
15 60
17 60
21 60
27 60
30 60
36 60
37 60
39 60
42 60
44 60
45 60
46 60
48 60
50 60
54 60
55 60
56 60
60 60
61 60
65 60
68 60
69 60
72 60
74 60
76 60
78 60
80 60
86 60
92 60
93 60
95 60
97 60
98 60
100 60
1 61
3 61
6 61
10 61
17 61
18 61
19 61
20 61
26 61
27 61
28 61
29 61
30 61
34 61
38 61
39 61
45 61
46 61
52 61
55 61
57 61
58 61
61 61
66 61
67 61
68 61
70 61
71 61
77 61
78 61
79 61
80 61
81 61
83 61
84 61
86 61
87 61
91 61
92 61
95 61
99 61
4 62
5 62
6 62
7 62
8 62
16 62
17 62
19 62
20 62
24 62
25 62
26 62
30 62
32 62
34 62
35 62
36 62
38 62
39 62
40 62
41 62
42 62
44 62
47 62
49 62
50 62
54 62
55 62
56 62
58 62
59 62
60 62
61 62
62 62
63 62
64 62
66 62
67 62
68 62
69 62
71 62
72 62
74 62
75 62
78 62
80 62
82 62
84 62
85 62
86 62
88 62
90 62
91 62
93 62
94 62
97 62
98 62
1 63
2 63
5 63
11 63
13 63
18 63
19 63
20 63
21 63
22 63
28 63
32 63
33 63
34 63
35 63
36 63
38 63
39 63
40 63
41 63
42 63
43 63
48 63
49 63
50 63
51 63
52 63
53 63
55 63
56 63
59 63
60 63
61 63
62 63
67 63
69 63
71 63
74 63
75 63
76 63
82 63
83 63
84 63
86 63
87 63
88 63
90 63
94 63
99 63
4 64
5 64
6 64
7 64
9 64
10 64
11 64
12 64
14 64
18 64
19 64
20 64
22 64
23 64
28 64
31 64
32 64
36 64
38 64
39 64
45 64
47 64
48 64
49 64
52 64
54 64
55 64
57 64
61 64
64 64
66 64
69 64
71 64
73 64
75 64
78 64
83 64
87 64
89 64
90 64
91 64
94 64
95 64
96 64
97 64
99 64
100 64
2 65
3 65
4 65
7 65
8 65
9 65
11 65
13 65
18 65
19 65
20 65
21 65
27 65
33 65
34 65
36 65
38 65
39 65
41 65
42 65
47 65
48 65
52 65
53 65
54 65
55 65
60 65
61 65
68 65
73 65
75 65
76 65
77 65
78 65
81 65
82 65
85 65
88 65
89 65
90 65
91 65
93 65
95 65
96 65
99 65
100 65
5 66
6 66
8 66
9 66
10 66
12 66
13 66
16 66
18 66
19 66
20 66
21 66
22 66
23 66
26 66
27 66
32 66
36 66
40 66
41 66
43 66
44 66
46 66
47 66
51 66
54 66
56 66
57 66
60 66
65 66
69 66
71 66
73 66
75 66
76 66
77 66
78 66
80 66
83 66
84 66
85 66
86 66
89 66
91 66
92 66
93 66
95 66
96 66
97 66
98 66
1 67
2 67
3 67
4 67
5 67
6 67
9 67
10 67
11 67
12 67
13 67
15 67
19 67
20 67
21 67
22 67
25 67
26 67
28 67
29 67
30 67
31 67
33 67
37 67
38 67
39 67
41 67
43 67
44 67
46 67
47 67
48 67
52 67
53 67
55 67
56 67
57 67
58 67
60 67
61 67
64 67
65 67
67 67
69 67
71 67
72 67
75 67
76 67
77 67
78 67
79 67
81 67
83 67
87 67
88 67
89 67
91 67
92 67
97 67
98 67
1 68
3 68
4 68
5 68
6 68
8 68
9 68
11 68
12 68
15 68
16 68
20 68
21 68
22 68
24 68
25 68
31 68
32 68
38 68
40 68
43 68
44 68
46 68
51 68
53 68
57 68
58 68
61 68
64 68
69 68
71 68
73 68
74 68
77 68
78 68
79 68
81 68
83 68
84 68
86 68
88 68
91 68
92 68
94 68
98 68
99 68
3 69
5 69
8 69
9 69
10 69
11 69
12 69
13 69
15 69
17 69
18 69
20 69
21 69
27 69
29 69
33 69
35 69
39 69
40 69
42 69
44 69
45 69
46 69
48 69
49 69
50 69
52 69
53 69
54 69
55 69
56 69
57 69
60 69
61 69
63 69
64 69
65 69
66 69
67 69
70 69
72 69
74 69
75 69
77 69
78 69
79 69
80 69
82 69
88 69
91 69
92 69
93 69
95 69
98 69
4 70
6 70
13 70
14 70
15 70
17 70
21 70
22 70
23 70
25 70
28 70
30 70
32 70
33 70
34 70
37 70
39 70
41 70
42 70
43 70
44 70
45 70
46 70
47 70
50 70
52 70
55 70
56 70
57 70
58 70
62 70
63 70
67 70
69 70
71 70
72 70
74 70
75 70
78 70
79 70
83 70
84 70
85 70
92 70
93 70
97 70
98 70
99 70
100 70
1 71
3 71
12 71
16 71
19 71
20 71
22 71
24 71
26 71
30 71
33 71
34 71
35 71
36 71
37 71
38 71
40 71
41 71
42 71
44 71
46 71
47 71
51 71
54 71
57 71
59 71
60 71
62 71
64 71
66 71
67 71
68 71
69 71
71 71
72 71
76 71
77 71
78 71
83 71
85 71
86 71
89 71
91 71
92 71
94 71
96 71
98 71
100 71
6 72
9 72
11 72
12 72
13 72
17 72
23 72
24 72
26 72
31 72
32 72
34 72
35 72
37 72
38 72
39 72
44 72
45 72
47 72
48 72
49 72
51 72
53 72
55 72
56 72
57 72
58 72
61 72
63 72
64 72
68 72
69 72
70 72
73 72
74 72
75 72
76 72
79 72
84 72
87 72
91 72
93 72
94 72
96 72
97 72
98 72
99 72
1 73
2 73
9 73
12 73
13 73
15 73
16 73
18 73
21 73
22 73
23 73
24 73
25 73
27 73
29 73
32 73
33 73
39 73
40 73
41 73
43 73
46 73
47 73
48 73
50 73
51 73
53 73
54 73
55 73
56 73
57 73
58 73
60 73
62 73
63 73
64 73
66 73
67 73
68 73
69 73
71 73
74 73
75 73
76 73
78 73
79 73
80 73
81 73
83 73
84 73
85 73
86 73
92 73
94 73
100 73
1 74
2 74
4 74
5 74
6 74
8 74
13 74
14 74
15 74
16 74
18 74
19 74
25 74
26 74
29 74
30 74
31 74
33 74
34 74
35 74
37 74
38 74
41 74
42 74
44 74
45 74
47 74
52 74
53 74
56 74
58 74
59 74
62 74
64 74
66 74
67 74
69 74
71 74
72 74
73 74
75 74
83 74
85 74
86 74
87 74
88 74
90 74
91 74
92 74
97 74
99 74
3 75
6 75
7 75
10 75
11 75
14 75
15 75
17 75
18 75
19 75
20 75
23 75
25 75
29 75
30 75
32 75
33 75
37 75
38 75
42 75
44 75
45 75
46 75
47 75
50 75
51 75
52 75
53 75
54 75
55 75
57 75
60 75
63 75
64 75
66 75
67 75
74 75
79 75
80 75
81 75
82 75
84 75
85 75
86 75
87 75
90 75
91 75
92 75
94 75
95 75
98 75
1 76
2 76
3 76
4 76
5 76
6 76
7 76
8 76
9 76
15 76
16 76
18 76
19 76
25 76
26 76
29 76
30 76
32 76
33 76
34 76
36 76
38 76
42 76
43 76
44 76
45 76
47 76
48 76
49 76
52 76
53 76
56 76
57 76
59 76
60 76
62 76
64 76
65 76
66 76
68 76
72 76
73 76
74 76
77 76
78 76
80 76
81 76
82 76
84 76
85 76
87 76
88 76
90 76
92 76
93 76
94 76
98 76
99 76
100 76
4 77
5 77
6 77
8 77
10 77
11 77
13 77
16 77
19 77
22 77
25 77
27 77
28 77
30 77
32 77
35 77
38 77
39 77
43 77
44 77
45 77
47 77
51 77
52 77
55 77
57 77
60 77
61 77
62 77
63 77
65 77
73 77
76 77
79 77
82 77
83 77
86 77
88 77
89 77
90 77
92 77
93 77
95 77
96 77
99 77
1 78
2 78
3 78
4 78
5 78
6 78
8 78
9 78
13 78
14 78
17 78
18 78
20 78
26 78
28 78
30 78
32 78
34 78
37 78
38 78
39 78
42 78
45 78
46 78
47 78
49 78
50 78
53 78
55 78
57 78
59 78
60 78
62 78
64 78
65 78
68 78
70 78
71 78
72 78
74 78
77 78
79 78
80 78
82 78
84 78
85 78
87 78
88 78
89 78
90 78
91 78
96 78
97 78
98 78
100 78
2 79
4 79
5 79
6 79
9 79
12 79
15 79
16 79
19 79
20 79
21 79
23 79
26 79
27 79
28 79
33 79
36 79
37 79
38 79
40 79
41 79
45 79
49 79
53 79
54 79
55 79
56 79
60 79
61 79
63 79
65 79
66 79
67 79
68 79
70 79
71 79
73 79
75 79
82 79
86 79
89 79
91 79
92 79
93 79
94 79
98 79
99 79
100 79
1 80
2 80
4 80
5 80
9 80
13 80
14 80
16 80
17 80
18 80
20 80
21 80
24 80
30 80
31 80
34 80
35 80
38 80
39 80
41 80
43 80
48 80
51 80
52 80
53 80
57 80
58 80
59 80
60 80
63 80
64 80
65 80
66 80
68 80
70 80
72 80
74 80
75 80
79 80
80 80
81 80
87 80
88 80
90 80
92 80
93 80
94 80
95 80
96 80
97 80
100 80
3 81
6 81
7 81
9 81
13 81
15 81
17 81
18 81
20 81
22 81
23 81
26 81
28 81
31 81
32 81
34 81
35 81
40 81
41 81
42 81
43 81
46 81
48 81
49 81
50 81
51 81
53 81
54 81
55 81
59 81
65 81
66 81
67 81
68 81
69 81
70 81
71 81
72 81
73 81
74 81
75 81
76 81
77 81
79 81
81 81
82 81
83 81
84 81
85 81
87 81
88 81
89 81
90 81
91 81
92 81
93 81
95 81
96 81
98 81
100 81
1 82
3 82
5 82
6 82
8 82
9 82
11 82
13 82
14 82
15 82
16 82
18 82
19 82
21 82
22 82
25 82
27 82
28 82
30 82
33 82
34 82
35 82
40 82
42 82
43 82
48 82
51 82
53 82
55 82
57 82
59 82
60 82
63 82
65 82
66 82
67 82
68 82
71 82
72 82
74 82
75 82
76 82
80 82
82 82
88 82
90 82
91 82
92 82
94 82
95 82
98 82
1 83
3 83
6 83
7 83
9 83
10 83
11 83
12 83
14 83
16 83
17 83
18 83
21 83
23 83
25 83
26 83
28 83
30 83
37 83
39 83
40 83
41 83
42 83
44 83
45 83
47 83
48 83
52 83
53 83
55 83
61 83
63 83
64 83
66 83
67 83
71 83
72 83
75 83
77 83
78 83
80 83
81 83
82 83
83 83
84 83
86 83
87 83
88 83
89 83
91 83
93 83
95 83
98 83
99 83
100 83
1 84
3 84
5 84
8 84
9 84
11 84
12 84
13 84
14 84
15 84
16 84
18 84
19 84
24 84
29 84
30 84
31 84
34 84
36 84
41 84
42 84
49 84
50 84
53 84
55 84
56 84
57 84
59 84
63 84
65 84
66 84
71 84
74 84
76 84
77 84
83 84
84 84
87 84
89 84
90 84
92 84
93 84
95 84
96 84
99 84
100 84
2 85
3 85
4 85
6 85
7 85
8 85
9 85
10 85
12 85
13 85
14 85
16 85
17 85
19 85
20 85
21 85
22 85
23 85
24 85
25 85
26 85
28 85
29 85
31 85
32 85
35 85
38 85
41 85
42 85
44 85
45 85
46 85
47 85
48 85
49 85
54 85
56 85
58 85
59 85
60 85
61 85
62 85
63 85
64 85
68 85
69 85
70 85
71 85
72 85
75 85
76 85
77 85
78 85
81 85
82 85
85 85
86 85
89 85
90 85
92 85
95 85
96 85
100 85
1 86
4 86
5 86
6 86
8 86
11 86
12 86
14 86
24 86
26 86
27 86
28 86
29 86
32 86
35 86
36 86
40 86
41 86
42 86
49 86
52 86
54 86
55 86
56 86
57 86
58 86
61 86
62 86
65 86
66 86
68 86
70 86
73 86
74 86
75 86
76 86
79 86
80 86
81 86
82 86
83 86
84 86
85 86
86 86
87 86
88 86
90 86
92 86
94 86
97 86
100 86
2 87
3 87
8 87
10 87
14 87
19 87
20 87
22 87
23 87
24 87
28 87
29 87
30 87
32 87
33 87
34 87
41 87
45 87
46 87
49 87
51 87
52 87
54 87
55 87
56 87
57 87
58 87
59 87
60 87
65 87
66 87
67 87
68 87
69 87
70 87
72 87
74 87
76 87
77 87
78 87
86 87
90 87
92 87
93 87
94 87
95 87
97 87
100 87
1 88
2 88
4 88
6 88
8 88
10 88
11 88
12 88
13 88
15 88
16 88
18 88
19 88
20 88
21 88
22 88
23 88
24 88
28 88
29 88
32 88
34 88
35 88
39 88
41 88
44 88
46 88
48 88
49 88
52 88
53 88
56 88
57 88
60 88
63 88
65 88
66 88
67 88
68 88
70 88
71 88
72 88
73 88
76 88
77 88
78 88
79 88
80 88
82 88
86 88
89 88
90 88
96 88
98 88
99 88
100 88
1 89
2 89
3 89
4 89
5 89
8 89
9 89
13 89
14 89
15 89
18 89
19 89
21 89
22 89
23 89
24 89
28 89
29 89
31 89
32 89
33 89
34 89
38 89
40 89
41 89
42 89
44 89
46 89
47 89
50 89
51 89
52 89
54 89
55 89
56 89
58 89
61 89
64 89
65 89
66 89
68 89
70 89
71 89
73 89
75 89
76 89
78 89
80 89
81 89
82 89
83 89
84 89
85 89
88 89
94 89
96 89
97 89
98 89
99 89
1 90
4 90
7 90
10 90
11 90
13 90
15 90
20 90
21 90
24 90
25 90
27 90
28 90
29 90
30 90
31 90
32 90
33 90
35 90
36 90
40 90
41 90
45 90
50 90
52 90
53 90
55 90
57 90
58 90
59 90
60 90
76 90
80 90
81 90
82 90
83 90
84 90
86 90
87 90
89 90
95 90
96 90
99 90
100 90
1 91
4 91
7 91
15 91
18 91
19 91
20 91
21 91
22 91
25 91
26 91
30 91
32 91
33 91
35 91
39 91
40 91
44 91
45 91
48 91
50 91
56 91
57 91
58 91
59 91
63 91
64 91
68 91
69 91
70 91
75 91
76 91
77 91
80 91
81 91
84 91
85 91
90 91
95 91
96 91
97 91
100 91
1 92
4 92
6 92
9 92
11 92
13 92
19 92
23 92
24 92
28 92
30 92
31 92
32 92
33 92
34 92
40 92
46 92
47 92
50 92
52 92
53 92
54 92
55 92
56 92
57 92
59 92
61 92
62 92
64 92
67 92
69 92
70 92
71 92
73 92
75 92
76 92
77 92
78 92
79 92
80 92
82 92
83 92
84 92
86 92
88 92
90 92
91 92
96 92
1 93
2 93
5 93
9 93
11 93
15 93
17 93
18 93
19 93
23 93
24 93
25 93
29 93
32 93
33 93
34 93
36 93
41 93
42 93
43 93
45 93
46 93
48 93
50 93
53 93
54 93
56 93
57 93
58 93
59 93
60 93
64 93
65 93
74 93
76 93
77 93
78 93
81 93
82 93
84 93
86 93
88 93
90 93
92 93
93 93
96 93
1 94
2 94
3 94
5 94
6 94
7 94
8 94
9 94
12 94
13 94
15 94
16 94
21 94
23 94
24 94
25 94
26 94
27 94
30 94
32 94
34 94
35 94
40 94
41 94
43 94
45 94
46 94
47 94
54 94
59 94
61 94
63 94
67 94
69 94
70 94
74 94
75 94
78 94
79 94
80 94
81 94
83 94
87 94
88 94
90 94
92 94
93 94
95 94
96 94
98 94
100 94
1 95
2 95
9 95
11 95
12 95
13 95
17 95
19 95
25 95
26 95
27 95
29 95
30 95
36 95
37 95
38 95
42 95
43 95
44 95
45 95
46 95
48 95
49 95
51 95
52 95
53 95
55 95
57 95
59 95
62 95
63 95
67 95
69 95
70 95
71 95
72 95
73 95
76 95
79 95
80 95
81 95
84 95
86 95
89 95
93 95
96 95
99 95
100 95
2 96
3 96
6 96
11 96
12 96
13 96
14 96
17 96
18 96
20 96
22 96
23 96
25 96
28 96
30 96
31 96
32 96
34 96
35 96
36 96
37 96
41 96
43 96
44 96
48 96
49 96
52 96
58 96
63 96
66 96
67 96
68 96
69 96
70 96
71 96
73 96
74 96
75 96
76 96
79 96
81 96
82 96
83 96
84 96
87 96
88 96
92 96
93 96
95 96
96 96
97 96
98 96
4 97
6 97
8 97
9 97
11 97
14 97
15 97
20 97
22 97
24 97
29 97
30 97
31 97
33 97
37 97
39 97
41 97
42 97
43 97
44 97
45 97
46 97
50 97
51 97
52 97
55 97
56 97
58 97
64 97
65 97
66 97
67 97
68 97
69 97
71 97
73 97
74 97
76 97
77 97
80 97
81 97
82 97
83 97
85 97
86 97
87 97
88 97
89 97
90 97
91 97
93 97
98 97
99 97
1 98
3 98
5 98
6 98
7 98
10 98
11 98
12 98
14 98
17 98
18 98
20 98
27 98
28 98
29 98
31 98
34 98
35 98
36 98
37 98
40 98
41 98
45 98
46 98
47 98
51 98
54 98
55 98
56 98
57 98
59 98
60 98
61 98
63 98
68 98
70 98
77 98
80 98
81 98
82 98
83 98
84 98
85 98
86 98
88 98
96 98
97 98
99 98
1 99
3 99
6 99
7 99
11 99
13 99
15 99
16 99
18 99
19 99
21 99
22 99
27 99
32 99
33 99
38 99
40 99
44 99
45 99
46 99
47 99
49 99
50 99
51 99
52 99
53 99
54 99
59 99
63 99
68 99
70 99
71 99
74 99
75 99
79 99
81 99
83 99
84 99
87 99
89 99
92 99
94 99
100 99
4 100
7 100
8 100
11 100
12 100
13 100
16 100
17 100
22 100
24 100
25 100
27 100
29 100
31 100
32 100
33 100
34 100
35 100
37 100
39 100
42 100
43 100
48 100
50 100
51 100
52 100
53 100
54 100
55 100
56 100
58 100
59 100
66 100
68 100
71 100
72 100
74 100
77 100
79 100
80 100
82 100
84 100
87 100
88 100
89 100
90 100
92 100
94 100
95 100
96 100
97 100
99 100
100 100
