100
4 1
5 1
6 1
8 1
9 1
10 1
12 1
14 1
15 1
16 1
18 1
19 1
20 1
21 1
22 1
24 1
25 1
26 1
29 1
32 1
34 1
37 1
38 1
40 1
42 1
45 1
46 1
49 1
53 1
56 1
58 1
60 1
62 1
65 1
66 1
70 1
71 1
73 1
74 1
76 1
77 1
79 1
80 1
83 1
85 1
86 1
88 1
89 1
90 1
91 1
92 1
93 1
94 1
95 1
96 1
100 1
2 2
4 2
7 2
14 2
17 2
21 2
24 2
25 2
28 2
29 2
32 2
37 2
40 2
41 2
45 2
47 2
48 2
55 2
57 2
58 2
59 2
60 2
64 2
65 2
66 2
67 2
68 2
72 2
74 2
75 2
78 2
85 2
86 2
88 2
92 2
93 2
96 2
97 2
98 2
99 2
100 2
1 3
4 3
5 3
9 3
10 3
11 3
13 3
14 3
17 3
18 3
20 3
21 3
25 3
28 3
30 3
36 3
37 3
38 3
39 3
44 3
45 3
47 3
49 3
50 3
52 3
53 3
55 3
56 3
58 3
61 3
62 3
63 3
67 3
68 3
73 3
74 3
76 3
77 3
80 3
83 3
84 3
85 3
86 3
87 3
88 3
89 3
91 3
92 3
93 3
95 3
96 3
97 3
99 3
1 4
9 4
10 4
11 4
13 4
15 4
16 4
17 4
21 4
22 4
27 4
28 4
32 4
33 4
35 4
36 4
47 4
50 4
51 4
53 4
56 4
57 4
58 4
59 4
69 4
73 4
74 4
75 4
76 4
78 4
79 4
82 4
85 4
86 4
87 4
89 4
91 4
92 4
94 4
99 4
100 4
1 5
3 5
4 5
6 5
14 5
19 5
20 5
22 5
24 5
26 5
29 5
31 5
32 5
33 5
35 5
36 5
38 5
39 5
47 5
48 5
50 5
51 5
52 5
53 5
55 5
56 5
60 5
69 5
70 5
71 5
72 5
73 5
75 5
77 5
78 5
80 5
81 5
82 5
87 5
88 5
90 5
91 5
92 5
93 5
95 5
97 5
98 5
100 5
1 6
3 6
4 6
6 6
7 6
8 6
10 6
12 6
17 6
19 6
23 6
24 6
27 6
29 6
32 6
36 6
37 6
38 6
42 6
43 6
45 6
46 6
48 6
51 6
53 6
54 6
56 6
57 6
58 6
60 6
61 6
62 6
64 6
65 6
68 6
70 6
76 6
77 6
78 6
79 6
80 6
82 6
83 6
84 6
85 6
88 6
90 6
97 6
98 6
99 6
1 7
2 7
5 7
6 7
7 7
12 7
13 7
14 7
15 7
18 7
19 7
20 7
27 7
30 7
34 7
36 7
40 7
41 7
42 7
46 7
48 7
51 7
53 7
54 7
56 7
57 7
58 7
63 7
64 7
65 7
66 7
70 7
71 7
73 7
74 7
76 7
77 7
78 7
79 7
80 7
82 7
84 7
87 7
90 7
95 7
97 7
1 8
2 8
3 8
4 8
5 8
6 8
11 8
13 8
15 8
17 8
18 8
19 8
21 8
25 8
29 8
37 8
40 8
42 8
43 8
44 8
45 8
46 8
52 8
53 8
55 8
56 8
58 8
60 8
61 8
63 8
64 8
65 8
67 8
68 8
71 8
75 8
79 8
80 8
82 8
83 8
85 8
88 8
89 8
90 8
91 8
92 8
93 8
94 8
95 8
97 8
99 8
2 9
4 9
6 9
8 9
9 9
10 9
12 9
14 9
16 9
18 9
19 9
21 9
22 9
25 9
26 9
28 9
32 9
35 9
36 9
39 9
40 9
41 9
43 9
44 9
45 9
46 9
47 9
48 9
50 9
51 9
52 9
53 9
61 9
62 9
65 9
66 9
67 9
72 9
75 9
76 9
77 9
79 9
80 9
81 9
87 9
88 9
89 9
90 9
91 9
92 9
93 9
94 9
97 9
98 9
100 9
1 10
6 10
8 10
9 10
11 10
13 10
17 10
19 10
20 10
24 10
29 10
30 10
31 10
38 10
39 10
40 10
42 10
43 10
44 10
47 10
48 10
49 10
50 10
53 10
54 10
58 10
59 10
60 10
61 10
63 10
72 10
73 10
76 10
81 10
83 10
85 10
86 10
87 10
88 10
89 10
90 10
91 10
92 10
93 10
95 10
96 10
98 10
2 11
3 11
7 11
9 11
11 11
16 11
17 11
18 11
20 11
23 11
24 11
25 11
27 11
28 11
31 11
32 11
33 11
34 11
39 11
40 11
41 11
42 11
44 11
50 11
54 11
55 11
59 11
60 11
62 11
63 11
65 11
67 11
68 11
69 11
70 11
71 11
72 11
73 11
74 11
79 11
80 11
83 11
84 11
85 11
86 11
89 11
90 11
91 11
93 11
95 11
96 11
97 11
99 11
2 12
3 12
4 12
5 12
8 12
9 12
14 12
15 12
18 12
20 12
21 12
24 12
25 12
29 12
30 12
32 12
34 12
37 12
38 12
40 12
44 12
49 12
50 12
55 12
56 12
59 12
61 12
64 12
65 12
66 12
69 12
70 12
72 12
76 12
77 12
79 12
80 12
81 12
84 12
85 12
86 12
90 12
91 12
100 12
3 13
5 13
6 13
8 13
9 13
13 13
16 13
19 13
22 13
24 13
25 13
28 13
30 13
31 13
32 13
35 13
37 13
39 13
42 13
46 13
47 13
48 13
50 13
52 13
60 13
61 13
63 13
64 13
65 13
71 13
75 13
80 13
81 13
82 13
87 13
89 13
94 13
96 13
97 13
98 13
99 13
100 13
4 14
6 14
7 14
8 14
9 14
10 14
13 14
14 14
15 14
18 14
20 14
21 14
22 14
24 14
27 14
30 14
31 14
32 14
34 14
36 14
37 14
40 14
45 14
46 14
47 14
49 14
51 14
53 14
58 14
60 14
61 14
62 14
65 14
66 14
68 14
70 14
73 14
74 14
75 14
81 14
86 14
87 14
88 14
90 14
91 14
92 14
93 14
94 14
95 14
97 14
98 14
99 14
100 14
2 15
3 15
4 15
6 15
9 15
10 15
13 15
15 15
16 15
18 15
19 15
21 15
23 15
24 15
26 15
27 15
29 15
32 15
33 15
38 15
39 15
40 15
45 15
46 15
48 15
50 15
52 15
56 15
57 15
61 15
62 15
63 15
64 15
69 15
70 15
73 15
75 15
76 15
77 15
80 15
84 15
94 15
96 15
98 15
99 15
100 15
1 16
2 16
3 16
6 16
8 16
13 16
14 16
16 16
17 16
18 16
19 16
20 16
21 16
22 16
24 16
35 16
36 16
39 16
41 16
45 16
50 16
51 16
53 16
58 16
59 16
62 16
65 16
67 16
72 16
75 16
79 16
81 16
82 16
83 16
84 16
86 16
87 16
88 16
89 16
90 16
91 16
93 16
97 16
99 16
2 17
3 17
4 17
6 17
8 17
9 17
11 17
12 17
16 17
17 17
19 17
21 17
22 17
24 17
25 17
27 17
28 17
29 17
31 17
32 17
33 17
35 17
36 17
37 17
38 17
39 17
40 17
41 17
48 17
51 17
53 17
58 17
59 17
60 17
61 17
64 17
65 17
68 17
69 17
70 17
71 17
73 17
75 17
76 17
78 17
84 17
85 17
86 17
88 17
89 17
90 17
92 17
94 17
98 17
100 17
1 18
3 18
5 18
7 18
9 18
10 18
13 18
15 18
17 18
19 18
21 18
22 18
23 18
26 18
27 18
28 18
29 18
30 18
32 18
33 18
35 18
36 18
37 18
38 18
41 18
42 18
44 18
45 18
48 18
52 18
54 18
55 18
56 18
57 18
59 18
63 18
66 18
67 18
68 18
69 18
70 18
71 18
72 18
73 18
75 18
80 18
82 18
83 18
85 18
86 18
89 18
90 18
91 18
92 18
93 18
95 18
98 18
2 19
3 19
5 19
6 19
9 19
10 19
12 19
13 19
17 19
19 19
25 19
26 19
27 19
28 19
29 19
32 19
33 19
34 19
35 19
37 19
38 19
39 19
41 19
43 19
44 19
48 19
49 19
50 19
53 19
54 19
55 19
56 19
59 19
60 19
61 19
65 19
69 19
71 19
73 19
74 19
75 19
77 19
78 19
82 19
83 19
84 19
86 19
87 19
88 19
89 19
90 19
91 19
94 19
95 19
96 19
98 19
2 20
8 20
9 20
12 20
14 20
15 20
18 20
19 20
20 20
21 20
22 20
24 20
27 20
30 20
32 20
33 20
34 20
35 20
36 20
37 20
38 20
39 20
43 20
44 20
45 20
46 20
51 20
52 20
56 20
60 20
61 20
63 20
65 20
66 20
67 20
68 20
72 20
74 20
75 20
82 20
84 20
86 20
88 20
90 20
91 20
92 20
93 20
94 20
95 20
96 20
97 20
1 21
2 21
3 21
4 21
5 21
7 21
8 21
9 21
10 21
14 21
17 21
18 21
22 21
23 21
24 21
25 21
26 21
27 21
28 21
35 21
39 21
42 21
43 21
44 21
46 21
49 21
53 21
56 21
57 21
58 21
59 21
61 21
67 21
69 21
72 21
73 21
77 21
81 21
82 21
83 21
84 21
85 21
89 21
92 21
93 21
95 21
96 21
99 21
1 22
2 22
3 22
4 22
5 22
6 22
8 22
10 22
11 22
12 22
13 22
15 22
17 22
20 22
21 22
27 22
28 22
31 22
35 22
36 22
37 22
39 22
40 22
42 22
46 22
47 22
48 22
49 22
51 22
52 22
54 22
57 22
58 22
59 22
62 22
63 22
65 22
66 22
68 22
71 22
75 22
76 22
77 22
78 22
81 22
82 22
83 22
84 22
87 22
89 22
91 22
94 22
98 22
1 23
2 23
4 23
9 23
10 23
14 23
16 23
18 23
20 23
22 23
23 23
27 23
28 23
29 23
30 23
31 23
32 23
34 23
35 23
36 23
37 23
38 23
44 23
45 23
47 23
48 23
49 23
52 23
53 23
57 23
58 23
61 23
64 23
70 23
72 23
75 23
78 23
81 23
82 23
83 23
87 23
89 23
91 23
93 23
94 23
96 23
97 23
98 23
99 23
1 24
3 24
4 24
6 24
8 24
12 24
15 24
16 24
19 24
21 24
24 24
26 24
29 24
30 24
33 24
37 24
38 24
39 24
41 24
42 24
43 24
44 24
46 24
47 24
50 24
52 24
53 24
57 24
60 24
62 24
66 24
67 24
70 24
71 24
72 24
73 24
74 24
77 24
79 24
80 24
81 24
82 24
84 24
85 24
87 24
89 24
91 24
96 24
97 24
100 24
3 25
6 25
9 25
12 25
13 25
17 25
18 25
19 25
20 25
26 25
27 25
30 25
31 25
36 25
40 25
42 25
46 25
48 25
49 25
52 25
55 25
58 25
62 25
63 25
65 25
66 25
67 25
68 25
70 25
72 25
74 25
77 25
78 25
80 25
83 25
88 25
89 25
92 25
94 25
95 25
98 25
99 25
100 25
1 26
4 26
7 26
11 26
13 26
15 26
16 26
23 26
24 26
25 26
33 26
36 26
38 26
39 26
42 26
43 26
44 26
51 26
56 26
59 26
62 26
63 26
65 26
66 26
67 26
69 26
70 26
71 26
72 26
73 26
74 26
75 26
76 26
77 26
78 26
80 26
86 26
88 26
92 26
93 26
96 26
98 26
99 26
100 26
7 27
9 27
10 27
12 27
13 27
16 27
19 27
25 27
26 27
27 27
31 27
32 27
36 27
37 27
38 27
39 27
42 27
44 27
45 27
46 27
48 27
49 27
50 27
51 27
57 27
59 27
60 27
61 27
62 27
66 27
67 27
69 27
72 27
73 27
74 27
76 27
78 27
82 27
83 27
84 27
88 27
90 27
91 27
92 27
93 27
98 27
1 28
2 28
7 28
9 28
10 28
12 28
13 28
15 28
18 28
19 28
20 28
22 28
23 28
24 28
25 28
26 28
28 28
32 28
34 28
38 28
40 28
41 28
44 28
45 28
46 28
47 28
48 28
52 28
54 28
57 28
61 28
62 28
65 28
66 28
68 28
69 28
70 28
71 28
72 28
74 28
76 28
77 28
78 28
79 28
82 28
84 28
86 28
88 28
89 28
93 28
2 29
7 29
8 29
10 29
12 29
13 29
16 29
17 29
18 29
19 29
20 29
21 29
25 29
27 29
29 29
30 29
31 29
33 29
34 29
35 29
37 29
43 29
44 29
46 29
49 29
50 29
52 29
53 29
54 29
58 29
59 29
62 29
63 29
65 29
66 29
67 29
68 29
70 29
72 29
73 29
74 29
75 29
77 29
79 29
82 29
83 29
86 29
87 29
88 29
89 29
97 29
98 29
100 29
1 30
3 30
4 30
8 30
9 30
10 30
12 30
14 30
16 30
17 30
18 30
21 30
24 30
31 30
35 30
37 30
38 30
39 30
42 30
43 30
44 30
45 30
48 30
50 30
52 30
53 30
54 30
56 30
57 30
58 30
59 30
60 30
63 30
67 30
70 30
75 30
76 30
78 30
80 30
84 30
86 30
89 30
90 30
92 30
99 30
2 31
4 31
8 31
9 31
12 31
13 31
15 31
16 31
17 31
19 31
21 31
24 31
26 31
27 31
31 31
33 31
34 31
35 31
40 31
41 31
43 31
44 31
45 31
47 31
49 31
51 31
53 31
55 31
57 31
60 31
62 31
63 31
66 31
67 31
69 31
71 31
75 31
78 31
80 31
83 31
85 31
91 31
93 31
97 31
98 31
99 31
100 31
1 32
2 32
5 32
6 32
7 32
13 32
14 32
15 32
16 32
18 32
19 32
22 32
23 32
24 32
29 32
33 32
34 32
40 32
44 32
48 32
49 32
50 32
53 32
56 32
57 32
58 32
60 32
62 32
64 32
65 32
69 32
71 32
76 32
80 32
81 32
82 32
85 32
86 32
88 32
90 32
91 32
92 32
93 32
94 32
96 32
100 32
1 33
2 33
4 33
5 33
11 33
13 33
16 33
20 33
23 33
24 33
30 33
31 33
32 33
35 33
39 33
42 33
48 33
50 33
52 33
54 33
55 33
56 33
59 33
60 33
61 33
62 33
69 33
70 33
72 33
73 33
74 33
77 33
78 33
79 33
80 33
81 33
83 33
84 33
87 33
88 33
91 33
96 33
97 33
100 33
2 34
3 34
5 34
10 34
11 34
12 34
13 34
14 34
15 34
16 34
19 34
23 34
24 34
30 34
32 34
35 34
36 34
38 34
39 34
40 34
41 34
42 34
45 34
46 34
47 34
48 34
55 34
57 34
59 34
60 34
64 34
65 34
67 34
68 34
69 34
70 34
71 34
75 34
76 34
78 34
79 34
82 34
83 34
84 34
91 34
92 34
93 34
94 34
95 34
96 34
99 34
100 34
2 35
3 35
6 35
12 35
15 35
16 35
17 35
22 35
23 35
24 35
25 35
27 35
28 35
30 35
31 35
34 35
35 35
43 35
45 35
46 35
49 35
54 35
56 35
59 35
62 35
66 35
67 35
68 35
70 35
76 35
81 35
82 35
89 35
98 35
99 35
100 35
3 36
4 36
6 36
9 36
10 36
11 36
12 36
16 36
18 36
19 36
20 36
22 36
24 36
28 36
29 36
33 36
34 36
38 36
39 36
40 36
42 36
43 36
44 36
47 36
50 36
51 36
52 36
54 36
55 36
57 36
58 36
59 36
60 36
64 36
65 36
66 36
67 36
68 36
69 36
72 36
74 36
75 36
82 36
83 36
85 36
87 36
90 36
92 36
93 36
95 36
97 36
98 36
99 36
1 37
2 37
5 37
6 37
8 37
11 37
12 37
13 37
14 37
15 37
16 37
18 37
20 37
21 37
22 37
24 37
25 37
26 37
29 37
34 37
35 37
36 37
39 37
41 37
42 37
43 37
45 37
48 37
52 37
53 37
55 37
57 37
58 37
59 37
64 37
65 37
66 37
68 37
70 37
71 37
72 37
77 37
79 37
80 37
85 37
87 37
88 37
89 37
90 37
95 37
98 37
99 37
100 37
5 38
6 38
7 38
9 38
10 38
12 38
13 38
14 38
16 38
20 38
21 38
22 38
23 38
25 38
26 38
27 38
28 38
31 38
32 38
34 38
35 38
37 38
39 38
41 38
45 38
48 38
50 38
51 38
52 38
53 38
56 38
61 38
63 38
64 38
67 38
69 38
73 38
74 38
76 38
77 38
78 38
79 38
80 38
83 38
85 38
86 38
90 38
91 38
94 38
95 38
96 38
100 38
1 39
2 39
5 39
7 39
8 39
10 39
14 39
17 39
21 39
23 39
24 39
26 39
28 39
30 39
31 39
32 39
35 39
37 39
39 39
40 39
41 39
44 39
45 39
47 39
48 39
50 39
51 39
52 39
54 39
59 39
60 39
61 39
62 39
67 39
68 39
70 39
71 39
73 39
74 39
75 39
76 39
78 39
80 39
82 39
83 39
86 39
89 39
92 39
93 39
94 39
95 39
96 39
97 39
98 39
3 40
5 40
7 40
8 40
9 40
10 40
11 40
12 40
13 40
14 40
15 40
20 40
22 40
24 40
26 40
28 40
30 40
32 40
34 40
35 40
39 40
40 40
41 40
43 40
44 40
47 40
49 40
50 40
51 40
52 40
53 40
56 40
59 40
61 40
62 40
70 40
71 40
72 40
74 40
75 40
76 40
77 40
78 40
81 40
82 40
83 40
84 40
85 40
86 40
87 40
90 40
91 40
92 40
93 40
94 40
95 40
97 40
100 40
1 41
3 41
4 41
6 41
8 41
9 41
10 41
13 41
16 41
24 41
34 41
36 41
37 41
38 41
41 41
42 41
44 41
45 41
46 41
47 41
50 41
51 41
52 41
55 41
57 41
58 41
60 41
61 41
66 41
68 41
71 41
73 41
74 41
75 41
77 41
78 41
79 41
84 41
85 41
86 41
88 41
89 41
91 41
94 41
96 41
97 41
98 41
1 42
4 42
5 42
10 42
12 42
13 42
14 42
15 42
19 42
20 42
22 42
28 42
30 42
31 42
32 42
33 42
35 42
40 42
41 42
42 42
43 42
46 42
47 42
48 42
50 42
52 42
54 42
55 42
56 42
58 42
59 42
60 42
61 42
63 42
65 42
66 42
67 42
68 42
73 42
74 42
75 42
78 42
80 42
82 42
83 42
85 42
86 42
89 42
90 42
93 42
95 42
96 42
97 42
99 42
100 42
4 43
14 43
15 43
16 43
17 43
20 43
21 43
22 43
24 43
25 43
27 43
31 43
32 43
34 43
35 43
36 43
37 43
39 43
40 43
41 43
45 43
47 43
48 43
51 43
52 43
53 43
55 43
56 43
58 43
59 43
60 43
63 43
66 43
70 43
72 43
74 43
75 43
78 43
79 43
82 43
83 43
84 43
85 43
86 43
87 43
90 43
93 43
95 43
97 43
98 43
99 43
100 43
6 44
10 44
11 44
23 44
25 44
26 44
29 44
32 44
33 44
37 44
39 44
41 44
43 44
45 44
47 44
49 44
55 44
57 44
60 44
61 44
62 44
63 44
64 44
65 44
66 44
68 44
70 44
76 44
79 44
81 44
82 44
85 44
86 44
88 44
90 44
91 44
93 44
95 44
97 44
2 45
3 45
7 45
8 45
9 45
11 45
12 45
14 45
15 45
18 45
22 45
23 45
25 45
26 45
29 45
32 45
35 45
36 45
37 45
39 45
40 45
41 45
44 45
46 45
47 45
49 45
51 45
53 45
54 45
55 45
56 45
57 45
58 45
59 45
63 45
66 45
67 45
68 45
69 45
70 45
72 45
73 45
74 45
75 45
79 45
82 45
83 45
84 45
88 45
89 45
91 45
92 45
93 45
94 45
97 45
100 45
1 46
3 46
11 46
16 46
17 46
20 46
23 46
24 46
25 46
26 46
29 46
33 46
34 46
37 46
44 46
45 46
46 46
47 46
51 46
52 46
57 46
59 46
62 46
64 46
65 46
66 46
68 46
71 46
73 46
74 46
77 46
79 46
81 46
83 46
84 46
86 46
88 46
89 46
94 46
95 46
97 46
100 46
2 47
3 47
4 47
6 47
9 47
11 47
13 47
16 47
17 47
19 47
21 47
22 47
24 47
25 47
26 47
29 47
30 47
33 47
34 47
35 47
36 47
37 47
39 47
40 47
43 47
46 47
49 47
56 47
57 47
58 47
60 47
61 47
62 47
63 47
66 47
67 47
70 47
71 47
72 47
77 47
80 47
81 47
87 47
88 47
90 47
91 47
92 47
94 47
96 47
97 47
98 47
100 47
2 48
3 48
6 48
7 48
8 48
9 48
13 48
16 48
17 48
19 48
21 48
23 48
24 48
28 48
30 48
31 48
33 48
35 48
36 48
37 48
44 48
45 48
46 48
47 48
49 48
56 48
57 48
58 48
59 48
60 48
62 48
63 48
67 48
68 48
69 48
71 48
72 48
73 48
74 48
79 48
83 48
84 48
85 48
86 48
87 48
89 48
90 48
94 48
95 48
97 48
98 48
1 49
3 49
4 49
7 49
8 49
9 49
14 49
17 49
18 49
19 49
20 49
22 49
23 49
26 49
27 49
32 49
33 49
34 49
36 49
37 49
38 49
40 49
42 49
47 49
48 49
49 49
51 49
52 49
54 49
55 49
56 49
58 49
61 49
66 49
68 49
69 49
70 49
71 49
74 49
75 49
79 49
81 49
84 49
85 49
87 49
89 49
90 49
91 49
92 49
94 49
95 49
97 49
99 49
100 49
1 50
3 50
4 50
5 50
6 50
7 50
10 50
11 50
12 50
13 50
14 50
16 50
17 50
18 50
21 50
24 50
25 50
26 50
28 50
31 50
37 50
40 50
42 50
43 50
44 50
47 50
51 50
53 50
56 50
57 50
60 50
62 50
63 50
65 50
66 50
67 50
69 50
70 50
71 50
72 50
73 50
74 50
76 50
78 50
81 50
82 50
84 50
86 50
87 50
90 50
91 50
93 50
94 50
97 50
5 51
6 51
7 51
10 51
12 51
14 51
16 51
19 51
20 51
21 51
27 51
29 51
30 51
32 51
35 51
36 51
39 51
40 51
41 51
42 51
44 51
45 51
46 51
50 51
56 51
57 51
59 51
60 51
61 51
62 51
64 51
65 51
69 51
71 51
75 51
78 51
81 51
83 51
84 51
86 51
87 51
88 51
90 51
91 51
96 51
97 51
98 51
100 51
3 52
5 52
8 52
10 52
11 52
13 52
14 52
15 52
19 52
22 52
26 52
28 52
32 52
33 52
34 52
38 52
39 52
40 52
41 52
42 52
43 52
44 52
46 52
47 52
53 52
59 52
63 52
64 52
65 52
68 52
70 52
71 52
72 52
74 52
76 52
77 52
83 52
84 52
85 52
87 52
89 52
90 52
91 52
93 52
96 52
100 52
1 53
3 53
6 53
7 53
8 53
10 53
11 53
12 53
15 53
16 53
18 53
20 53
21 53
24 53
25 53
26 53
29 53
31 53
34 53
35 53
37 53
38 53
39 53
40 53
44 53
45 53
46 53
47 53
48 53
50 53
52 53
54 53
56 53
58 53
61 53
62 53
64 53
66 53
67 53
68 53
69 53
71 53
82 53
85 53
88 53
89 53
91 53
94 53
96 53
97 53
100 53
1 54
5 54
11 54
12 54
14 54
17 54
18 54
20 54
22 54
23 54
25 54
28 54
30 54
34 54
35 54
36 54
39 54
40 54
41 54
42 54
43 54
46 54
47 54
51 54
52 54
53 54
55 54
56 54
59 54
60 54
61 54
62 54
64 54
65 54
68 54
78 54
79 54
80 54
84 54
85 54
86 54
92 54
93 54
95 54
97 54
98 54
2 55
3 55
4 55
6 55
9 55
10 55
15 55
17 55
18 55
23 55
26 55
27 55
28 55
31 55
33 55
35 55
40 55
42 55
43 55
45 55
46 55
47 55
49 55
50 55
51 55
60 55
62 55
65 55
66 55
69 55
72 55
76 55
78 55
79 55
82 55
84 55
86 55
87 55
88 55
90 55
91 55
93 55
94 55
95 55
96 55
97 55
98 55
99 55
100 55
4 56
7 56
9 56
10 56
15 56
16 56
23 56
24 56
25 56
26 56
27 56
30 56
31 56
33 56
35 56
36 56
37 56
39 56
40 56
42 56
43 56
45 56
47 56
48 56
51 56
52 56
53 56
55 56
59 56
62 56
63 56
64 56
66 56
67 56
68 56
69 56
72 56
74 56
77 56
78 56
79 56
82 56
83 56
85 56
88 56
89 56
90 56
92 56
93 56
94 56
95 56
97 56
1 57
2 57
8 57
11 57
12 57
14 57
15 57
17 57
19 57
21 57
22 57
25 57
26 57
31 57
38 57
39 57
40 57
41 57
46 57
50 57
52 57
58 57
60 57
68 57
70 57
72 57
73 57
74 57
75 57
76 57
79 57
80 57
81 57
83 57
84 57
91 57
92 57
95 57
100 57
1 58
3 58
6 58
7 58
8 58
11 58
14 58
17 58
18 58
19 58
20 58
23 58
25 58
27 58
30 58
32 58
33 58
35 58
36 58
38 58
40 58
44 58
45 58
47 58
48 58
49 58
50 58
51 58
52 58
53 58
54 58
56 58
57 58
60 58
61 58
62 58
63 58
64 58
65 58
70 58
73 58
74 58
75 58
77 58
78 58
79 58
85 58
87 58
88 58
90 58
91 58
92 58
93 58
94 58
98 58
99 58
100 58
2 59
6 59
7 59
8 59
9 59
12 59
13 59
14 59
16 59
17 59
19 59
22 59
23 59
25 59
26 59
29 59
32 59
33 59
36 59
37 59
38 59
39 59
44 59
45 59
49 59
50 59
51 59
55 59
56 59
58 59
59 59
61 59
64 59
65 59
67 59
69 59
70 59
71 59
72 59
73 59
74 59
75 59
77 59
78 59
79 59
80 59
83 59
84 59
85 59
88 59
91 59
92 59
94 59
97 59
98 59
1 60
5 60
6 60
7 60
8 60
10 60
11 60
12 60
14 60
15 60
21 60
22 60
23 60
24 60
25 60
29 60
32 60
37 60
38 60
40 60
43 60
46 60
47 60
48 60
51 60
53 60
54 60
56 60
57 60
61 60
62 60
68 60
70 60
71 60
80 60
81 60
84 60
85 60
87 60
88 60
89 60
91 60
92 60
93 60
94 60
97 60
98 60
5 61
8 61
9 61
12 61
13 61
14 61
16 61
18 61
19 61
20 61
23 61
24 61
25 61
26 61
29 61
31 61
32 61
35 61
36 61
41 61
44 61
48 61
49 61
52 61
58 61
60 61
61 61
62 61
64 61
65 61
66 61
67 61
68 61
72 61
75 61
76 61
77 61
78 61
79 61
84 61
85 61
86 61
87 61
88 61
92 61
95 61
1 62
2 62
5 62
9 62
11 62
12 62
14 62
17 62
18 62
19 62
20 62
21 62
24 62
25 62
26 62
27 62
28 62
29 62
30 62
32 62
36 62
40 62
41 62
43 62
44 62
45 62
49 62
50 62
52 62
53 62
54 62
57 62
58 62
59 62
60 62
63 62
64 62
67 62
69 62
70 62
71 62
72 62
74 62
75 62
76 62
77 62
83 62
86 62
88 62
91 62
93 62
95 62
98 62
99 62
100 62
2 63
4 63
5 63
6 63
10 63
14 63
20 63
21 63
27 63
29 63
30 63
41 63
44 63
45 63
47 63
52 63
55 63
56 63
57 63
59 63
69 63
70 63
74 63
76 63
77 63
78 63
80 63
83 63
84 63
85 63
88 63
89 63
93 63
94 63
98 63
5 64
6 64
8 64
10 64
11 64
13 64
15 64
26 64
28 64
30 64
32 64
33 64
34 64
38 64
39 64
40 64
41 64
42 64
44 64
49 64
51 64
53 64
58 64
61 64
63 64
67 64
69 64
72 64
73 64
74 64
76 64
81 64
82 64
83 64
85 64
89 64
90 64
95 64
97 64
98 64
99 64
100 64
2 65
3 65
6 65
8 65
10 65
11 65
12 65
15 65
17 65
18 65
21 65
23 65
24 65
27 65
31 65
32 65
33 65
37 65
40 65
42 65
43 65
44 65
46 65
48 65
49 65
52 65
54 65
59 65
62 65
63 65
64 65
66 65
67 65
68 65
74 65
75 65
77 65
78 65
79 65
80 65
81 65
82 65
88 65
90 65
92 65
93 65
94 65
95 65
97 65
99 65
100 65
1 66
2 66
3 66
4 66
5 66
6 66
9 66
10 66
11 66
12 66
13 66
14 66
19 66
20 66
21 66
24 66
27 66
28 66
29 66
30 66
32 66
33 66
34 66
36 66
37 66
40 66
47 66
49 66
53 66
55 66
57 66
58 66
64 66
65 66
67 66
68 66
69 66
70 66
71 66
72 66
73 66
74 66
77 66
78 66
81 66
82 66
84 66
86 66
87 66
88 66
89 66
93 66
94 66
95 66
96 66
97 66
99 66
100 66
2 67
3 67
5 67
7 67
8 67
12 67
13 67
18 67
19 67
20 67
21 67
22 67
23 67
24 67
25 67
27 67
28 67
34 67
38 67
42 67
45 67
49 67
50 67
53 67
54 67
55 67
57 67
59 67
60 67
63 67
66 67
67 67
68 67
69 67
70 67
74 67
76 67
78 67
79 67
80 67
82 67
83 67
84 67
88 67
89 67
92 67
93 67
94 67
97 67
98 67
100 67
8 68
9 68
10 68
12 68
13 68
14 68
15 68
19 68
20 68
22 68
23 68
24 68
26 68
30 68
33 68
35 68
36 68
39 68
40 68
41 68
42 68
44 68
45 68
46 68
50 68
52 68
53 68
56 68
59 68
60 68
62 68
64 68
65 68
66 68
67 68
71 68
74 68
78 68
83 68
84 68
86 68
88 68
91 68
94 68
97 68
99 68
100 68
1 69
2 69
4 69
5 69
6 69
7 69
9 69
10 69
12 69
16 69
17 69
18 69
19 69
23 69
25 69
26 69
27 69
28 69
34 69
35 69
36 69
41 69
44 69
46 69
47 69
48 69
49 69
55 69
57 69
58 69
64 69
69 69
70 69
73 69
74 69
75 69
80 69
81 69
82 69
84 69
85 69
93 69
94 69
95 69
96 69
99 69
1 70
6 70
8 70
10 70
11 70
14 70
16 70
17 70
25 70
26 70
27 70
28 70
41 70
43 70
44 70
45 70
47 70
48 70
49 70
53 70
56 70
57 70
58 70
61 70
63 70
67 70
69 70
70 70
72 70
73 70
74 70
76 70
77 70
78 70
79 70
81 70
82 70
83 70
84 70
85 70
92 70
93 70
95 70
96 70
98 70
100 70
1 71
3 71
4 71
7 71
12 71
13 71
16 71
17 71
21 71
22 71
24 71
25 71
29 71
30 71
32 71
38 71
39 71
41 71
43 71
44 71
50 71
52 71
55 71
56 71
57 71
64 71
65 71
66 71
67 71
68 71
70 71
74 71
76 71
82 71
83 71
84 71
86 71
89 71
91 71
94 71
97 71
98 71
1 72
4 72
6 72
7 72
8 72
11 72
12 72
16 72
17 72
19 72
21 72
22 72
25 72
27 72
29 72
32 72
33 72
36 72
37 72
38 72
40 72
41 72
44 72
45 72
49 72
51 72
52 72
54 72
56 72
57 72
61 72
63 72
64 72
67 72
70 72
72 72
73 72
74 72
75 72
76 72
77 72
80 72
83 72
84 72
86 72
87 72
88 72
89 72
93 72
95 72
96 72
100 72
1 73
5 73
7 73
8 73
9 73
12 73
13 73
14 73
15 73
17 73
18 73
19 73
20 73
21 73
22 73
26 73
27 73
28 73
29 73
30 73
31 73
41 73
43 73
44 73
45 73
52 73
53 73
56 73
57 73
61 73
63 73
64 73
66 73
71 73
76 73
81 73
83 73
86 73
87 73
88 73
95 73
98 73
100 73
2 74
4 74
6 74
8 74
9 74
10 74
11 74
12 74
13 74
14 74
15 74
17 74
19 74
20 74
21 74
22 74
23 74
25 74
26 74
27 74
28 74
29 74
30 74
32 74
33 74
34 74
37 74
38 74
39 74
42 74
43 74
44 74
45 74
46 74
50 74
54 74
56 74
57 74
59 74
61 74
62 74
63 74
67 74
69 74
70 74
73 74
75 74
76 74
82 74
84 74
89 74
90 74
91 74
95 74
96 74
99 74
100 74
1 75
2 75
3 75
4 75
6 75
8 75
10 75
11 75
14 75
15 75
17 75
18 75
22 75
25 75
27 75
28 75
32 75
33 75
34 75
38 75
42 75
45 75
46 75
49 75
52 75
53 75
54 75
56 75
58 75
62 75
63 75
65 75
67 75
68 75
71 75
73 75
76 75
77 75
78 75
79 75
80 75
82 75
83 75
85 75
90 75
92 75
96 75
97 75
1 76
2 76
5 76
6 76
7 76
8 76
9 76
11 76
12 76
13 76
14 76
25 76
28 76
29 76
30 76
31 76
32 76
34 76
35 76
42 76
46 76
50 76
53 76
57 76
59 76
63 76
64 76
66 76
67 76
68 76
71 76
72 76
73 76
74 76
77 76
78 76
79 76
82 76
83 76
87 76
89 76
92 76
94 76
95 76
96 76
97 76
1 77
3 77
4 77
6 77
11 77
13 77
16 77
17 77
18 77
20 77
23 77
25 77
26 77
27 77
29 77
32 77
33 77
35 77
47 77
52 77
55 77
62 77
65 77
68 77
69 77
71 77
72 77
74 77
75 77
77 77
79 77
81 77
83 77
85 77
86 77
89 77
90 77
91 77
93 77
94 77
95 77
100 77
1 78
2 78
3 78
6 78
8 78
9 78
12 78
13 78
21 78
23 78
25 78
27 78
31 78
32 78
34 78
35 78
36 78
39 78
41 78
43 78
44 78
45 78
46 78
47 78
48 78
51 78
52 78
54 78
57 78
64 78
66 78
68 78
73 78
74 78
79 78
81 78
82 78
85 78
86 78
89 78
92 78
93 78
97 78
98 78
7 79
11 79
15 79
16 79
17 79
19 79
21 79
23 79
24 79
27 79
39 79
40 79
41 79
44 79
46 79
48 79
49 79
50 79
55 79
56 79
57 79
58 79
59 79
60 79
63 79
65 79
70 79
71 79
72 79
73 79
74 79
82 79
83 79
84 79
89 79
90 79
91 79
94 79
96 79
9 80
11 80
12 80
13 80
15 80
17 80
19 80
23 80
25 80
26 80
27 80
30 80
33 80
34 80
35 80
37 80
40 80
41 80
44 80
46 80
47 80
48 80
49 80
50 80
51 80
52 80
53 80
56 80
62 80
67 80
68 80
69 80
71 80
72 80
75 80
79 80
80 80
86 80
87 80
88 80
92 80
93 80
95 80
96 80
98 80
7 81
11 81
13 81
15 81
17 81
23 81
25 81
30 81
35 81
36 81
37 81
42 81
43 81
46 81
49 81
50 81
51 81
52 81
53 81
54 81
57 81
59 81
63 81
64 81
67 81
68 81
69 81
73 81
76 81
78 81
80 81
81 81
82 81
83 81
84 81
85 81
87 81
88 81
89 81
91 81
92 81
94 81
96 81
97 81
98 81
1 82
2 82
5 82
7 82
10 82
11 82
13 82
14 82
15 82
17 82
23 82
26 82
29 82
30 82
32 82
35 82
36 82
39 82
41 82
43 82
44 82
46 82
47 82
48 82
49 82
51 82
53 82
57 82
59 82
60 82
61 82
65 82
70 82
71 82
72 82
74 82
75 82
80 82
81 82
82 82
83 82
87 82
88 82
89 82
90 82
92 82
94 82
95 82
98 82
2 83
4 83
5 83
6 83
7 83
8 83
10 83
12 83
13 83
14 83
15 83
21 83
22 83
23 83
33 83
34 83
35 83
36 83
37 83
39 83
42 83
44 83
45 83
48 83
49 83
50 83
52 83
55 83
58 83
59 83
61 83
63 83
68 83
69 83
74 83
75 83
76 83
78 83
80 83
81 83
83 83
85 83
87 83
88 83
90 83
92 83
94 83
95 83
96 83
97 83
100 83
1 84
2 84
5 84
6 84
7 84
8 84
11 84
12 84
13 84
14 84
18 84
19 84
20 84
21 84
22 84
23 84
25 84
26 84
28 84
29 84
30 84
31 84
32 84
33 84
38 84
41 84
44 84
46 84
47 84
48 84
49 84
50 84
52 84
55 84
60 84
65 84
67 84
72 84
76 84
78 84
80 84
81 84
82 84
83 84
87 84
88 84
89 84
91 84
96 84
97 84
100 84
1 85
2 85
3 85
4 85
7 85
8 85
9 85
11 85
12 85
13 85
15 85
17 85
20 85
22 85
24 85
25 85
27 85
31 85
32 85
35 85
36 85
37 85
38 85
39 85
40 85
41 85
43 85
45 85
46 85
48 85
49 85
51 85
52 85
53 85
54 85
57 85
58 85
59 85
64 85
65 85
67 85
68 85
69 85
70 85
72 85
74 85
75 85
78 85
80 85
83 85
84 85
85 85
86 85
88 85
89 85
90 85
95 85
96 85
98 85
1 86
6 86
8 86
9 86
12 86
13 86
17 86
18 86
22 86
23 86
26 86
29 86
30 86
32 86
33 86
35 86
36 86
38 86
39 86
40 86
41 86
43 86
46 86
47 86
50 86
51 86
52 86
60 86
63 86
65 86
66 86
67 86
68 86
70 86
73 86
75 86
78 86
80 86
81 86
84 86
85 86
88 86
89 86
91 86
94 86
95 86
96 86
97 86
4 87
5 87
6 87
8 87
10 87
11 87
12 87
14 87
16 87
17 87
21 87
22 87
24 87
25 87
27 87
28 87
29 87
30 87
33 87
35 87
38 87
42 87
44 87
45 87
47 87
50 87
54 87
56 87
57 87
59 87
62 87
66 87
73 87
74 87
75 87
76 87
77 87
78 87
79 87
82 87
85 87
88 87
90 87
94 87
96 87
97 87
99 87
1 88
2 88
3 88
12 88
13 88
15 88
24 88
26 88
29 88
31 88
32 88
34 88
36 88
37 88
38 88
39 88
41 88
42 88
45 88
46 88
48 88
56 88
58 88
59 88
62 88
63 88
64 88
65 88
68 88
70 88
75 88
76 88
77 88
80 88
82 88
83 88
85 88
89 88
93 88
97 88
98 88
99 88
3 89
4 89
5 89
7 89
10 89
15 89
17 89
22 89
25 89
27 89
28 89
30 89
31 89
33 89
38 89
39 89
40 89
41 89
44 89
48 89
49 89
50 89
51 89
53 89
55 89
56 89
58 89
59 89
60 89
62 89
63 89
64 89
69 89
71 89
73 89
76 89
77 89
79 89
80 89
83 89
84 89
88 89
90 89
91 89
92 89
94 89
95 89
96 89
98 89
1 90
2 90
3 90
5 90
6 90
7 90
8 90
10 90
13 90
14 90
16 90
17 90
19 90
23 90
28 90
32 90
33 90
35 90
36 90
40 90
44 90
46 90
47 90
49 90
55 90
56 90
57 90
59 90
60 90
62 90
64 90
65 90
66 90
67 90
70 90
72 90
73 90
76 90
77 90
79 90
80 90
81 90
84 90
89 90
90 90
92 90
94 90
95 90
97 90
98 90
100 90
1 91
2 91
5 91
8 91
9 91
11 91
12 91
13 91
14 91
16 91
18 91
30 91
33 91
34 91
35 91
36 91
37 91
38 91
41 91
42 91
46 91
47 91
49 91
50 91
51 91
53 91
56 91
58 91
60 91
63 91
66 91
67 91
68 91
69 91
74 91
76 91
80 91
84 91
85 91
86 91
87 91
88 91
89 91
90 91
91 91
92 91
93 91
94 91
97 91
98 91
4 92
9 92
11 92
12 92
13 92
15 92
16 92
18 92
20 92
22 92
23 92
25 92
27 92
28 92
29 92
30 92
31 92
34 92
37 92
38 92
40 92
42 92
46 92
49 92
51 92
53 92
56 92
58 92
59 92
60 92
61 92
63 92
72 92
74 92
76 92
77 92
79 92
82 92
83 92
85 92
87 92
89 92
93 92
94 92
1 93
2 93
3 93
9 93
10 93
11 93
13 93
16 93
19 93
21 93
22 93
23 93
25 93
28 93
29 93
30 93
34 93
35 93
36 93
37 93
39 93
40 93
45 93
46 93
47 93
48 93
51 93
52 93
54 93
55 93
57 93
61 93
67 93
68 93
69 93
70 93
71 93
73 93
74 93
76 93
77 93
79 93
83 93
86 93
89 93
90 93
93 93
96 93
99 93
100 93
3 94
4 94
7 94
11 94
12 94
13 94
17 94
21 94
22 94
24 94
26 94
29 94
30 94
35 94
38 94
40 94
43 94
44 94
47 94
48 94
50 94
52 94
58 94
62 94
63 94
64 94
68 94
69 94
70 94
73 94
75 94
78 94
79 94
80 94
81 94
84 94
85 94
86 94
88 94
92 94
93 94
94 94
95 94
97 94
99 94
100 94
1 95
2 95
4 95
5 95
7 95
8 95
12 95
14 95
15 95
18 95
20 95
21 95
22 95
23 95
25 95
26 95
28 95
31 95
32 95
34 95
35 95
36 95
37 95
38 95
39 95
42 95
45 95
46 95
48 95
49 95
54 95
56 95
59 95
61 95
64 95
67 95
69 95
70 95
72 95
76 95
77 95
80 95
81 95
82 95
83 95
84 95
85 95
87 95
90 95
94 95
95 95
96 95
98 95
2 96
4 96
6 96
7 96
14 96
15 96
16 96
17 96
21 96
24 96
26 96
27 96
29 96
31 96
33 96
35 96
41 96
42 96
45 96
46 96
47 96
48 96
49 96
50 96
51 96
52 96
53 96
55 96
56 96
58 96
60 96
62 96
65 96
70 96
74 96
76 96
79 96
83 96
84 96
86 96
87 96
88 96
90 96
91 96
94 96
96 96
97 96
98 96
99 96
100 96
2 97
3 97
8 97
14 97
17 97
18 97
19 97
20 97
21 97
22 97
23 97
24 97
26 97
29 97
32 97
34 97
35 97
37 97
41 97
42 97
45 97
46 97
48 97
50 97
54 97
55 97
57 97
60 97
61 97
62 97
65 97
67 97
68 97
69 97
70 97
72 97
73 97
74 97
77 97
81 97
82 97
95 97
96 97
97 97
2 98
5 98
6 98
7 98
8 98
9 98
10 98
11 98
13 98
14 98
16 98
20 98
21 98
22 98
23 98
25 98
29 98
33 98
34 98
36 98
38 98
39 98
40 98
46 98
47 98
48 98
51 98
52 98
53 98
55 98
57 98
62 98
70 98
71 98
72 98
74 98
76 98
77 98
79 98
81 98
85 98
86 98
88 98
89 98
94 98
98 98
99 98
1 99
2 99
4 99
8 99
9 99
10 99
13 99
17 99
22 99
23 99
28 99
29 99
34 99
37 99
45 99
46 99
49 99
50 99
51 99
55 99
56 99
57 99
58 99
59 99
60 99
61 99
62 99
64 99
66 99
70 99
73 99
77 99
80 99
82 99
87 99
90 99
91 99
92 99
93 99
95 99
96 99
98 99
99 99
100 99
1 100
2 100
3 100
5 100
6 100
9 100
11 100
12 100
13 100
14 100
16 100
18 100
22 100
24 100
26 100
27 100
28 100
29 100
32 100
33 100
34 100
35 100
39 100
40 100
45 100
46 100
52 100
53 100
56 100
57 100
59 100
60 100
61 100
63 100
64 100
66 100
69 100
72 100
74 100
78 100
80 100
82 100
85 100
86 100
88 100
89 100
93 100
94 100
95 100
97 100
99 100
