100
3 1
4 1
7 1
8 1
10 1
11 1
12 1
13 1
15 1
16 1
19 1
20 1
29 1
30 1
33 1
36 1
37 1
44 1
45 1
46 1
47 1
52 1
53 1
55 1
61 1
64 1
70 1
71 1
74 1
78 1
79 1
80 1
82 1
83 1
87 1
88 1
92 1
93 1
97 1
99 1
1 2
2 2
5 2
6 2
8 2
11 2
14 2
15 2
20 2
23 2
25 2
27 2
30 2
34 2
37 2
38 2
39 2
40 2
41 2
42 2
47 2
48 2
51 2
52 2
53 2
54 2
55 2
57 2
58 2
59 2
60 2
64 2
65 2
66 2
71 2
72 2
73 2
77 2
80 2
83 2
84 2
85 2
86 2
87 2
92 2
95 2
97 2
98 2
99 2
1 3
2 3
3 3
4 3
6 3
7 3
10 3
12 3
13 3
14 3
16 3
17 3
18 3
19 3
20 3
24 3
25 3
26 3
28 3
29 3
32 3
33 3
35 3
36 3
40 3
42 3
43 3
44 3
45 3
48 3
50 3
51 3
57 3
62 3
65 3
66 3
71 3
72 3
73 3
76 3
77 3
80 3
81 3
82 3
83 3
87 3
89 3
93 3
96 3
98 3
99 3
100 3
3 4
6 4
7 4
8 4
9 4
10 4
11 4
12 4
14 4
15 4
16 4
19 4
21 4
22 4
24 4
25 4
26 4
27 4
28 4
33 4
34 4
38 4
40 4
43 4
46 4
48 4
50 4
55 4
57 4
58 4
61 4
62 4
63 4
65 4
66 4
67 4
68 4
69 4
70 4
71 4
73 4
75 4
77 4
79 4
80 4
82 4
83 4
84 4
86 4
88 4
89 4
90 4
92 4
93 4
96 4
98 4
2 5
3 5
4 5
5 5
7 5
8 5
13 5
14 5
16 5
18 5
22 5
23 5
29 5
30 5
31 5
32 5
33 5
34 5
36 5
39 5
41 5
42 5
44 5
45 5
46 5
48 5
50 5
51 5
53 5
54 5
57 5
58 5
60 5
62 5
63 5
64 5
65 5
68 5
69 5
70 5
71 5
72 5
73 5
76 5
79 5
81 5
83 5
84 5
87 5
89 5
90 5
91 5
94 5
96 5
1 6
4 6
8 6
9 6
10 6
12 6
13 6
14 6
18 6
23 6
26 6
29 6
30 6
31 6
36 6
40 6
45 6
47 6
52 6
53 6
56 6
57 6
59 6
60 6
61 6
63 6
65 6
66 6
67 6
68 6
69 6
71 6
72 6
73 6
75 6
78 6
79 6
80 6
81 6
83 6
85 6
86 6
88 6
89 6
97 6
98 6
100 6
3 7
14 7
17 7
18 7
19 7
22 7
24 7
25 7
26 7
27 7
30 7
31 7
32 7
33 7
36 7
39 7
41 7
44 7
46 7
48 7
49 7
50 7
54 7
60 7
61 7
67 7
71 7
72 7
73 7
75 7
76 7
81 7
82 7
83 7
84 7
85 7
87 7
89 7
91 7
94 7
97 7
98 7
2 8
4 8
6 8
8 8
12 8
15 8
18 8
20 8
21 8
25 8
28 8
29 8
30 8
31 8
32 8
33 8
38 8
42 8
43 8
45 8
46 8
49 8
50 8
51 8
52 8
55 8
57 8
60 8
62 8
63 8
65 8
67 8
68 8
69 8
72 8
73 8
75 8
76 8
78 8
82 8
83 8
85 8
87 8
91 8
94 8
98 8
100 8
1 9
2 9
4 9
6 9
7 9
11 9
12 9
18 9
21 9
24 9
25 9
27 9
31 9
32 9
34 9
35 9
36 9
39 9
40 9
43 9
45 9
47 9
48 9
52 9
54 9
57 9
62 9
63 9
65 9
66 9
67 9
69 9
70 9
72 9
74 9
76 9
78 9
79 9
80 9
84 9
87 9
89 9
91 9
92 9
93 9
96 9
99 9
100 9
1 10
2 10
3 10
4 10
7 10
9 10
12 10
18 10
19 10
21 10
22 10
24 10
26 10
34 10
37 10
42 10
43 10
44 10
46 10
48 10
50 10
51 10
53 10
54 10
55 10
56 10
58 10
62 10
64 10
65 10
67 10
69 10
70 10
71 10
74 10
76 10
77 10
79 10
80 10
82 10
86 10
92 10
93 10
97 10
2 11
3 11
5 11
6 11
8 11
9 11
10 11
11 11
12 11
15 11
17 11
19 11
20 11
22 11
24 11
25 11
27 11
28 11
29 11
30 11
33 11
35 11
36 11
37 11
38 11
40 11
41 11
48 11
50 11
53 11
62 11
63 11
64 11
65 11
67 11
69 11
75 11
76 11
78 11
81 11
82 11
84 11
85 11
86 11
87 11
88 11
92 11
93 11
94 11
95 11
96 11
97 11
98 11
99 11
100 11
2 12
3 12
4 12
6 12
10 12
11 12
16 12
18 12
19 12
22 12
28 12
29 12
30 12
31 12
32 12
34 12
38 12
39 12
40 12
41 12
44 12
45 12
46 12
47 12
48 12
49 12
50 12
51 12
52 12
53 12
55 12
60 12
64 12
65 12
66 12
75 12
77 12
78 12
79 12
80 12
82 12
83 12
84 12
89 12
90 12
93 12
96 12
97 12
98 12
1 13
5 13
7 13
8 13
13 13
14 13
15 13
17 13
19 13
21 13
22 13
23 13
24 13
25 13
26 13
27 13
28 13
29 13
33 13
37 13
41 13
43 13
46 13
50 13
54 13
55 13
57 13
60 13
62 13
65 13
66 13
69 13
71 13
74 13
78 13
84 13
87 13
90 13
92 13
93 13
94 13
95 13
96 13
97 13
98 13
100 13
5 14
7 14
9 14
10 14
13 14
14 14
21 14
25 14
26 14
29 14
35 14
38 14
39 14
40 14
42 14
43 14
44 14
45 14
46 14
47 14
49 14
50 14
51 14
54 14
58 14
59 14
62 14
63 14
65 14
68 14
71 14
72 14
74 14
75 14
77 14
79 14
80 14
81 14
82 14
85 14
87 14
91 14
93 14
95 14
96 14
97 14
98 14
99 14
100 14
1 15
2 15
4 15
8 15
9 15
16 15
17 15
20 15
22 15
23 15
24 15
26 15
28 15
35 15
36 15
37 15
38 15
41 15
45 15
49 15
50 15
54 15
55 15
56 15
60 15
61 15
66 15
69 15
70 15
71 15
72 15
76 15
82 15
84 15
86 15
87 15
88 15
90 15
91 15
93 15
94 15
95 15
100 15
1 16
3 16
4 16
5 16
8 16
10 16
14 16
17 16
18 16
19 16
20 16
21 16
22 16
23 16
25 16
27 16
35 16
38 16
40 16
41 16
42 16
43 16
45 16
47 16
48 16
49 16
50 16
51 16
52 16
53 16
56 16
62 16
67 16
70 16
79 16
80 16
81 16
82 16
83 16
84 16
85 16
86 16
87 16
88 16
90 16
92 16
93 16
95 16
96 16
98 16
99 16
5 17
8 17
12 17
18 17
20 17
22 17
23 17
24 17
26 17
29 17
30 17
31 17
32 17
33 17
34 17
36 17
38 17
39 17
43 17
44 17
46 17
58 17
59 17
60 17
61 17
64 17
65 17
66 17
68 17
69 17
71 17
74 17
76 17
77 17
78 17
79 17
80 17
82 17
86 17
87 17
88 17
90 17
92 17
93 17
98 17
100 17
1 18
4 18
7 18
8 18
9 18
10 18
13 18
14 18
15 18
17 18
19 18
20 18
23 18
25 18
26 18
28 18
30 18
31 18
35 18
36 18
41 18
43 18
44 18
45 18
46 18
48 18
50 18
53 18
54 18
55 18
56 18
58 18
59 18
60 18
65 18
67 18
71 18
73 18
77 18
83 18
84 18
86 18
87 18
88 18
90 18
92 18
93 18
96 18
97 18
98 18
100 18
1 19
8 19
9 19
10 19
11 19
12 19
13 19
21 19
24 19
27 19
29 19
30 19
34 19
35 19
37 19
38 19
39 19
41 19
44 19
46 19
48 19
49 19
50 19
52 19
53 19
54 19
57 19
60 19
64 19
66 19
70 19
75 19
77 19
80 19
82 19
83 19
84 19
85 19
86 19
87 19
90 19
91 19
92 19
95 19
99 19
100 19
1 20
2 20
3 20
5 20
9 20
11 20
13 20
15 20
16 20
18 20
19 20
21 20
23 20
30 20
33 20
34 20
38 20
40 20
43 20
44 20
50 20
51 20
52 20
53 20
55 20
59 20
60 20
62 20
63 20
64 20
65 20
66 20
67 20
68 20
72 20
74 20
75 20
76 20
78 20
84 20
85 20
88 20
91 20
92 20
95 20
96 20
98 20
1 21
6 21
7 21
9 21
13 21
14 21
15 21
17 21
19 21
20 21
21 21
24 21
25 21
30 21
31 21
32 21
34 21
35 21
37 21
39 21
42 21
45 21
46 21
47 21
49 21
50 21
54 21
57 21
58 21
59 21
60 21
61 21
63 21
64 21
65 21
68 21
69 21
71 21
72 21
73 21
74 21
76 21
77 21
79 21
81 21
86 21
87 21
88 21
91 21
94 21
96 21
98 21
99 21
1 22
2 22
7 22
11 22
12 22
14 22
15 22
17 22
18 22
19 22
21 22
22 22
25 22
26 22
28 22
29 22
31 22
33 22
36 22
37 22
40 22
42 22
43 22
47 22
50 22
53 22
54 22
56 22
61 22
63 22
65 22
69 22
71 22
72 22
75 22
77 22
78 22
80 22
81 22
83 22
84 22
85 22
87 22
88 22
90 22
92 22
93 22
95 22
98 22
1 23
2 23
3 23
4 23
7 23
9 23
10 23
11 23
12 23
15 23
16 23
18 23
21 23
22 23
23 23
30 23
31 23
35 23
36 23
38 23
39 23
40 23
44 23
46 23
48 23
49 23
52 23
54 23
55 23
56 23
58 23
65 23
69 23
70 23
71 23
72 23
73 23
74 23
75 23
76 23
77 23
80 23
81 23
84 23
86 23
87 23
91 23
95 23
97 23
98 23
99 23
1 24
2 24
3 24
5 24
6 24
7 24
9 24
12 24
17 24
19 24
23 24
24 24
25 24
27 24
29 24
30 24
34 24
35 24
37 24
38 24
39 24
41 24
44 24
45 24
46 24
47 24
48 24
49 24
52 24
53 24
54 24
55 24
63 24
65 24
67 24
69 24
70 24
72 24
77 24
78 24
79 24
80 24
87 24
89 24
90 24
91 24
92 24
97 24
1 25
3 25
4 25
5 25
6 25
9 25
14 25
17 25
20 25
21 25
22 25
23 25
25 25
29 25
30 25
31 25
34 25
35 25
36 25
38 25
40 25
41 25
43 25
44 25
45 25
46 25
53 25
55 25
56 25
58 25
64 25
65 25
66 25
71 25
73 25
74 25
78 25
79 25
81 25
84 25
86 25
88 25
89 25
90 25
91 25
94 25
97 25
99 25
100 25
1 26
2 26
3 26
4 26
5 26
7 26
8 26
10 26
13 26
15 26
16 26
17 26
19 26
21 26
22 26
23 26
24 26
28 26
30 26
32 26
35 26
36 26
40 26
41 26
42 26
45 26
50 26
53 26
54 26
55 26
57 26
58 26
62 26
64 26
65 26
68 26
71 26
72 26
75 26
76 26
79 26
81 26
83 26
84 26
85 26
86 26
88 26
90 26
94 26
95 26
96 26
98 26
99 26
100 26
2 27
4 27
5 27
9 27
10 27
12 27
13 27
14 27
22 27
26 27
29 27
30 27
31 27
33 27
34 27
35 27
36 27
37 27
39 27
45 27
47 27
48 27
49 27
51 27
56 27
59 27
60 27
61 27
63 27
67 27
70 27
72 27
73 27
79 27
80 27
81 27
82 27
87 27
91 27
92 27
93 27
99 27
100 27
3 28
4 28
8 28
10 28
12 28
13 28
16 28
17 28
18 28
19 28
21 28
22 28
25 28
27 28
29 28
33 28
35 28
36 28
38 28
39 28
41 28
42 28
45 28
46 28
47 28
50 28
54 28
59 28
62 28
63 28
75 28
76 28
77 28
81 28
84 28
86 28
88 28
89 28
92 28
93 28
94 28
95 28
96 28
1 29
6 29
7 29
9 29
12 29
13 29
15 29
16 29
19 29
21 29
24 29
27 29
30 29
32 29
33 29
36 29
37 29
38 29
39 29
40 29
41 29
42 29
43 29
45 29
47 29
51 29
53 29
57 29
58 29
60 29
63 29
64 29
66 29
69 29
71 29
72 29
73 29
74 29
75 29
76 29
77 29
78 29
81 29
83 29
87 29
88 29
91 29
95 29
97 29
98 29
1 30
3 30
4 30
8 30
11 30
14 30
16 30
20 30
21 30
22 30
25 30
26 30
27 30
29 30
31 30
32 30
33 30
34 30
37 30
41 30
42 30
49 30
52 30
54 30
55 30
56 30
58 30
59 30
60 30
61 30
62 30
63 30
64 30
66 30
71 30
72 30
73 30
78 30
79 30
80 30
81 30
85 30
87 30
88 30
89 30
90 30
91 30
92 30
93 30
94 30
95 30
96 30
98 30
100 30
1 31
3 31
5 31
7 31
8 31
9 31
11 31
13 31
14 31
16 31
24 31
26 31
29 31
31 31
34 31
38 31
39 31
40 31
46 31
47 31
49 31
50 31
53 31
54 31
55 31
56 31
57 31
60 31
62 31
64 31
68 31
70 31
71 31
72 31
75 31
78 31
80 31
81 31
82 31
83 31
85 31
86 31
87 31
88 31
90 31
91 31
95 31
100 31
1 32
2 32
3 32
4 32
6 32
8 32
9 32
12 32
13 32
14 32
15 32
16 32
17 32
18 32
20 32
26 32
27 32
29 32
32 32
33 32
35 32
36 32
37 32
38 32
40 32
41 32
42 32
47 32
49 32
51 32
53 32
54 32
57 32
58 32
60 32
61 32
62 32
64 32
68 32
71 32
74 32
78 32
80 32
83 32
85 32
86 32
90 32
93 32
94 32
97 32
99 32
100 32
1 33
2 33
3 33
4 33
7 33
10 33
11 33
12 33
14 33
15 33
16 33
17 33
18 33
19 33
21 33
24 33
27 33
28 33
32 33
33 33
34 33
35 33
37 33
40 33
41 33
44 33
45 33
46 33
48 33
50 33
51 33
52 33
53 33
54 33
56 33
57 33
59 33
60 33
61 33
63 33
64 33
65 33
67 33
70 33
71 33
74 33
75 33
80 33
85 33
87 33
88 33
90 33
92 33
94 33
95 33
96 33
98 33
100 33
5 34
6 34
9 34
11 34
12 34
13 34
18 34
19 34
22 34
23 34
26 34
27 34
28 34
36 34
40 34
42 34
43 34
46 34
47 34
48 34
51 34
53 34
55 34
57 34
58 34
61 34
62 34
63 34
65 34
66 34
68 34
71 34
72 34
75 34
76 34
78 34
79 34
81 34
82 34
83 34
88 34
89 34
90 34
91 34
93 34
94 34
96 34
98 34
99 34
100 34
6 35
7 35
8 35
9 35
11 35
13 35
14 35
15 35
16 35
18 35
19 35
21 35
23 35
25 35
27 35
33 35
34 35
37 35
41 35
42 35
44 35
45 35
47 35
52 35
54 35
56 35
59 35
60 35
61 35
63 35
64 35
70 35
71 35
73 35
74 35
76 35
78 35
81 35
83 35
87 35
90 35
91 35
93 35
96 35
2 36
3 36
4 36
5 36
6 36
10 36
11 36
13 36
14 36
18 36
20 36
22 36
23 36
27 36
34 36
35 36
36 36
37 36
38 36
39 36
42 36
43 36
45 36
47 36
48 36
49 36
50 36
52 36
53 36
56 36
58 36
60 36
66 36
67 36
70 36
73 36
74 36
76 36
77 36
81 36
82 36
83 36
85 36
86 36
87 36
88 36
91 36
92 36
93 36
94 36
95 36
97 36
4 37
8 37
11 37
13 37
14 37
15 37
16 37
18 37
19 37
20 37
21 37
22 37
26 37
28 37
29 37
31 37
32 37
36 37
37 37
38 37
39 37
40 37
44 37
45 37
46 37
47 37
50 37
54 37
55 37
56 37
60 37
62 37
63 37
65 37
71 37
74 37
78 37
79 37
80 37
82 37
84 37
85 37
86 37
87 37
91 37
94 37
95 37
97 37
99 37
100 37
1 38
3 38
4 38
5 38
6 38
7 38
9 38
16 38
17 38
18 38
20 38
22 38
23 38
26 38
27 38
29 38
31 38
38 38
39 38
40 38
44 38
45 38
47 38
48 38
51 38
54 38
55 38
60 38
62 38
63 38
65 38
66 38
68 38
69 38
70 38
72 38
73 38
74 38
75 38
76 38
80 38
81 38
82 38
83 38
84 38
85 38
87 38
89 38
90 38
92 38
93 38
95 38
96 38
99 38
100 38
2 39
4 39
6 39
10 39
12 39
17 39
18 39
19 39
20 39
21 39
25 39
31 39
34 39
35 39
36 39
37 39
42 39
45 39
48 39
51 39
53 39
54 39
55 39
56 39
57 39
58 39
59 39
60 39
61 39
62 39
64 39
65 39
69 39
70 39
72 39
75 39
76 39
79 39
80 39
81 39
83 39
84 39
85 39
86 39
88 39
89 39
93 39
94 39
96 39
99 39
1 40
2 40
6 40
7 40
8 40
9 40
10 40
11 40
12 40
17 40
19 40
21 40
22 40
25 40
26 40
27 40
29 40
30 40
32 40
33 40
34 40
35 40
36 40
37 40
38 40
39 40
41 40
42 40
43 40
44 40
45 40
47 40
48 40
49 40
50 40
53 40
55 40
56 40
58 40
59 40
60 40
61 40
62 40
63 40
65 40
67 40
68 40
70 40
71 40
72 40
73 40
74 40
76 40
77 40
80 40
81 40
83 40
84 40
88 40
89 40
90 40
92 40
94 40
96 40
97 40
99 40
1 41
3 41
6 41
7 41
9 41
10 41
11 41
13 41
15 41
16 41
21 41
22 41
23 41
25 41
31 41
32 41
35 41
36 41
37 41
38 41
40 41
42 41
43 41
47 41
48 41
51 41
53 41
55 41
56 41
57 41
62 41
63 41
65 41
66 41
67 41
70 41
71 41
72 41
78 41
80 41
82 41
86 41
87 41
89 41
90 41
91 41
92 41
96 41
98 41
1 42
14 42
16 42
18 42
19 42
20 42
21 42
22 42
24 42
25 42
26 42
29 42
31 42
32 42
34 42
38 42
42 42
43 42
45 42
46 42
48 42
51 42
52 42
53 42
54 42
58 42
60 42
61 42
62 42
63 42
65 42
68 42
71 42
73 42
76 42
78 42
80 42
85 42
86 42
88 42
89 42
93 42
94 42
95 42
96 42
97 42
99 42
1 43
3 43
4 43
5 43
7 43
8 43
9 43
10 43
13 43
15 43
16 43
17 43
18 43
20 43
21 43
23 43
25 43
30 43
32 43
38 43
39 43
40 43
41 43
45 43
46 43
47 43
50 43
51 43
52 43
53 43
54 43
57 43
58 43
59 43
60 43
62 43
64 43
66 43
68 43
74 43
75 43
76 43
77 43
78 43
81 43
83 43
84 43
86 43
88 43
89 43
91 43
96 43
98 43
99 43
100 43
1 44
3 44
4 44
14 44
16 44
17 44
18 44
21 44
22 44
25 44
29 44
30 44
31 44
33 44
35 44
37 44
38 44
39 44
41 44
45 44
46 44
50 44
54 44
55 44
57 44
59 44
60 44
64 44
66 44
68 44
75 44
79 44
82 44
85 44
87 44
92 44
94 44
95 44
97 44
1 45
2 45
4 45
5 45
6 45
11 45
12 45
14 45
15 45
19 45
21 45
22 45
23 45
26 45
27 45
28 45
31 45
33 45
34 45
37 45
38 45
40 45
41 45
42 45
43 45
49 45
50 45
51 45
53 45
56 45
58 45
59 45
61 45
63 45
64 45
65 45
66 45
68 45
69 45
70 45
71 45
72 45
73 45
75 45
76 45
77 45
78 45
79 45
85 45
86 45
88 45
90 45
94 45
97 45
98 45
100 45
1 46
2 46
6 46
10 46
12 46
13 46
15 46
16 46
17 46
18 46
19 46
23 46
24 46
26 46
27 46
28 46
30 46
33 46
34 46
37 46
38 46
41 46
42 46
43 46
44 46
46 46
47 46
48 46
49 46
51 46
55 46
58 46
61 46
62 46
65 46
66 46
70 46
72 46
74 46
75 46
76 46
80 46
81 46
82 46
83 46
85 46
86 46
89 46
91 46
97 46
98 46
100 46
1 47
3 47
6 47
7 47
8 47
10 47
14 47
15 47
16 47
17 47
18 47
21 47
24 47
25 47
26 47
27 47
28 47
29 47
34 47
37 47
39 47
40 47
42 47
44 47
45 47
46 47
55 47
56 47
57 47
58 47
60 47
61 47
64 47
65 47
67 47
69 47
70 47
72 47
73 47
75 47
76 47
77 47
80 47
85 47
86 47
87 47
89 47
91 47
92 47
94 47
95 47
97 47
98 47
99 47
100 47
1 48
2 48
3 48
4 48
5 48
7 48
9 48
10 48
11 48
13 48
15 48
20 48
25 48
26 48
29 48
32 48
34 48
39 48
40 48
42 48
45 48
48 48
49 48
51 48
52 48
54 48
55 48
62 48
63 48
65 48
68 48
72 48
78 48
79 48
81 48
82 48
83 48
84 48
85 48
86 48
90 48
92 48
96 48
99 48
2 49
3 49
4 49
6 49
8 49
10 49
12 49
14 49
15 49
18 49
19 49
20 49
23 49
27 49
28 49
29 49
30 49
31 49
36 49
40 49
41 49
42 49
44 49
45 49
46 49
47 49
48 49
51 49
55 49
56 49
62 49
63 49
64 49
67 49
68 49
70 49
73 49
74 49
80 49
81 49
83 49
84 49
85 49
87 49
94 49
95 49
96 49
98 49
1 50
3 50
4 50
5 50
6 50
7 50
8 50
10 50
13 50
15 50
16 50
19 50
23 50
24 50
25 50
26 50
27 50
28 50
30 50
31 50
32 50
33 50
35 50
36 50
39 50
40 50
44 50
45 50
46 50
48 50
49 50
50 50
51 50
52 50
53 50
56 50
57 50
59 50
68 50
69 50
70 50
71 50
72 50
73 50
78 50
80 50
83 50
87 50
89 50
90 50
91 50
94 50
95 50
98 50
99 50
100 50
1 51
2 51
5 51
7 51
8 51
9 51
10 51
14 51
15 51
18 51
21 51
27 51
35 51
40 51
41 51
44 51
45 51
46 51
48 51
49 51
50 51
54 51
55 51
57 51
58 51
59 51
61 51
63 51
65 51
66 51
67 51
70 51
72 51
75 51
76 51
77 51
79 51
84 51
86 51
88 51
89 51
90 51
91 51
93 51
95 51
2 52
3 52
5 52
6 52
7 52
8 52
9 52
16 52
18 52
19 52
20 52
21 52
23 52
25 52
30 52
32 52
37 52
38 52
39 52
40 52
42 52
44 52
45 52
49 52
54 52
55 52
57 52
58 52
59 52
60 52
61 52
62 52
63 52
64 52
67 52
68 52
69 52
71 52
77 52
78 52
83 52
85 52
90 52
91 52
93 52
96 52
98 52
2 53
3 53
4 53
6 53
7 53
8 53
9 53
10 53
11 53
13 53
14 53
15 53
16 53
18 53
19 53
24 53
25 53
26 53
29 53
35 53
36 53
37 53
38 53
41 53
44 53
46 53
47 53
52 53
57 53
58 53
61 53
64 53
66 53
68 53
70 53
72 53
75 53
76 53
77 53
81 53
84 53
86 53
87 53
88 53
89 53
96 53
98 53
99 53
100 53
1 54
4 54
5 54
6 54
13 54
16 54
18 54
19 54
20 54
22 54
23 54
24 54
27 54
34 54
35 54
36 54
37 54
38 54
39 54
42 54
43 54
49 54
51 54
53 54
54 54
56 54
57 54
58 54
60 54
62 54
63 54
67 54
70 54
71 54
72 54
74 54
79 54
80 54
81 54
85 54
87 54
88 54
89 54
90 54
93 54
98 54
99 54
100 54
2 55
6 55
8 55
9 55
10 55
13 55
14 55
15 55
22 55
23 55
24 55
25 55
27 55
29 55
33 55
34 55
35 55
37 55
39 55
42 55
45 55
46 55
47 55
49 55
56 55
58 55
59 55
61 55
62 55
63 55
67 55
68 55
69 55
72 55
75 55
77 55
79 55
81 55
87 55
91 55
95 55
96 55
100 55
1 56
7 56
8 56
9 56
12 56
13 56
14 56
15 56
16 56
18 56
20 56
25 56
27 56
28 56
29 56
31 56
32 56
33 56
34 56
35 56
40 56
44 56
45 56
48 56
49 56
50 56
51 56
52 56
55 56
56 56
58 56
60 56
61 56
63 56
64 56
68 56
73 56
76 56
77 56
78 56
79 56
82 56
83 56
84 56
85 56
86 56
88 56
90 56
91 56
92 56
93 56
94 56
95 56
96 56
98 56
99 56
100 56
2 57
3 57
5 57
6 57
7 57
8 57
13 57
14 57
15 57
16 57
17 57
21 57
23 57
25 57
30 57
32 57
34 57
35 57
36 57
37 57
40 57
42 57
48 57
49 57
52 57
55 57
56 57
60 57
61 57
62 57
63 57
68 57
69 57
70 57
73 57
74 57
77 57
78 57
79 57
82 57
83 57
84 57
86 57
88 57
92 57
93 57
94 57
96 57
99 57
100 57
5 58
9 58
10 58
12 58
13 58
17 58
21 58
22 58
23 58
24 58
29 58
33 58
34 58
38 58
39 58
41 58
42 58
45 58
46 58
50 58
52 58
56 58
58 58
61 58
66 58
67 58
69 58
70 58
75 58
76 58
77 58
78 58
79 58
80 58
81 58
82 58
83 58
84 58
86 58
88 58
89 58
90 58
91 58
93 58
97 58
1 59
2 59
4 59
5 59
6 59
7 59
10 59
11 59
13 59
14 59
18 59
19 59
20 59
25 59
29 59
30 59
31 59
32 59
34 59
36 59
38 59
41 59
45 59
48 59
51 59
53 59
54 59
55 59
57 59
58 59
59 59
60 59
65 59
67 59
68 59
69 59
74 59
76 59
77 59
86 59
88 59
91 59
92 59
93 59
95 59
96 59
97 59
100 59
2 60
4 60
8 60
9 60
12 60
13 60
14 60
16 60
18 60
19 60
22 60
23 60
25 60
26 60
27 60
28 60
29 60
30 60
33 60
35 60
36 60
38 60
39 60
40 60
43 60
45 60
48 60
49 60
50 60
51 60
53 60
57 60
59 60
60 60
61 60
63 60
65 60
66 60
67 60
68 60
70 60
71 60
73 60
76 60
79 60
80 60
83 60
85 60
86 60
90 60
92 60
93 60
94 60
95 60
98 60
99 60
100 60
1 61
6 61
7 61
9 61
11 61
12 61
18 61
21 61
26 61
29 61
33 61
34 61
35 61
36 61
37 61
39 61
40 61
43 61
44 61
47 61
49 61
50 61
52 61
53 61
56 61
59 61
61 61
63 61
67 61
70 61
71 61
72 61
74 61
78 61
79 61
81 61
85 61
86 61
89 61
91 61
93 61
94 61
95 61
97 61
98 61
100 61
1 62
5 62
8 62
10 62
12 62
15 62
16 62
18 62
19 62
20 62
23 62
28 62
30 62
32 62
33 62
36 62
37 62
41 62
42 62
44 62
45 62
47 62
51 62
53 62
56 62
57 62
58 62
62 62
64 62
65 62
67 62
68 62
69 62
76 62
77 62
79 62
81 62
82 62
83 62
84 62
85 62
87 62
88 62
90 62
91 62
93 62
97 62
99 62
1 63
2 63
3 63
5 63
6 63
7 63
9 63
10 63
11 63
13 63
14 63
15 63
17 63
18 63
19 63
20 63
21 63
22 63
26 63
27 63
28 63
32 63
33 63
35 63
42 63
43 63
45 63
46 63
47 63
48 63
51 63
52 63
54 63
56 63
57 63
58 63
59 63
62 63
65 63
66 63
70 63
71 63
72 63
74 63
75 63
76 63
79 63
82 63
83 63
87 63
88 63
89 63
90 63
91 63
92 63
93 63
98 63
99 63
2 64
4 64
5 64
6 64
9 64
10 64
11 64
17 64
21 64
24 64
25 64
26 64
28 64
31 64
33 64
34 64
39 64
44 64
46 64
50 64
51 64
54 64
55 64
60 64
63 64
64 64
67 64
68 64
69 64
72 64
75 64
76 64
78 64
81 64
82 64
84 64
85 64
86 64
87 64
89 64
90 64
93 64
98 64
2 65
3 65
5 65
6 65
8 65
10 65
15 65
21 65
22 65
23 65
26 65
27 65
28 65
29 65
30 65
31 65
32 65
33 65
34 65
37 65
40 65
41 65
42 65
43 65
46 65
47 65
49 65
50 65
52 65
54 65
56 65
58 65
69 65
73 65
79 65
81 65
83 65
84 65
90 65
91 65
93 65
94 65
95 65
96 65
98 65
100 65
2 66
4 66
5 66
6 66
8 66
9 66
10 66
11 66
12 66
13 66
14 66
15 66
16 66
17 66
18 66
19 66
21 66
22 66
23 66
24 66
25 66
26 66
28 66
30 66
31 66
33 66
34 66
41 66
42 66
44 66
47 66
50 66
51 66
54 66
57 66
59 66
61 66
64 66
68 66
69 66
74 66
76 66
79 66
80 66
81 66
84 66
86 66
89 66
90 66
91 66
94 66
96 66
97 66
2 67
3 67
6 67
10 67
11 67
13 67
16 67
17 67
18 67
21 67
23 67
24 67
25 67
30 67
31 67
32 67
34 67
38 67
40 67
41 67
43 67
48 67
53 67
54 67
56 67
61 67
62 67
66 67
70 67
72 67
74 67
75 67
76 67
77 67
78 67
79 67
83 67
84 67
86 67
91 67
92 67
94 67
95 67
98 67
2 68
5 68
6 68
8 68
12 68
13 68
15 68
17 68
18 68
19 68
22 68
26 68
29 68
30 68
31 68
32 68
33 68
34 68
36 68
39 68
41 68
43 68
47 68
49 68
51 68
55 68
58 68
63 68
64 68
65 68
66 68
68 68
69 68
70 68
71 68
72 68
74 68
76 68
79 68
80 68
83 68
84 68
87 68
90 68
95 68
97 68
99 68
2 69
4 69
6 69
9 69
11 69
12 69
16 69
20 69
24 69
25 69
26 69
28 69
29 69
30 69
33 69
35 69
36 69
37 69
38 69
40 69
44 69
46 69
47 69
49 69
51 69
52 69
53 69
54 69
56 69
57 69
58 69
60 69
61 69
64 69
73 69
74 69
76 69
78 69
80 69
82 69
83 69
84 69
86 69
88 69
89 69
90 69
92 69
93 69
94 69
95 69
96 69
98 69
100 69
1 70
2 70
6 70
8 70
9 70
10 70
13 70
14 70
15 70
16 70
18 70
22 70
24 70
25 70
29 70
30 70
31 70
34 70
36 70
38 70
40 70
41 70
42 70
44 70
45 70
46 70
47 70
48 70
49 70
51 70
52 70
54 70
55 70
56 70
57 70
58 70
59 70
61 70
62 70
64 70
65 70
66 70
67 70
68 70
70 70
71 70
72 70
73 70
74 70
75 70
76 70
77 70
78 70
80 70
84 70
85 70
89 70
90 70
93 70
94 70
95 70
96 70
99 70
100 70
5 71
7 71
10 71
12 71
15 71
19 71
21 71
25 71
26 71
28 71
30 71
32 71
34 71
35 71
37 71
40 71
43 71
44 71
45 71
47 71
50 71
59 71
62 71
64 71
68 71
70 71
71 71
73 71
74 71
76 71
77 71
78 71
89 71
91 71
93 71
95 71
99 71
2 72
6 72
7 72
10 72
11 72
13 72
14 72
15 72
18 72
19 72
20 72
21 72
22 72
25 72
26 72
27 72
28 72
31 72
32 72
33 72
35 72
36 72
37 72
38 72
39 72
40 72
42 72
43 72
44 72
45 72
48 72
49 72
52 72
54 72
56 72
60 72
61 72
63 72
64 72
70 72
71 72
72 72
73 72
74 72
80 72
81 72
83 72
85 72
86 72
87 72
90 72
91 72
93 72
97 72
98 72
2 73
3 73
5 73
6 73
8 73
9 73
10 73
17 73
18 73
19 73
20 73
21 73
24 73
25 73
27 73
28 73
29 73
32 73
35 73
37 73
41 73
42 73
43 73
46 73
47 73
48 73
49 73
50 73
53 73
54 73
55 73
58 73
60 73
62 73
65 73
66 73
70 73
73 73
74 73
75 73
76 73
77 73
78 73
79 73
81 73
82 73
85 73
87 73
88 73
90 73
91 73
93 73
94 73
95 73
99 73
100 73
3 74
4 74
5 74
8 74
11 74
13 74
15 74
16 74
21 74
22 74
23 74
24 74
26 74
27 74
28 74
33 74
34 74
36 74
38 74
39 74
44 74
45 74
47 74
48 74
49 74
51 74
52 74
53 74
58 74
60 74
61 74
62 74
66 74
68 74
69 74
72 74
74 74
75 74
77 74
79 74
80 74
81 74
87 74
89 74
90 74
100 74
1 75
3 75
7 75
8 75
9 75
11 75
12 75
14 75
15 75
18 75
19 75
20 75
21 75
22 75
23 75
25 75
28 75
29 75
31 75
32 75
36 75
37 75
38 75
39 75
41 75
42 75
46 75
47 75
50 75
52 75
55 75
58 75
62 75
64 75
65 75
67 75
68 75
69 75
71 75
72 75
74 75
75 75
77 75
79 75
80 75
81 75
82 75
84 75
85 75
86 75
87 75
88 75
90 75
91 75
93 75
95 75
97 75
98 75
100 75
1 76
3 76
4 76
6 76
8 76
11 76
13 76
14 76
15 76
17 76
18 76
23 76
26 76
27 76
29 76
30 76
33 76
35 76
37 76
38 76
42 76
45 76
47 76
49 76
50 76
55 76
56 76
57 76
59 76
60 76
61 76
62 76
64 76
65 76
66 76
67 76
68 76
72 76
75 76
80 76
89 76
91 76
92 76
93 76
95 76
96 76
97 76
2 77
3 77
4 77
5 77
7 77
8 77
10 77
11 77
13 77
14 77
15 77
17 77
18 77
19 77
20 77
21 77
23 77
24 77
27 77
28 77
30 77
31 77
32 77
34 77
35 77
36 77
40 77
43 77
44 77
48 77
49 77
51 77
52 77
53 77
55 77
58 77
59 77
64 77
65 77
67 77
70 77
71 77
72 77
73 77
74 77
78 77
79 77
80 77
86 77
87 77
88 77
89 77
90 77
91 77
93 77
99 77
1 78
3 78
4 78
5 78
10 78
11 78
12 78
13 78
17 78
22 78
23 78
24 78
26 78
27 78
28 78
30 78
33 78
34 78
35 78
36 78
38 78
39 78
40 78
43 78
44 78
45 78
46 78
47 78
49 78
55 78
56 78
59 78
61 78
63 78
64 78
65 78
66 78
68 78
69 78
70 78
71 78
75 78
77 78
79 78
80 78
81 78
82 78
83 78
87 78
89 78
92 78
96 78
97 78
99 78
100 78
1 79
2 79
5 79
7 79
9 79
11 79
17 79
18 79
19 79
25 79
26 79
27 79
28 79
29 79
32 79
34 79
35 79
36 79
41 79
43 79
45 79
46 79
50 79
55 79
56 79
57 79
58 79
61 79
67 79
70 79
71 79
72 79
73 79
74 79
78 79
82 79
90 79
91 79
92 79
95 79
97 79
99 79
100 79
3 80
4 80
8 80
10 80
13 80
14 80
22 80
23 80
24 80
25 80
28 80
29 80
30 80
31 80
34 80
40 80
42 80
44 80
45 80
46 80
48 80
50 80
52 80
54 80
56 80
57 80
60 80
62 80
63 80
64 80
66 80
67 80
68 80
69 80
70 80
73 80
74 80
76 80
78 80
80 80
84 80
85 80
87 80
88 80
89 80
91 80
92 80
94 80
95 80
98 80
2 81
3 81
4 81
5 81
6 81
9 81
12 81
13 81
15 81
24 81
26 81
31 81
33 81
36 81
37 81
39 81
40 81
43 81
46 81
48 81
49 81
50 81
51 81
52 81
54 81
57 81
58 81
60 81
65 81
68 81
69 81
71 81
72 81
74 81
79 81
83 81
85 81
86 81
87 81
91 81
93 81
95 81
97 81
100 81
1 82
3 82
4 82
5 82
6 82
8 82
10 82
14 82
16 82
18 82
20 82
22 82
23 82
25 82
27 82
30 82
31 82
32 82
33 82
34 82
35 82
37 82
38 82
41 82
42 82
43 82
51 82
52 82
53 82
59 82
60 82
61 82
65 82
68 82
69 82
70 82
73 82
78 82
80 82
85 82
86 82
87 82
88 82
89 82
91 82
92 82
96 82
98 82
2 83
5 83
6 83
7 83
9 83
12 83
14 83
17 83
18 83
19 83
21 83
23 83
24 83
25 83
27 83
32 83
33 83
35 83
37 83
38 83
40 83
41 83
43 83
44 83
49 83
51 83
54 83
55 83
58 83
60 83
71 83
72 83
75 83
76 83
77 83
78 83
80 83
81 83
84 83
86 83
87 83
88 83
91 83
93 83
95 83
96 83
100 83
3 84
6 84
8 84
12 84
13 84
16 84
19 84
24 84
28 84
29 84
30 84
32 84
33 84
34 84
41 84
43 84
44 84
47 84
52 84
53 84
55 84
56 84
57 84
59 84
61 84
64 84
65 84
68 84
69 84
70 84
74 84
75 84
77 84
79 84
80 84
81 84
82 84
83 84
86 84
87 84
88 84
91 84
92 84
94 84
96 84
98 84
99 84
1 85
2 85
4 85
6 85
8 85
9 85
12 85
15 85
16 85
17 85
18 85
19 85
21 85
22 85
23 85
24 85
27 85
30 85
31 85
36 85
38 85
40 85
41 85
43 85
46 85
47 85
48 85
49 85
50 85
51 85
52 85
56 85
57 85
58 85
59 85
60 85
63 85
64 85
66 85
68 85
72 85
73 85
74 85
77 85
79 85
81 85
82 85
84 85
87 85
88 85
89 85
92 85
95 85
97 85
98 85
99 85
2 86
3 86
4 86
8 86
9 86
11 86
12 86
13 86
16 86
17 86
18 86
20 86
21 86
25 86
29 86
30 86
34 86
37 86
38 86
42 86
46 86
47 86
49 86
53 86
56 86
58 86
60 86
61 86
64 86
65 86
67 86
68 86
69 86
71 86
73 86
75 86
76 86
77 86
78 86
84 86
87 86
88 86
89 86
91 86
92 86
94 86
95 86
96 86
98 86
99 86
1 87
6 87
7 87
8 87
9 87
12 87
14 87
15 87
16 87
18 87
19 87
21 87
22 87
23 87
25 87
26 87
31 87
35 87
37 87
38 87
39 87
44 87
47 87
49 87
52 87
56 87
57 87
60 87
63 87
64 87
65 87
66 87
67 87
74 87
80 87
82 87
84 87
86 87
88 87
89 87
91 87
95 87
97 87
98 87
99 87
3 88
8 88
9 88
16 88
17 88
21 88
22 88
24 88
26 88
27 88
28 88
32 88
34 88
37 88
41 88
42 88
43 88
45 88
50 88
52 88
54 88
56 88
57 88
58 88
59 88
66 88
67 88
71 88
72 88
73 88
74 88
76 88
78 88
79 88
80 88
81 88
82 88
85 88
86 88
87 88
90 88
92 88
93 88
94 88
97 88
99 88
1 89
2 89
7 89
9 89
11 89
15 89
16 89
18 89
20 89
21 89
25 89
26 89
27 89
29 89
31 89
33 89
36 89
37 89
40 89
42 89
45 89
46 89
47 89
49 89
51 89
52 89
53 89
59 89
60 89
61 89
62 89
67 89
70 89
71 89
72 89
73 89
77 89
78 89
79 89
82 89
84 89
85 89
89 89
90 89
92 89
93 89
96 89
99 89
2 90
4 90
5 90
7 90
12 90
17 90
18 90
19 90
22 90
23 90
24 90
25 90
32 90
33 90
34 90
36 90
38 90
39 90
40 90
43 90
46 90
47 90
50 90
53 90
54 90
56 90
60 90
61 90
65 90
67 90
68 90
69 90
71 90
72 90
73 90
74 90
75 90
80 90
81 90
83 90
84 90
85 90
87 90
88 90
92 90
93 90
94 90
96 90
97 90
2 91
5 91
8 91
10 91
12 91
13 91
14 91
16 91
17 91
18 91
20 91
21 91
25 91
27 91
28 91
31 91
32 91
33 91
35 91
37 91
38 91
44 91
47 91
48 91
49 91
51 91
52 91
56 91
57 91
58 91
60 91
61 91
62 91
64 91
66 91
68 91
69 91
73 91
74 91
75 91
77 91
79 91
83 91
88 91
90 91
93 91
94 91
95 91
96 91
1 92
2 92
4 92
5 92
7 92
8 92
9 92
13 92
14 92
21 92
24 92
25 92
26 92
27 92
28 92
31 92
32 92
33 92
37 92
42 92
43 92
45 92
46 92
47 92
49 92
50 92
52 92
53 92
56 92
61 92
62 92
63 92
64 92
66 92
67 92
69 92
71 92
74 92
75 92
77 92
78 92
79 92
84 92
87 92
90 92
91 92
92 92
94 92
100 92
1 93
3 93
4 93
5 93
6 93
8 93
9 93
12 93
13 93
14 93
15 93
19 93
20 93
25 93
26 93
27 93
28 93
29 93
31 93
33 93
36 93
39 93
40 93
45 93
48 93
49 93
50 93
52 93
54 93
55 93
59 93
60 93
62 93
63 93
64 93
65 93
66 93
67 93
69 93
71 93
72 93
74 93
75 93
76 93
81 93
89 93
90 93
93 93
95 93
99 93
4 94
6 94
7 94
10 94
11 94
12 94
14 94
15 94
16 94
17 94
19 94
20 94
22 94
23 94
24 94
27 94
30 94
33 94
34 94
37 94
38 94
42 94
43 94
44 94
45 94
46 94
48 94
49 94
51 94
52 94
55 94
57 94
58 94
61 94
62 94
63 94
65 94
67 94
69 94
70 94
72 94
75 94
77 94
81 94
84 94
87 94
91 94
92 94
94 94
95 94
96 94
1 95
2 95
3 95
4 95
6 95
7 95
9 95
14 95
16 95
18 95
19 95
25 95
30 95
31 95
33 95
34 95
36 95
37 95
38 95
40 95
42 95
43 95
47 95
51 95
52 95
55 95
58 95
59 95
60 95
61 95
62 95
63 95
64 95
65 95
66 95
67 95
68 95
69 95
70 95
71 95
83 95
84 95
87 95
89 95
93 95
94 95
95 95
96 95
97 95
98 95
99 95
100 95
1 96
2 96
3 96
5 96
8 96
12 96
15 96
16 96
17 96
19 96
20 96
21 96
24 96
25 96
26 96
30 96
32 96
34 96
38 96
41 96
42 96
44 96
47 96
48 96
50 96
52 96
53 96
55 96
56 96
58 96
63 96
65 96
69 96
70 96
76 96
78 96
79 96
81 96
82 96
84 96
87 96
88 96
90 96
92 96
95 96
97 96
98 96
1 97
2 97
3 97
6 97
7 97
9 97
10 97
14 97
16 97
20 97
25 97
28 97
30 97
34 97
35 97
36 97
37 97
42 97
46 97
50 97
51 97
53 97
54 97
56 97
58 97
59 97
60 97
62 97
64 97
66 97
67 97
68 97
69 97
71 97
73 97
75 97
76 97
77 97
78 97
81 97
83 97
85 97
86 97
89 97
93 97
94 97
95 97
97 97
99 97
1 98
2 98
5 98
6 98
9 98
10 98
13 98
15 98
17 98
22 98
23 98
24 98
26 98
27 98
33 98
35 98
36 98
37 98
38 98
39 98
40 98
41 98
42 98
46 98
47 98
49 98
50 98
55 98
56 98
60 98
61 98
63 98
64 98
65 98
66 98
69 98
71 98
72 98
73 98
75 98
77 98
78 98
83 98
84 98
85 98
87 98
88 98
93 98
96 98
97 98
3 99
4 99
5 99
6 99
7 99
9 99
10 99
16 99
17 99
19 99
20 99
21 99
22 99
28 99
29 99
30 99
32 99
33 99
34 99
37 99
38 99
41 99
42 99
43 99
46 99
48 99
49 99
52 99
58 99
60 99
62 99
64 99
65 99
66 99
68 99
70 99
74 99
76 99
77 99
78 99
84 99
85 99
88 99
89 99
92 99
98 99
100 99
2 100
3 100
4 100
5 100
8 100
9 100
10 100
13 100
14 100
17 100
19 100
20 100
22 100
24 100
25 100
30 100
32 100
33 100
35 100
40 100
41 100
42 100
43 100
44 100
48 100
50 100
51 100
52 100
55 100
56 100
59 100
63 100
65 100
66 100
67 100
68 100
69 100
70 100
71 100
73 100
74 100
75 100
79 100
80 100
81 100
82 100
86 100
87 100
88 100
97 100
99 100
100 100
