100
1 1
4 1
7 1
9 1
10 1
11 1
12 1
18 1
20 1
25 1
26 1
27 1
32 1
34 1
35 1
37 1
38 1
39 1
42 1
44 1
45 1
46 1
48 1
49 1
55 1
59 1
60 1
64 1
66 1
68 1
70 1
73 1
77 1
78 1
79 1
81 1
82 1
86 1
87 1
89 1
96 1
98 1
99 1
1 2
2 2
3 2
4 2
6 2
8 2
9 2
11 2
12 2
13 2
14 2
17 2
19 2
21 2
22 2
25 2
26 2
27 2
28 2
29 2
31 2
35 2
36 2
38 2
39 2
41 2
43 2
46 2
48 2
49 2
53 2
54 2
55 2
62 2
64 2
66 2
67 2
69 2
72 2
77 2
78 2
80 2
81 2
82 2
83 2
84 2
89 2
91 2
92 2
97 2
98 2
99 2
1 3
2 3
3 3
5 3
7 3
9 3
10 3
11 3
12 3
17 3
18 3
19 3
20 3
21 3
23 3
24 3
29 3
30 3
32 3
33 3
36 3
39 3
44 3
45 3
46 3
49 3
51 3
58 3
61 3
63 3
65 3
67 3
69 3
71 3
73 3
74 3
75 3
76 3
77 3
79 3
80 3
83 3
85 3
89 3
90 3
91 3
97 3
99 3
3 4
4 4
5 4
10 4
12 4
13 4
14 4
16 4
17 4
19 4
21 4
23 4
27 4
28 4
31 4
32 4
34 4
35 4
36 4
39 4
41 4
42 4
45 4
46 4
50 4
51 4
52 4
53 4
57 4
60 4
61 4
62 4
63 4
65 4
73 4
74 4
75 4
76 4
77 4
80 4
83 4
84 4
85 4
88 4
89 4
90 4
93 4
94 4
99 4
100 4
5 5
9 5
11 5
15 5
18 5
19 5
21 5
22 5
26 5
28 5
30 5
31 5
36 5
37 5
38 5
43 5
45 5
50 5
51 5
54 5
55 5
57 5
58 5
61 5
63 5
64 5
67 5
70 5
71 5
72 5
73 5
74 5
76 5
78 5
83 5
84 5
86 5
87 5
88 5
89 5
91 5
94 5
96 5
97 5
98 5
3 6
4 6
6 6
15 6
16 6
20 6
24 6
25 6
31 6
32 6
33 6
41 6
42 6
43 6
44 6
46 6
48 6
54 6
56 6
59 6
65 6
67 6
68 6
69 6
70 6
72 6
73 6
74 6
75 6
76 6
78 6
79 6
80 6
81 6
82 6
84 6
87 6
89 6
90 6
93 6
95 6
96 6
1 7
3 7
4 7
5 7
9 7
15 7
16 7
21 7
24 7
25 7
28 7
30 7
32 7
33 7
35 7
37 7
39 7
42 7
43 7
44 7
45 7
47 7
48 7
50 7
51 7
54 7
56 7
57 7
61 7
62 7
63 7
64 7
65 7
67 7
71 7
72 7
73 7
74 7
75 7
76 7
77 7
79 7
82 7
83 7
84 7
87 7
89 7
99 7
100 7
2 8
7 8
9 8
10 8
11 8
12 8
18 8
24 8
27 8
28 8
29 8
32 8
34 8
35 8
37 8
38 8
39 8
40 8
41 8
42 8
44 8
45 8
47 8
48 8
52 8
55 8
56 8
57 8
58 8
59 8
60 8
61 8
66 8
67 8
70 8
71 8
73 8
75 8
77 8
78 8
79 8
80 8
81 8
82 8
83 8
84 8
86 8
87 8
88 8
98 8
100 8
2 9
5 9
10 9
11 9
13 9
15 9
16 9
18 9
20 9
21 9
23 9
25 9
31 9
32 9
34 9
36 9
37 9
38 9
40 9
41 9
45 9
46 9
48 9
51 9
52 9
54 9
55 9
56 9
57 9
59 9
61 9
62 9
68 9
70 9
72 9
73 9
75 9
76 9
80 9
81 9
84 9
85 9
86 9
87 9
93 9
95 9
98 9
100 9
2 10
6 10
7 10
9 10
10 10
14 10
17 10
19 10
22 10
23 10
31 10
32 10
33 10
34 10
41 10
42 10
47 10
48 10
50 10
52 10
53 10
55 10
59 10
61 10
62 10
72 10
74 10
77 10
79 10
80 10
83 10
84 10
85 10
87 10
89 10
90 10
93 10
95 10
97 10
99 10
4 11
5 11
6 11
7 11
8 11
9 11
12 11
13 11
14 11
20 11
21 11
23 11
28 11
29 11
31 11
32 11
33 11
36 11
38 11
39 11
41 11
42 11
48 11
49 11
51 11
52 11
53 11
60 11
62 11
64 11
67 11
71 11
75 11
76 11
77 11
78 11
79 11
80 11
83 11
87 11
89 11
92 11
93 11
95 11
97 11
1 12
2 12
3 12
6 12
7 12
8 12
9 12
11 12
13 12
18 12
20 12
21 12
24 12
25 12
30 12
32 12
34 12
37 12
38 12
40 12
41 12
44 12
48 12
49 12
57 12
61 12
66 12
67 12
68 12
69 12
71 12
73 12
74 12
75 12
77 12
79 12
81 12
83 12
84 12
85 12
86 12
92 12
99 12
100 12
2 13
3 13
4 13
7 13
8 13
10 13
13 13
15 13
16 13
18 13
22 13
23 13
24 13
25 13
27 13
30 13
32 13
33 13
35 13
37 13
38 13
39 13
41 13
43 13
44 13
45 13
46 13
47 13
49 13
50 13
51 13
52 13
56 13
58 13
61 13
62 13
63 13
64 13
65 13
66 13
67 13
69 13
70 13
71 13
72 13
78 13
79 13
83 13
84 13
86 13
87 13
88 13
90 13
91 13
92 13
94 13
95 13
96 13
97 13
98 13
99 13
2 14
6 14
7 14
9 14
10 14
13 14
14 14
15 14
16 14
18 14
20 14
21 14
23 14
24 14
26 14
27 14
29 14
30 14
31 14
32 14
33 14
34 14
36 14
39 14
41 14
44 14
45 14
46 14
47 14
48 14
52 14
54 14
55 14
57 14
61 14
62 14
67 14
70 14
71 14
72 14
74 14
75 14
76 14
77 14
79 14
80 14
81 14
82 14
83 14
87 14
93 14
94 14
95 14
98 14
100 14
1 15
3 15
4 15
9 15
10 15
11 15
12 15
16 15
17 15
18 15
20 15
22 15
23 15
24 15
25 15
29 15
30 15
32 15
37 15
39 15
40 15
41 15
44 15
46 15
47 15
48 15
50 15
51 15
52 15
54 15
55 15
57 15
59 15
60 15
63 15
64 15
67 15
69 15
71 15
72 15
74 15
75 15
77 15
80 15
83 15
85 15
87 15
91 15
3 16
5 16
6 16
7 16
9 16
11 16
13 16
14 16
15 16
16 16
17 16
18 16
19 16
20 16
23 16
26 16
27 16
28 16
30 16
31 16
35 16
38 16
39 16
41 16
45 16
49 16
51 16
58 16
59 16
62 16
63 16
65 16
69 16
71 16
72 16
73 16
74 16
75 16
79 16
80 16
85 16
87 16
88 16
89 16
90 16
91 16
92 16
95 16
97 16
99 16
1 17
2 17
3 17
5 17
6 17
7 17
8 17
10 17
12 17
13 17
15 17
18 17
19 17
20 17
22 17
23 17
24 17
26 17
28 17
33 17
34 17
36 17
37 17
39 17
40 17
41 17
43 17
44 17
45 17
47 17
50 17
51 17
55 17
57 17
59 17
60 17
64 17
68 17
69 17
70 17
74 17
76 17
79 17
83 17
87 17
88 17
89 17
91 17
94 17
99 17
2 18
3 18
6 18
9 18
14 18
17 18
18 18
24 18
25 18
26 18
29 18
30 18
32 18
33 18
36 18
37 18
45 18
46 18
48 18
50 18
51 18
52 18
56 18
57 18
58 18
60 18
63 18
68 18
71 18
72 18
76 18
79 18
80 18
87 18
90 18
91 18
93 18
97 18
98 18
99 18
1 19
2 19
3 19
4 19
6 19
7 19
11 19
12 19
13 19
18 19
19 19
20 19
21 19
22 19
23 19
24 19
25 19
28 19
30 19
32 19
33 19
35 19
36 19
38 19
39 19
41 19
42 19
44 19
45 19
46 19
48 19
50 19
52 19
54 19
55 19
58 19
60 19
62 19
63 19
64 19
66 19
67 19
68 19
70 19
71 19
77 19
82 19
84 19
86 19
87 19
92 19
98 19
1 20
2 20
6 20
7 20
8 20
12 20
16 20
20 20
25 20
26 20
29 20
30 20
36 20
40 20
41 20
42 20
44 20
47 20
48 20
50 20
57 20
58 20
60 20
62 20
63 20
64 20
65 20
66 20
71 20
72 20
73 20
74 20
75 20
76 20
78 20
88 20
89 20
90 20
91 20
92 20
93 20
94 20
96 20
97 20
98 20
99 20
100 20
5 21
7 21
12 21
13 21
14 21
16 21
17 21
18 21
20 21
22 21
24 21
26 21
28 21
31 21
33 21
36 21
38 21
40 21
43 21
45 21
47 21
49 21
50 21
52 21
53 21
55 21
56 21
57 21
58 21
59 21
61 21
62 21
64 21
65 21
66 21
68 21
70 21
72 21
75 21
77 21
78 21
80 21
88 21
89 21
91 21
92 21
96 21
97 21
98 21
99 21
100 21
3 22
4 22
6 22
8 22
9 22
11 22
12 22
16 22
17 22
18 22
23 22
24 22
31 22
32 22
33 22
34 22
35 22
39 22
41 22
45 22
51 22
53 22
55 22
57 22
58 22
60 22
61 22
63 22
65 22
66 22
67 22
72 22
73 22
75 22
79 22
80 22
81 22
82 22
83 22
84 22
85 22
87 22
88 22
89 22
91 22
92 22
93 22
94 22
95 22
97 22
98 22
1 23
3 23
6 23
7 23
9 23
16 23
17 23
18 23
19 23
20 23
22 23
23 23
26 23
27 23
28 23
31 23
32 23
33 23
39 23
40 23
43 23
44 23
45 23
46 23
47 23
52 23
53 23
54 23
58 23
59 23
60 23
61 23
62 23
65 23
68 23
69 23
70 23
72 23
73 23
75 23
81 23
82 23
83 23
84 23
87 23
88 23
92 23
94 23
96 23
1 24
2 24
3 24
5 24
7 24
9 24
10 24
11 24
12 24
15 24
16 24
17 24
18 24
19 24
23 24
25 24
27 24
28 24
31 24
34 24
35 24
36 24
38 24
39 24
40 24
42 24
43 24
44 24
45 24
46 24
51 24
53 24
55 24
59 24
65 24
66 24
67 24
68 24
69 24
72 24
73 24
74 24
75 24
76 24
77 24
82 24
83 24
84 24
86 24
88 24
90 24
93 24
94 24
95 24
99 24
3 25
8 25
11 25
14 25
18 25
20 25
30 25
33 25
36 25
38 25
39 25
44 25
45 25
48 25
50 25
51 25
53 25
56 25
58 25
59 25
60 25
61 25
63 25
64 25
66 25
67 25
68 25
69 25
70 25
71 25
74 25
75 25
76 25
77 25
78 25
80 25
82 25
83 25
85 25
88 25
89 25
90 25
92 25
93 25
95 25
97 25
98 25
99 25
1 26
2 26
3 26
4 26
5 26
8 26
10 26
13 26
19 26
20 26
22 26
24 26
27 26
30 26
34 26
36 26
42 26
44 26
45 26
48 26
49 26
50 26
51 26
54 26
58 26
63 26
64 26
69 26
70 26
73 26
75 26
77 26
78 26
79 26
80 26
85 26
86 26
87 26
88 26
89 26
90 26
91 26
92 26
93 26
95 26
96 26
98 26
3 27
6 27
8 27
9 27
11 27
12 27
13 27
15 27
16 27
18 27
19 27
20 27
22 27
27 27
28 27
29 27
32 27
36 27
37 27
38 27
39 27
40 27
41 27
42 27
43 27
44 27
48 27
49 27
50 27
52 27
53 27
56 27
58 27
59 27
60 27
61 27
63 27
64 27
65 27
66 27
67 27
68 27
72 27
73 27
74 27
76 27
78 27
82 27
84 27
88 27
89 27
90 27
94 27
97 27
100 27
1 28
3 28
4 28
6 28
7 28
11 28
12 28
14 28
15 28
16 28
25 28
26 28
30 28
35 28
36 28
37 28
38 28
39 28
41 28
42 28
45 28
50 28
52 28
54 28
55 28
57 28
58 28
59 28
60 28
61 28
62 28
63 28
66 28
69 28
70 28
72 28
74 28
77 28
78 28
79 28
81 28
84 28
85 28
86 28
89 28
91 28
92 28
95 28
97 28
98 28
99 28
2 29
3 29
7 29
9 29
13 29
18 29
20 29
23 29
24 29
27 29
29 29
32 29
33 29
35 29
36 29
41 29
42 29
46 29
48 29
49 29
50 29
51 29
54 29
55 29
59 29
60 29
64 29
66 29
67 29
68 29
69 29
70 29
71 29
73 29
74 29
77 29
78 29
80 29
81 29
82 29
85 29
87 29
88 29
89 29
91 29
94 29
96 29
98 29
1 30
3 30
6 30
8 30
9 30
10 30
11 30
12 30
13 30
14 30
15 30
16 30
17 30
19 30
20 30
21 30
22 30
25 30
27 30
28 30
31 30
33 30
35 30
36 30
38 30
40 30
42 30
46 30
49 30
53 30
54 30
58 30
59 30
60 30
61 30
64 30
70 30
71 30
77 30
78 30
79 30
81 30
82 30
83 30
90 30
93 30
94 30
97 30
98 30
2 31
4 31
6 31
7 31
8 31
9 31
11 31
13 31
14 31
15 31
16 31
18 31
20 31
32 31
33 31
35 31
37 31
38 31
40 31
41 31
42 31
44 31
46 31
47 31
49 31
50 31
51 31
52 31
54 31
56 31
57 31
61 31
62 31
66 31
67 31
68 31
69 31
71 31
74 31
76 31
77 31
78 31
83 31
84 31
85 31
89 31
93 31
95 31
99 31
100 31
2 32
3 32
4 32
7 32
9 32
11 32
12 32
14 32
15 32
18 32
22 32
23 32
24 32
25 32
28 32
29 32
30 32
31 32
32 32
33 32
34 32
36 32
37 32
38 32
42 32
44 32
45 32
46 32
48 32
51 32
52 32
54 32
56 32
57 32
63 32
67 32
68 32
70 32
73 32
74 32
75 32
83 32
91 32
92 32
93 32
95 32
97 32
1 33
4 33
5 33
6 33
9 33
10 33
13 33
14 33
16 33
18 33
21 33
22 33
23 33
24 33
25 33
26 33
27 33
29 33
31 33
35 33
36 33
37 33
40 33
41 33
42 33
44 33
45 33
46 33
48 33
49 33
50 33
51 33
56 33
57 33
60 33
61 33
63 33
64 33
65 33
67 33
69 33
71 33
73 33
74 33
75 33
76 33
79 33
80 33
81 33
82 33
83 33
85 33
86 33
90 33
91 33
94 33
3 34
4 34
7 34
8 34
10 34
12 34
14 34
17 34
18 34
20 34
21 34
23 34
24 34
25 34
26 34
27 34
30 34
32 34
33 34
35 34
36 34
38 34
39 34
42 34
43 34
44 34
45 34
47 34
48 34
50 34
51 34
57 34
60 34
65 34
68 34
69 34
72 34
73 34
76 34
84 34
85 34
86 34
87 34
89 34
91 34
92 34
97 34
99 34
100 34
2 35
3 35
4 35
5 35
8 35
9 35
14 35
16 35
19 35
23 35
27 35
29 35
30 35
31 35
34 35
36 35
38 35
40 35
43 35
48 35
49 35
51 35
54 35
55 35
56 35
57 35
58 35
60 35
61 35
62 35
63 35
64 35
66 35
67 35
70 35
71 35
73 35
74 35
78 35
80 35
83 35
86 35
87 35
90 35
92 35
93 35
95 35
96 35
98 35
100 35
1 36
3 36
7 36
8 36
9 36
10 36
13 36
19 36
21 36
24 36
27 36
28 36
29 36
31 36
34 36
36 36
37 36
38 36
42 36
43 36
44 36
45 36
46 36
48 36
50 36
51 36
55 36
56 36
59 36
60 36
63 36
65 36
68 36
69 36
70 36
74 36
75 36
78 36
80 36
81 36
84 36
85 36
87 36
88 36
89 36
91 36
92 36
94 36
97 36
98 36
100 36
4 37
5 37
6 37
9 37
11 37
14 37
15 37
19 37
20 37
22 37
25 37
29 37
30 37
33 37
37 37
40 37
41 37
42 37
43 37
44 37
45 37
47 37
48 37
54 37
56 37
59 37
60 37
62 37
66 37
67 37
68 37
69 37
70 37
73 37
74 37
76 37
77 37
78 37
79 37
81 37
83 37
85 37
88 37
90 37
92 37
95 37
99 37
2 38
3 38
4 38
5 38
6 38
7 38
11 38
12 38
14 38
17 38
19 38
20 38
21 38
22 38
23 38
24 38
25 38
26 38
27 38
28 38
31 38
32 38
33 38
35 38
37 38
38 38
39 38
41 38
42 38
43 38
44 38
45 38
46 38
47 38
48 38
49 38
50 38
52 38
55 38
56 38
57 38
58 38
60 38
61 38
62 38
63 38
64 38
68 38
71 38
73 38
74 38
75 38
77 38
80 38
83 38
90 38
92 38
93 38
95 38
99 38
1 39
2 39
4 39
6 39
10 39
13 39
16 39
17 39
19 39
20 39
25 39
27 39
30 39
31 39
33 39
36 39
39 39
41 39
43 39
46 39
47 39
49 39
50 39
51 39
52 39
55 39
57 39
59 39
60 39
61 39
66 39
69 39
70 39
72 39
73 39
74 39
76 39
78 39
81 39
83 39
85 39
87 39
94 39
95 39
96 39
97 39
98 39
4 40
5 40
6 40
8 40
9 40
10 40
13 40
14 40
15 40
17 40
18 40
19 40
21 40
22 40
27 40
28 40
32 40
33 40
35 40
37 40
40 40
41 40
42 40
43 40
47 40
48 40
49 40
50 40
51 40
52 40
53 40
55 40
56 40
64 40
68 40
71 40
72 40
76 40
77 40
78 40
82 40
83 40
84 40
87 40
88 40
89 40
90 40
92 40
95 40
96 40
97 40
99 40
1 41
2 41
3 41
4 41
6 41
8 41
10 41
12 41
13 41
15 41
16 41
17 41
25 41
32 41
33 41
34 41
35 41
40 41
41 41
42 41
44 41
45 41
52 41
54 41
55 41
56 41
58 41
61 41
64 41
66 41
68 41
70 41
72 41
75 41
76 41
77 41
78 41
80 41
81 41
82 41
84 41
85 41
88 41
92 41
96 41
97 41
99 41
100 41
1 42
2 42
5 42
9 42
10 42
14 42
19 42
20 42
22 42
24 42
30 42
32 42
36 42
38 42
39 42
41 42
46 42
48 42
49 42
51 42
57 42
58 42
59 42
60 42
61 42
66 42
67 42
69 42
70 42
71 42
72 42
74 42
75 42
76 42
82 42
83 42
84 42
85 42
86 42
87 42
88 42
91 42
92 42
93 42
94 42
95 42
96 42
97 42
98 42
100 42
2 43
3 43
4 43
12 43
16 43
17 43
18 43
19 43
21 43
22 43
23 43
25 43
29 43
34 43
37 43
38 43
40 43
41 43
43 43
44 43
46 43
47 43
49 43
52 43
55 43
56 43
57 43
58 43
60 43
61 43
62 43
63 43
64 43
67 43
68 43
69 43
70 43
71 43
72 43
73 43
76 43
77 43
79 43
81 43
82 43
85 43
89 43
90 43
92 43
1 44
7 44
8 44
9 44
10 44
12 44
13 44
15 44
16 44
17 44
18 44
19 44
20 44
22 44
26 44
27 44
28 44
30 44
31 44
32 44
33 44
35 44
39 44
42 44
44 44
52 44
53 44
54 44
55 44
56 44
57 44
58 44
59 44
62 44
63 44
64 44
66 44
73 44
75 44
77 44
79 44
81 44
84 44
86 44
89 44
90 44
92 44
94 44
95 44
97 44
2 45
4 45
7 45
17 45
19 45
20 45
21 45
22 45
24 45
25 45
26 45
30 45
32 45
33 45
34 45
35 45
38 45
39 45
40 45
41 45
45 45
46 45
47 45
48 45
51 45
56 45
61 45
62 45
65 45
68 45
72 45
73 45
76 45
82 45
83 45
88 45
89 45
90 45
91 45
93 45
94 45
98 45
99 45
100 45
3 46
4 46
7 46
10 46
12 46
14 46
18 46
19 46
21 46
24 46
25 46
27 46
29 46
31 46
33 46
37 46
39 46
40 46
42 46
43 46
44 46
46 46
47 46
48 46
50 46
52 46
53 46
55 46
56 46
57 46
59 46
60 46
61 46
62 46
64 46
65 46
67 46
68 46
70 46
71 46
72 46
73 46
74 46
76 46
77 46
80 46
85 46
87 46
88 46
92 46
96 46
97 46
99 46
100 46
9 47
16 47
17 47
19 47
21 47
24 47
25 47
28 47
29 47
30 47
31 47
32 47
33 47
36 47
37 47
38 47
45 47
46 47
49 47
51 47
52 47
54 47
56 47
57 47
60 47
62 47
63 47
65 47
69 47
71 47
73 47
75 47
79 47
80 47
81 47
83 47
84 47
90 47
93 47
94 47
97 47
99 47
100 47
2 48
4 48
5 48
6 48
7 48
9 48
10 48
11 48
12 48
14 48
15 48
17 48
18 48
23 48
25 48
26 48
28 48
32 48
34 48
35 48
36 48
37 48
38 48
39 48
41 48
43 48
46 48
47 48
48 48
49 48
51 48
54 48
58 48
63 48
65 48
66 48
77 48
78 48
79 48
80 48
82 48
83 48
86 48
87 48
88 48
89 48
93 48
96 48
98 48
4 49
5 49
6 49
8 49
9 49
11 49
12 49
13 49
19 49
20 49
22 49
23 49
25 49
27 49
30 49
32 49
34 49
36 49
37 49
38 49
40 49
42 49
45 49
47 49
48 49
49 49
51 49
52 49
55 49
56 49
58 49
60 49
62 49
64 49
65 49
66 49
68 49
72 49
73 49
75 49
77 49
78 49
83 49
84 49
85 49
86 49
87 49
88 49
91 49
92 49
93 49
97 49
99 49
1 50
2 50
3 50
5 50
6 50
12 50
13 50
14 50
15 50
21 50
22 50
25 50
29 50
30 50
31 50
40 50
41 50
42 50
47 50
53 50
54 50
56 50
58 50
66 50
67 50
68 50
70 50
71 50
72 50
74 50
77 50
78 50
82 50
87 50
89 50
91 50
94 50
95 50
97 50
3 51
4 51
6 51
12 51
14 51
18 51
19 51
21 51
22 51
26 51
31 51
32 51
34 51
36 51
37 51
40 51
41 51
43 51
44 51
50 51
53 51
54 51
57 51
59 51
60 51
61 51
62 51
64 51
65 51
67 51
69 51
70 51
71 51
73 51
74 51
75 51
76 51
77 51
78 51
80 51
84 51
85 51
87 51
88 51
89 51
90 51
95 51
96 51
97 51
99 51
100 51
4 52
7 52
8 52
9 52
11 52
14 52
18 52
19 52
20 52
21 52
23 52
28 52
30 52
32 52
34 52
37 52
38 52
40 52
42 52
44 52
45 52
46 52
54 52
55 52
56 52
57 52
58 52
59 52
60 52
64 52
70 52
71 52
74 52
78 52
79 52
81 52
84 52
87 52
91 52
93 52
94 52
96 52
2 53
3 53
4 53
7 53
8 53
9 53
11 53
13 53
14 53
16 53
19 53
20 53
23 53
24 53
29 53
31 53
34 53
36 53
38 53
41 53
42 53
49 53
50 53
51 53
52 53
61 53
65 53
66 53
67 53
68 53
71 53
76 53
78 53
81 53
84 53
86 53
88 53
89 53
91 53
92 53
93 53
96 53
97 53
100 53
1 54
4 54
7 54
8 54
9 54
10 54
11 54
13 54
14 54
15 54
16 54
17 54
19 54
20 54
21 54
27 54
29 54
31 54
32 54
36 54
39 54
41 54
46 54
47 54
48 54
49 54
57 54
60 54
61 54
62 54
64 54
65 54
66 54
68 54
69 54
71 54
80 54
84 54
85 54
86 54
87 54
88 54
93 54
96 54
97 54
98 54
99 54
2 55
4 55
13 55
14 55
15 55
16 55
18 55
20 55
22 55
25 55
28 55
29 55
30 55
32 55
33 55
34 55
35 55
37 55
39 55
45 55
48 55
50 55
51 55
54 55
56 55
57 55
59 55
61 55
62 55
63 55
65 55
66 55
71 55
75 55
77 55
81 55
92 55
93 55
94 55
1 56
2 56
3 56
4 56
7 56
9 56
12 56
13 56
15 56
19 56
24 56
28 56
29 56
31 56
33 56
34 56
40 56
43 56
46 56
47 56
48 56
51 56
53 56
54 56
56 56
57 56
60 56
65 56
67 56
68 56
71 56
73 56
74 56
75 56
77 56
79 56
82 56
83 56
85 56
86 56
88 56
90 56
94 56
95 56
97 56
1 57
2 57
6 57
8 57
9 57
12 57
14 57
15 57
19 57
20 57
23 57
28 57
29 57
30 57
33 57
36 57
38 57
40 57
44 57
45 57
46 57
50 57
59 57
60 57
64 57
68 57
70 57
71 57
76 57
77 57
79 57
80 57
81 57
82 57
83 57
84 57
85 57
86 57
87 57
88 57
89 57
90 57
92 57
93 57
97 57
99 57
100 57
1 58
3 58
4 58
5 58
6 58
9 58
10 58
11 58
12 58
13 58
14 58
15 58
17 58
25 58
26 58
27 58
28 58
29 58
32 58
34 58
35 58
37 58
39 58
40 58
41 58
42 58
44 58
46 58
50 58
51 58
53 58
54 58
55 58
56 58
59 58
61 58
63 58
64 58
65 58
67 58
71 58
76 58
78 58
80 58
81 58
82 58
84 58
85 58
86 58
87 58
89 58
92 58
94 58
95 58
96 58
97 58
98 58
99 58
1 59
2 59
4 59
6 59
8 59
11 59
13 59
15 59
16 59
18 59
20 59
21 59
25 59
27 59
28 59
32 59
34 59
36 59
38 59
40 59
42 59
43 59
48 59
50 59
51 59
52 59
54 59
56 59
58 59
60 59
61 59
62 59
64 59
65 59
67 59
68 59
72 59
80 59
82 59
83 59
89 59
90 59
91 59
93 59
97 59
1 60
3 60
6 60
7 60
8 60
13 60
14 60
15 60
16 60
17 60
21 60
23 60
25 60
26 60
27 60
28 60
29 60
33 60
34 60
35 60
39 60
41 60
45 60
48 60
49 60
53 60
55 60
56 60
58 60
59 60
61 60
62 60
65 60
68 60
69 60
70 60
72 60
74 60
75 60
77 60
80 60
82 60
84 60
85 60
86 60
90 60
91 60
93 60
97 60
100 60
1 61
2 61
3 61
5 61
7 61
9 61
10 61
12 61
15 61
20 61
21 61
22 61
23 61
24 61
26 61
27 61
28 61
30 61
32 61
33 61
34 61
36 61
40 61
41 61
43 61
44 61
45 61
48 61
50 61
57 61
58 61
60 61
61 61
62 61
63 61
64 61
65 61
69 61
70 61
71 61
74 61
77 61
78 61
81 61
84 61
89 61
91 61
96 61
3 62
4 62
6 62
8 62
9 62
11 62
12 62
14 62
18 62
20 62
21 62
24 62
25 62
27 62
28 62
29 62
31 62
32 62
37 62
39 62
40 62
41 62
42 62
43 62
45 62
47 62
49 62
50 62
53 62
54 62
55 62
61 62
62 62
68 62
70 62
71 62
72 62
74 62
75 62
76 62
78 62
79 62
80 62
83 62
84 62
91 62
92 62
94 62
95 62
98 62
99 62
1 63
2 63
6 63
8 63
9 63
12 63
13 63
16 63
20 63
21 63
22 63
24 63
25 63
29 63
31 63
32 63
33 63
36 63
37 63
38 63
39 63
41 63
42 63
44 63
45 63
47 63
48 63
49 63
50 63
53 63
55 63
57 63
60 63
62 63
66 63
68 63
69 63
71 63
73 63
76 63
78 63
80 63
81 63
82 63
83 63
84 63
86 63
88 63
89 63
93 63
94 63
95 63
96 63
100 63
2 64
4 64
7 64
8 64
10 64
11 64
14 64
15 64
17 64
18 64
21 64
23 64
24 64
26 64
33 64
35 64
36 64
38 64
40 64
41 64
42 64
43 64
48 64
50 64
52 64
53 64
58 64
59 64
61 64
66 64
67 64
69 64
70 64
72 64
76 64
82 64
84 64
85 64
87 64
88 64
91 64
92 64
93 64
95 64
96 64
100 64
1 65
2 65
4 65
5 65
6 65
7 65
10 65
11 65
12 65
13 65
16 65
17 65
20 65
25 65
28 65
29 65
30 65
34 65
36 65
38 65
40 65
41 65
42 65
44 65
48 65
50 65
52 65
53 65
54 65
55 65
57 65
58 65
60 65
61 65
62 65
63 65
64 65
66 65
68 65
69 65
70 65
73 65
78 65
79 65
81 65
84 65
87 65
88 65
92 65
94 65
95 65
98 65
99 65
100 65
1 66
3 66
5 66
6 66
7 66
8 66
10 66
12 66
15 66
20 66
21 66
23 66
25 66
26 66
27 66
29 66
31 66
32 66
34 66
37 66
38 66
39 66
43 66
44 66
47 66
51 66
52 66
54 66
56 66
58 66
59 66
61 66
62 66
64 66
68 66
69 66
70 66
71 66
73 66
74 66
76 66
77 66
79 66
85 66
86 66
87 66
88 66
89 66
90 66
93 66
94 66
96 66
99 66
1 67
4 67
5 67
11 67
12 67
13 67
16 67
18 67
20 67
21 67
22 67
23 67
25 67
26 67
27 67
31 67
32 67
33 67
34 67
35 67
36 67
37 67
39 67
40 67
45 67
50 67
52 67
53 67
54 67
55 67
57 67
59 67
60 67
63 67
65 67
66 67
68 67
69 67
71 67
72 67
79 67
81 67
83 67
85 67
86 67
87 67
88 67
93 67
97 67
98 67
100 67
1 68
5 68
7 68
8 68
10 68
11 68
12 68
14 68
15 68
18 68
21 68
22 68
23 68
24 68
26 68
27 68
29 68
30 68
32 68
37 68
38 68
39 68
41 68
43 68
44 68
46 68
49 68
50 68
54 68
56 68
58 68
60 68
61 68
62 68
64 68
66 68
68 68
70 68
71 68
73 68
78 68
80 68
81 68
82 68
83 68
85 68
90 68
91 68
93 68
95 68
96 68
98 68
99 68
2 69
3 69
4 69
6 69
7 69
8 69
10 69
11 69
13 69
15 69
17 69
19 69
20 69
21 69
23 69
26 69
27 69
32 69
33 69
35 69
36 69
37 69
40 69
42 69
43 69
46 69
50 69
51 69
53 69
54 69
56 69
65 69
68 69
71 69
72 69
76 69
81 69
82 69
90 69
98 69
3 70
4 70
5 70
7 70
8 70
9 70
11 70
13 70
14 70
16 70
17 70
18 70
19 70
21 70
24 70
29 70
30 70
31 70
32 70
33 70
34 70
37 70
38 70
39 70
40 70
45 70
46 70
47 70
48 70
53 70
55 70
56 70
57 70
60 70
63 70
69 70
70 70
71 70
75 70
77 70
78 70
79 70
80 70
81 70
82 70
83 70
84 70
86 70
89 70
91 70
92 70
95 70
97 70
98 70
1 71
2 71
3 71
6 71
7 71
14 71
15 71
16 71
20 71
21 71
24 71
25 71
30 71
33 71
34 71
39 71
41 71
42 71
43 71
44 71
45 71
46 71
48 71
49 71
52 71
53 71
54 71
55 71
56 71
59 71
61 71
63 71
64 71
65 71
69 71
71 71
75 71
76 71
78 71
80 71
84 71
85 71
89 71
92 71
94 71
95 71
96 71
100 71
3 72
4 72
6 72
10 72
11 72
12 72
13 72
14 72
16 72
18 72
19 72
22 72
23 72
25 72
27 72
29 72
30 72
32 72
33 72
34 72
35 72
38 72
39 72
40 72
43 72
45 72
47 72
48 72
49 72
50 72
52 72
53 72
54 72
57 72
58 72
60 72
61 72
62 72
64 72
65 72
66 72
67 72
69 72
70 72
71 72
72 72
74 72
75 72
78 72
80 72
85 72
87 72
90 72
94 72
95 72
96 72
97 72
98 72
2 73
6 73
9 73
12 73
16 73
19 73
21 73
25 73
27 73
29 73
31 73
32 73
33 73
34 73
35 73
36 73
37 73
38 73
39 73
41 73
44 73
45 73
46 73
47 73
48 73
49 73
50 73
52 73
53 73
54 73
57 73
58 73
59 73
60 73
61 73
66 73
68 73
70 73
71 73
72 73
73 73
74 73
75 73
77 73
79 73
80 73
82 73
83 73
85 73
88 73
92 73
94 73
95 73
97 73
100 73
1 74
3 74
6 74
7 74
10 74
17 74
18 74
19 74
23 74
25 74
28 74
32 74
33 74
38 74
39 74
40 74
42 74
49 74
52 74
53 74
55 74
56 74
57 74
58 74
62 74
63 74
65 74
67 74
68 74
69 74
70 74
71 74
73 74
75 74
77 74
78 74
79 74
81 74
83 74
85 74
87 74
88 74
89 74
90 74
91 74
94 74
2 75
5 75
7 75
8 75
9 75
11 75
13 75
15 75
17 75
18 75
19 75
22 75
25 75
29 75
32 75
33 75
34 75
35 75
39 75
41 75
42 75
44 75
45 75
46 75
47 75
49 75
51 75
53 75
54 75
57 75
58 75
60 75
62 75
64 75
68 75
70 75
72 75
73 75
75 75
77 75
79 75
80 75
81 75
82 75
83 75
87 75
90 75
93 75
95 75
97 75
100 75
1 76
2 76
4 76
7 76
8 76
9 76
10 76
13 76
14 76
15 76
26 76
29 76
30 76
31 76
33 76
34 76
36 76
37 76
41 76
44 76
45 76
48 76
49 76
50 76
52 76
53 76
56 76
57 76
62 76
63 76
65 76
70 76
72 76
77 76
78 76
79 76
83 76
84 76
85 76
86 76
87 76
89 76
92 76
93 76
94 76
95 76
98 76
2 77
5 77
8 77
13 77
15 77
17 77
19 77
20 77
21 77
22 77
23 77
24 77
28 77
31 77
33 77
34 77
36 77
37 77
38 77
39 77
40 77
42 77
43 77
45 77
50 77
51 77
52 77
53 77
55 77
57 77
59 77
61 77
63 77
64 77
68 77
70 77
71 77
72 77
73 77
78 77
80 77
86 77
87 77
88 77
90 77
91 77
93 77
94 77
99 77
100 77
1 78
4 78
5 78
6 78
9 78
10 78
11 78
12 78
13 78
14 78
19 78
21 78
23 78
27 78
28 78
35 78
36 78
38 78
41 78
45 78
46 78
48 78
51 78
52 78
58 78
59 78
60 78
61 78
62 78
64 78
65 78
67 78
68 78
70 78
71 78
73 78
74 78
76 78
77 78
78 78
79 78
81 78
82 78
83 78
84 78
85 78
89 78
90 78
93 78
99 78
3 79
5 79
7 79
9 79
10 79
11 79
12 79
13 79
16 79
18 79
21 79
22 79
23 79
25 79
27 79
29 79
30 79
31 79
34 79
37 79
38 79
40 79
41 79
42 79
44 79
47 79
49 79
50 79
52 79
53 79
54 79
55 79
56 79
58 79
59 79
60 79
61 79
62 79
63 79
66 79
67 79
68 79
69 79
70 79
71 79
73 79
75 79
76 79
78 79
79 79
83 79
84 79
85 79
86 79
88 79
91 79
97 79
98 79
2 80
4 80
6 80
8 80
10 80
11 80
12 80
13 80
15 80
16 80
17 80
19 80
21 80
22 80
25 80
26 80
29 80
31 80
32 80
33 80
34 80
35 80
36 80
37 80
39 80
40 80
41 80
42 80
44 80
45 80
46 80
47 80
49 80
53 80
56 80
57 80
60 80
61 80
62 80
63 80
64 80
65 80
67 80
68 80
69 80
70 80
72 80
75 80
77 80
79 80
82 80
84 80
86 80
88 80
90 80
94 80
97 80
98 80
1 81
2 81
5 81
6 81
7 81
8 81
9 81
11 81
13 81
14 81
16 81
18 81
19 81
21 81
22 81
23 81
25 81
26 81
34 81
36 81
37 81
40 81
41 81
43 81
46 81
47 81
49 81
51 81
54 81
55 81
56 81
58 81
62 81
64 81
65 81
71 81
73 81
77 81
78 81
82 81
83 81
84 81
88 81
91 81
95 81
96 81
97 81
98 81
100 81
1 82
2 82
4 82
6 82
8 82
9 82
12 82
15 82
16 82
17 82
19 82
21 82
22 82
23 82
24 82
27 82
34 82
35 82
36 82
37 82
38 82
39 82
41 82
42 82
43 82
44 82
47 82
52 82
53 82
54 82
56 82
57 82
58 82
59 82
60 82
61 82
63 82
66 82
68 82
69 82
71 82
73 82
74 82
75 82
76 82
77 82
80 82
84 82
89 82
90 82
93 82
1 83
2 83
3 83
4 83
6 83
8 83
9 83
10 83
18 83
21 83
22 83
24 83
30 83
31 83
35 83
36 83
37 83
38 83
39 83
41 83
45 83
47 83
54 83
55 83
60 83
63 83
65 83
68 83
70 83
71 83
72 83
73 83
75 83
77 83
80 83
83 83
85 83
90 83
91 83
92 83
96 83
98 83
1 84
4 84
5 84
6 84
7 84
8 84
9 84
11 84
13 84
14 84
15 84
16 84
17 84
18 84
19 84
21 84
22 84
25 84
26 84
30 84
32 84
34 84
35 84
37 84
39 84
41 84
42 84
44 84
48 84
50 84
52 84
58 84
61 84
63 84
64 84
65 84
75 84
77 84
80 84
85 84
86 84
87 84
88 84
91 84
95 84
97 84
98 84
1 85
3 85
4 85
6 85
7 85
8 85
9 85
10 85
11 85
12 85
15 85
16 85
19 85
20 85
22 85
23 85
27 85
29 85
36 85
39 85
42 85
44 85
46 85
47 85
49 85
50 85
51 85
52 85
54 85
55 85
56 85
62 85
65 85
68 85
69 85
70 85
71 85
73 85
76 85
77 85
79 85
82 85
83 85
87 85
89 85
96 85
97 85
99 85
3 86
5 86
6 86
9 86
10 86
14 86
17 86
19 86
22 86
24 86
25 86
26 86
27 86
28 86
29 86
35 86
37 86
41 86
43 86
46 86
48 86
49 86
50 86
51 86
52 86
56 86
57 86
60 86
62 86
65 86
66 86
69 86
72 86
74 86
77 86
79 86
82 86
83 86
85 86
89 86
92 86
95 86
96 86
97 86
98 86
99 86
1 87
5 87
6 87
9 87
11 87
12 87
16 87
18 87
21 87
23 87
24 87
25 87
33 87
36 87
37 87
38 87
40 87
43 87
46 87
47 87
48 87
52 87
53 87
54 87
55 87
57 87
58 87
63 87
65 87
67 87
68 87
69 87
70 87
76 87
77 87
78 87
79 87
80 87
81 87
83 87
84 87
85 87
87 87
89 87
93 87
95 87
96 87
100 87
1 88
2 88
6 88
8 88
10 88
12 88
15 88
16 88
19 88
24 88
25 88
28 88
29 88
30 88
31 88
33 88
34 88
37 88
38 88
39 88
41 88
45 88
47 88
48 88
51 88
53 88
54 88
55 88
56 88
59 88
61 88
62 88
63 88
68 88
70 88
71 88
72 88
73 88
74 88
76 88
77 88
82 88
86 88
89 88
90 88
91 88
93 88
96 88
99 88
2 89
3 89
4 89
5 89
6 89
7 89
8 89
9 89
12 89
15 89
16 89
18 89
20 89
21 89
22 89
23 89
24 89
26 89
27 89
28 89
29 89
30 89
31 89
33 89
34 89
35 89
36 89
37 89
40 89
41 89
44 89
45 89
46 89
48 89
49 89
52 89
55 89
56 89
57 89
58 89
59 89
60 89
61 89
62 89
63 89
64 89
66 89
67 89
69 89
72 89
73 89
74 89
75 89
77 89
78 89
80 89
84 89
85 89
88 89
89 89
90 89
97 89
100 89
1 90
2 90
3 90
4 90
7 90
9 90
11 90
12 90
13 90
14 90
15 90
16 90
18 90
19 90
20 90
22 90
30 90
34 90
36 90
37 90
38 90
41 90
45 90
47 90
49 90
52 90
53 90
54 90
58 90
59 90
60 90
62 90
63 90
65 90
67 90
70 90
71 90
72 90
73 90
79 90
81 90
82 90
83 90
86 90
88 90
89 90
91 90
92 90
93 90
94 90
95 90
97 90
99 90
100 90
2 91
3 91
8 91
9 91
10 91
14 91
17 91
19 91
20 91
21 91
22 91
26 91
29 91
30 91
31 91
32 91
35 91
37 91
38 91
41 91
44 91
46 91
49 91
56 91
59 91
61 91
62 91
64 91
66 91
69 91
71 91
72 91
74 91
77 91
78 91
79 91
86 91
90 91
91 91
92 91
93 91
94 91
96 91
3 92
4 92
5 92
6 92
9 92
13 92
14 92
16 92
17 92
18 92
23 92
24 92
25 92
26 92
27 92
28 92
30 92
31 92
34 92
36 92
38 92
40 92
41 92
42 92
44 92
45 92
46 92
48 92
49 92
51 92
53 92
56 92
58 92
60 92
62 92
65 92
70 92
79 92
80 92
81 92
83 92
84 92
85 92
86 92
88 92
89 92
91 92
94 92
96 92
98 92
99 92
100 92
3 93
9 93
11 93
12 93
14 93
15 93
17 93
18 93
19 93
21 93
24 93
25 93
29 93
33 93
39 93
40 93
45 93
47 93
48 93
49 93
51 93
53 93
54 93
55 93
58 93
62 93
64 93
65 93
67 93
69 93
71 93
72 93
73 93
74 93
78 93
79 93
88 93
89 93
90 93
91 93
92 93
93 93
94 93
96 93
98 93
1 94
2 94
4 94
5 94
7 94
8 94
12 94
14 94
16 94
22 94
23 94
25 94
26 94
27 94
30 94
31 94
32 94
40 94
41 94
46 94
47 94
51 94
54 94
58 94
59 94
61 94
62 94
63 94
65 94
70 94
71 94
73 94
74 94
75 94
77 94
81 94
82 94
86 94
87 94
97 94
98 94
99 94
100 94
2 95
3 95
6 95
7 95
8 95
9 95
11 95
12 95
13 95
15 95
16 95
17 95
19 95
20 95
22 95
24 95
25 95
26 95
29 95
31 95
33 95
34 95
37 95
38 95
39 95
40 95
42 95
44 95
45 95
48 95
49 95
54 95
55 95
57 95
59 95
60 95
61 95
63 95
67 95
68 95
69 95
72 95
73 95
74 95
77 95
78 95
80 95
81 95
82 95
87 95
90 95
91 95
92 95
94 95
96 95
97 95
99 95
1 96
2 96
3 96
5 96
8 96
12 96
16 96
21 96
22 96
23 96
25 96
29 96
30 96
31 96
33 96
34 96
36 96
37 96
40 96
41 96
43 96
45 96
47 96
48 96
50 96
51 96
52 96
54 96
55 96
59 96
62 96
63 96
64 96
67 96
70 96
72 96
73 96
74 96
75 96
78 96
82 96
84 96
85 96
86 96
87 96
89 96
91 96
92 96
94 96
100 96
3 97
6 97
8 97
9 97
11 97
12 97
13 97
15 97
17 97
21 97
23 97
24 97
25 97
26 97
29 97
31 97
34 97
37 97
38 97
39 97
41 97
42 97
46 97
48 97
57 97
60 97
61 97
66 97
67 97
69 97
70 97
71 97
73 97
75 97
77 97
82 97
84 97
85 97
86 97
87 97
90 97
93 97
96 97
97 97
2 98
7 98
13 98
14 98
17 98
20 98
21 98
23 98
26 98
27 98
29 98
31 98
32 98
33 98
35 98
36 98
39 98
40 98
45 98
46 98
47 98
51 98
52 98
53 98
54 98
55 98
58 98
60 98
63 98
64 98
65 98
67 98
71 98
73 98
76 98
78 98
79 98
80 98
81 98
83 98
84 98
86 98
87 98
88 98
93 98
95 98
96 98
98 98
99 98
1 99
4 99
14 99
17 99
18 99
20 99
21 99
22 99
27 99
29 99
30 99
31 99
32 99
34 99
35 99
38 99
41 99
45 99
50 99
51 99
52 99
54 99
67 99
68 99
69 99
73 99
75 99
77 99
80 99
82 99
84 99
87 99
88 99
89 99
91 99
92 99
93 99
99 99
100 99
1 100
3 100
6 100
8 100
9 100
14 100
17 100
20 100
23 100
24 100
25 100
26 100
27 100
29 100
30 100
33 100
35 100
38 100
45 100
46 100
50 100
51 100
52 100
57 100
58 100
59 100
62 100
67 100
69 100
70 100
71 100
72 100
75 100
76 100
77 100
78 100
79 100
87 100
90 100
91 100
92 100
93 100
96 100
98 100
99 100
