100
4 1
5 1
6 1
7 1
8 1
9 1
10 1
12 1
13 1
14 1
15 1
17 1
18 1
20 1
21 1
22 1
23 1
25 1
26 1
28 1
31 1
34 1
35 1
36 1
37 1
39 1
41 1
44 1
47 1
49 1
53 1
55 1
56 1
58 1
59 1
62 1
64 1
68 1
77 1
78 1
79 1
85 1
87 1
88 1
90 1
91 1
92 1
93 1
94 1
97 1
100 1
3 2
4 2
6 2
8 2
11 2
13 2
14 2
15 2
17 2
19 2
23 2
34 2
35 2
40 2
41 2
44 2
45 2
46 2
49 2
51 2
53 2
54 2
58 2
59 2
63 2
64 2
66 2
70 2
71 2
73 2
74 2
75 2
76 2
79 2
80 2
83 2
84 2
85 2
87 2
88 2
89 2
92 2
96 2
1 3
2 3
3 3
4 3
7 3
8 3
9 3
10 3
13 3
14 3
16 3
17 3
18 3
20 3
21 3
25 3
26 3
28 3
29 3
33 3
34 3
35 3
38 3
41 3
43 3
45 3
46 3
47 3
48 3
50 3
51 3
55 3
56 3
64 3
69 3
71 3
72 3
75 3
78 3
84 3
86 3
87 3
91 3
93 3
96 3
98 3
100 3
1 4
3 4
4 4
5 4
6 4
7 4
8 4
9 4
10 4
16 4
17 4
18 4
19 4
20 4
22 4
23 4
24 4
25 4
27 4
28 4
29 4
30 4
32 4
33 4
35 4
36 4
37 4
40 4
42 4
46 4
47 4
48 4
51 4
52 4
53 4
57 4
62 4
65 4
66 4
67 4
71 4
72 4
73 4
74 4
76 4
77 4
80 4
81 4
82 4
86 4
89 4
91 4
93 4
96 4
97 4
3 5
4 5
7 5
8 5
10 5
11 5
12 5
13 5
15 5
18 5
19 5
20 5
22 5
25 5
26 5
29 5
31 5
36 5
41 5
47 5
51 5
52 5
53 5
54 5
55 5
56 5
57 5
59 5
60 5
61 5
65 5
66 5
67 5
68 5
69 5
70 5
73 5
80 5
82 5
83 5
84 5
91 5
92 5
96 5
99 5
1 6
2 6
5 6
6 6
7 6
9 6
10 6
12 6
13 6
15 6
16 6
20 6
21 6
23 6
25 6
27 6
28 6
31 6
34 6
35 6
38 6
39 6
41 6
42 6
43 6
44 6
45 6
48 6
50 6
53 6
58 6
59 6
62 6
63 6
65 6
66 6
70 6
71 6
74 6
75 6
78 6
80 6
82 6
83 6
86 6
89 6
90 6
91 6
92 6
96 6
97 6
98 6
100 6
3 7
4 7
6 7
8 7
10 7
12 7
16 7
17 7
21 7
22 7
26 7
32 7
33 7
34 7
35 7
38 7
43 7
44 7
45 7
50 7
51 7
52 7
53 7
54 7
55 7
56 7
57 7
59 7
62 7
64 7
67 7
68 7
69 7
72 7
74 7
76 7
78 7
79 7
80 7
81 7
82 7
84 7
85 7
86 7
88 7
89 7
91 7
92 7
93 7
94 7
97 7
100 7
1 8
3 8
4 8
7 8
8 8
10 8
13 8
14 8
15 8
17 8
18 8
19 8
20 8
21 8
25 8
28 8
29 8
32 8
35 8
36 8
38 8
39 8
40 8
42 8
44 8
45 8
47 8
48 8
51 8
52 8
53 8
54 8
55 8
57 8
59 8
60 8
61 8
62 8
63 8
64 8
67 8
71 8
73 8
78 8
79 8
80 8
81 8
83 8
89 8
90 8
92 8
96 8
1 9
2 9
3 9
7 9
8 9
12 9
13 9
14 9
15 9
16 9
17 9
18 9
19 9
23 9
26 9
29 9
30 9
31 9
36 9
39 9
40 9
41 9
42 9
43 9
46 9
47 9
48 9
50 9
51 9
54 9
55 9
56 9
58 9
60 9
62 9
63 9
67 9
69 9
70 9
73 9
74 9
75 9
76 9
78 9
79 9
80 9
81 9
82 9
85 9
86 9
89 9
90 9
91 9
92 9
95 9
97 9
98 9
99 9
100 9
2 10
3 10
4 10
7 10
8 10
9 10
10 10
12 10
15 10
19 10
21 10
22 10
23 10
29 10
30 10
31 10
32 10
33 10
34 10
37 10
38 10
42 10
44 10
45 10
46 10
49 10
50 10
56 10
57 10
59 10
60 10
61 10
65 10
66 10
67 10
68 10
70 10
73 10
74 10
75 10
76 10
77 10
79 10
80 10
84 10
85 10
87 10
88 10
91 10
92 10
93 10
96 10
97 10
99 10
100 10
2 11
3 11
5 11
7 11
9 11
10 11
12 11
13 11
14 11
19 11
20 11
21 11
23 11
32 11
33 11
34 11
36 11
39 11
40 11
41 11
42 11
45 11
46 11
51 11
57 11
61 11
67 11
68 11
69 11
71 11
72 11
75 11
76 11
77 11
80 11
81 11
82 11
83 11
84 11
88 11
92 11
99 11
1 12
3 12
4 12
5 12
6 12
7 12
9 12
11 12
12 12
16 12
17 12
20 12
21 12
23 12
24 12
27 12
29 12
30 12
31 12
32 12
33 12
35 12
39 12
40 12
41 12
42 12
43 12
50 12
53 12
57 12
59 12
60 12
61 12
62 12
63 12
64 12
66 12
67 12
69 12
70 12
71 12
73 12
75 12
76 12
79 12
81 12
82 12
85 12
86 12
87 12
88 12
90 12
94 12
96 12
97 12
99 12
100 12
1 13
4 13
6 13
7 13
8 13
9 13
12 13
13 13
14 13
18 13
21 13
22 13
27 13
29 13
30 13
31 13
33 13
36 13
37 13
40 13
41 13
42 13
46 13
47 13
49 13
50 13
53 13
54 13
55 13
58 13
60 13
62 13
64 13
67 13
71 13
72 13
73 13
78 13
79 13
80 13
81 13
82 13
83 13
88 13
92 13
94 13
96 13
98 13
99 13
1 14
5 14
6 14
7 14
9 14
10 14
12 14
14 14
15 14
16 14
19 14
23 14
24 14
25 14
26 14
29 14
30 14
31 14
32 14
33 14
34 14
35 14
36 14
40 14
41 14
42 14
44 14
46 14
50 14
51 14
52 14
54 14
55 14
58 14
60 14
61 14
62 14
63 14
65 14
66 14
67 14
68 14
69 14
70 14
71 14
72 14
73 14
77 14
78 14
79 14
82 14
86 14
87 14
88 14
89 14
90 14
91 14
97 14
98 14
1 15
4 15
7 15
8 15
11 15
12 15
13 15
14 15
15 15
16 15
17 15
24 15
25 15
26 15
30 15
31 15
32 15
33 15
40 15
43 15
45 15
49 15
51 15
52 15
53 15
55 15
57 15
59 15
63 15
65 15
66 15
68 15
69 15
70 15
72 15
73 15
76 15
77 15
78 15
79 15
83 15
85 15
89 15
92 15
93 15
95 15
96 15
97 15
99 15
100 15
2 16
3 16
4 16
6 16
8 16
10 16
11 16
12 16
14 16
17 16
18 16
19 16
21 16
24 16
25 16
27 16
28 16
29 16
30 16
31 16
32 16
34 16
38 16
40 16
41 16
42 16
43 16
45 16
46 16
48 16
50 16
54 16
55 16
56 16
61 16
62 16
63 16
64 16
66 16
67 16
68 16
71 16
73 16
75 16
76 16
81 16
82 16
84 16
85 16
86 16
87 16
89 16
90 16
94 16
96 16
99 16
2 17
3 17
5 17
6 17
7 17
9 17
11 17
12 17
13 17
14 17
16 17
17 17
19 17
20 17
23 17
25 17
28 17
31 17
35 17
37 17
43 17
46 17
47 17
49 17
50 17
53 17
55 17
62 17
65 17
67 17
68 17
70 17
71 17
72 17
80 17
82 17
83 17
84 17
85 17
86 17
87 17
89 17
90 17
97 17
99 17
3 18
4 18
5 18
6 18
12 18
14 18
15 18
17 18
19 18
21 18
23 18
29 18
33 18
35 18
37 18
38 18
39 18
41 18
44 18
45 18
46 18
49 18
50 18
51 18
53 18
54 18
56 18
58 18
59 18
60 18
63 18
64 18
66 18
69 18
72 18
75 18
77 18
80 18
81 18
82 18
84 18
86 18
87 18
88 18
90 18
92 18
96 18
97 18
98 18
100 18
1 19
2 19
4 19
5 19
15 19
16 19
19 19
20 19
22 19
23 19
25 19
31 19
34 19
35 19
36 19
38 19
39 19
40 19
42 19
48 19
49 19
52 19
54 19
55 19
57 19
59 19
61 19
62 19
63 19
65 19
67 19
68 19
71 19
75 19
78 19
81 19
82 19
83 19
85 19
88 19
89 19
90 19
95 19
97 19
98 19
100 19
3 20
5 20
6 20
8 20
14 20
15 20
19 20
25 20
30 20
31 20
33 20
39 20
40 20
42 20
43 20
44 20
45 20
46 20
48 20
49 20
51 20
52 20
56 20
58 20
59 20
61 20
62 20
63 20
66 20
69 20
71 20
72 20
73 20
74 20
76 20
77 20
80 20
81 20
82 20
83 20
85 20
88 20
90 20
91 20
92 20
93 20
94 20
98 20
99 20
100 20
2 21
4 21
6 21
8 21
14 21
15 21
18 21
19 21
20 21
21 21
22 21
25 21
28 21
31 21
32 21
35 21
36 21
39 21
40 21
43 21
44 21
45 21
48 21
50 21
51 21
52 21
54 21
57 21
58 21
62 21
64 21
65 21
67 21
70 21
71 21
72 21
74 21
75 21
77 21
79 21
80 21
85 21
86 21
87 21
90 21
96 21
99 21
1 22
2 22
3 22
5 22
9 22
11 22
12 22
13 22
14 22
17 22
22 22
25 22
28 22
30 22
31 22
32 22
33 22
36 22
37 22
38 22
41 22
42 22
45 22
46 22
47 22
48 22
50 22
51 22
58 22
59 22
60 22
62 22
64 22
65 22
66 22
67 22
69 22
70 22
72 22
74 22
77 22
78 22
81 22
82 22
83 22
84 22
86 22
87 22
90 22
92 22
93 22
94 22
95 22
96 22
97 22
99 22
1 23
2 23
3 23
4 23
5 23
6 23
8 23
9 23
10 23
13 23
17 23
18 23
23 23
24 23
25 23
26 23
30 23
31 23
32 23
34 23
37 23
38 23
41 23
45 23
46 23
49 23
51 23
52 23
53 23
54 23
55 23
58 23
63 23
64 23
65 23
66 23
67 23
68 23
70 23
72 23
73 23
74 23
76 23
79 23
80 23
82 23
83 23
84 23
85 23
92 23
94 23
95 23
97 23
98 23
99 23
5 24
12 24
13 24
14 24
15 24
16 24
17 24
18 24
19 24
20 24
21 24
22 24
23 24
26 24
27 24
30 24
32 24
36 24
37 24
41 24
42 24
44 24
45 24
48 24
49 24
50 24
56 24
57 24
59 24
61 24
62 24
63 24
64 24
65 24
67 24
68 24
70 24
71 24
72 24
73 24
74 24
78 24
80 24
82 24
84 24
86 24
88 24
90 24
92 24
93 24
94 24
99 24
3 25
6 25
7 25
8 25
12 25
14 25
17 25
20 25
28 25
36 25
37 25
40 25
44 25
45 25
49 25
51 25
52 25
53 25
56 25
59 25
60 25
62 25
64 25
66 25
67 25
68 25
69 25
71 25
73 25
76 25
77 25
79 25
81 25
82 25
84 25
86 25
88 25
89 25
92 25
95 25
1 26
3 26
6 26
10 26
13 26
15 26
16 26
17 26
19 26
20 26
23 26
30 26
31 26
32 26
33 26
34 26
35 26
38 26
40 26
41 26
44 26
45 26
46 26
47 26
49 26
50 26
54 26
56 26
57 26
59 26
62 26
64 26
68 26
69 26
76 26
77 26
78 26
80 26
83 26
85 26
87 26
90 26
91 26
92 26
99 26
100 26
2 27
6 27
8 27
9 27
10 27
15 27
19 27
21 27
22 27
23 27
24 27
26 27
27 27
28 27
29 27
30 27
31 27
33 27
39 27
40 27
41 27
45 27
46 27
47 27
48 27
49 27
52 27
54 27
56 27
58 27
60 27
61 27
63 27
65 27
69 27
70 27
72 27
73 27
78 27
80 27
82 27
83 27
84 27
85 27
87 27
88 27
90 27
95 27
96 27
97 27
98 27
1 28
2 28
3 28
7 28
10 28
12 28
13 28
16 28
17 28
20 28
25 28
26 28
27 28
28 28
29 28
30 28
31 28
33 28
36 28
37 28
40 28
41 28
43 28
49 28
52 28
54 28
56 28
58 28
59 28
61 28
64 28
66 28
68 28
69 28
71 28
73 28
74 28
75 28
76 28
77 28
78 28
79 28
80 28
83 28
84 28
85 28
87 28
90 28
91 28
93 28
95 28
96 28
99 28
100 28
2 29
6 29
7 29
8 29
11 29
16 29
17 29
18 29
22 29
27 29
28 29
29 29
30 29
31 29
32 29
33 29
35 29
36 29
37 29
38 29
39 29
41 29
43 29
44 29
45 29
46 29
48 29
49 29
50 29
51 29
53 29
54 29
55 29
56 29
59 29
60 29
62 29
63 29
67 29
68 29
69 29
74 29
75 29
76 29
78 29
79 29
84 29
86 29
88 29
89 29
90 29
91 29
92 29
94 29
95 29
96 29
97 29
99 29
100 29
6 30
7 30
10 30
13 30
15 30
16 30
17 30
18 30
19 30
20 30
22 30
24 30
25 30
26 30
30 30
34 30
36 30
40 30
47 30
48 30
49 30
51 30
52 30
54 30
55 30
56 30
60 30
65 30
67 30
71 30
72 30
74 30
76 30
83 30
84 30
85 30
86 30
87 30
91 30
94 30
96 30
97 30
100 30
1 31
2 31
5 31
7 31
8 31
9 31
10 31
13 31
14 31
15 31
17 31
18 31
19 31
23 31
25 31
26 31
27 31
28 31
29 31
31 31
32 31
33 31
34 31
37 31
38 31
40 31
43 31
44 31
47 31
48 31
50 31
55 31
56 31
57 31
60 31
61 31
63 31
64 31
66 31
69 31
70 31
71 31
72 31
73 31
78 31
79 31
80 31
81 31
86 31
89 31
92 31
94 31
95 31
97 31
99 31
100 31
3 32
5 32
7 32
10 32
12 32
13 32
21 32
25 32
26 32
31 32
34 32
35 32
36 32
37 32
40 32
42 32
43 32
44 32
45 32
48 32
50 32
51 32
53 32
55 32
59 32
60 32
62 32
64 32
68 32
69 32
72 32
73 32
81 32
82 32
83 32
86 32
87 32
88 32
90 32
92 32
94 32
95 32
100 32
1 33
3 33
4 33
7 33
9 33
10 33
14 33
16 33
18 33
21 33
22 33
26 33
27 33
28 33
29 33
30 33
33 33
34 33
35 33
38 33
39 33
40 33
43 33
48 33
51 33
52 33
62 33
63 33
65 33
72 33
73 33
77 33
78 33
82 33
83 33
84 33
85 33
87 33
90 33
91 33
94 33
96 33
100 33
3 34
5 34
6 34
7 34
9 34
12 34
14 34
17 34
21 34
22 34
23 34
25 34
26 34
28 34
29 34
30 34
31 34
32 34
34 34
38 34
42 34
44 34
46 34
48 34
49 34
51 34
52 34
53 34
54 34
55 34
56 34
58 34
60 34
61 34
62 34
63 34
64 34
66 34
67 34
68 34
69 34
70 34
71 34
74 34
75 34
76 34
78 34
79 34
85 34
86 34
87 34
88 34
91 34
94 34
96 34
97 34
1 35
2 35
4 35
5 35
8 35
9 35
10 35
11 35
13 35
17 35
18 35
20 35
23 35
24 35
26 35
28 35
30 35
33 35
34 35
38 35
40 35
41 35
42 35
43 35
46 35
50 35
51 35
52 35
60 35
62 35
63 35
64 35
65 35
69 35
73 35
74 35
75 35
78 35
79 35
82 35
87 35
89 35
92 35
94 35
96 35
97 35
100 35
2 36
3 36
4 36
6 36
8 36
10 36
11 36
14 36
18 36
20 36
24 36
27 36
28 36
29 36
31 36
33 36
36 36
40 36
41 36
42 36
46 36
48 36
49 36
50 36
54 36
59 36
60 36
62 36
63 36
64 36
69 36
70 36
72 36
74 36
76 36
77 36
79 36
81 36
84 36
88 36
91 36
92 36
94 36
96 36
100 36
3 37
5 37
11 37
13 37
17 37
20 37
21 37
24 37
25 37
27 37
29 37
31 37
34 37
36 37
38 37
40 37
41 37
43 37
44 37
54 37
55 37
58 37
61 37
62 37
66 37
67 37
69 37
71 37
74 37
79 37
81 37
84 37
88 37
89 37
90 37
92 37
93 37
95 37
97 37
100 37
2 38
4 38
6 38
8 38
9 38
10 38
14 38
15 38
16 38
17 38
18 38
19 38
20 38
21 38
23 38
24 38
31 38
32 38
34 38
36 38
38 38
41 38
42 38
47 38
52 38
53 38
55 38
59 38
61 38
62 38
63 38
64 38
65 38
67 38
68 38
69 38
70 38
71 38
72 38
73 38
74 38
79 38
80 38
84 38
86 38
88 38
90 38
91 38
92 38
93 38
94 38
97 38
98 38
100 38
1 39
3 39
4 39
6 39
11 39
12 39
15 39
16 39
18 39
19 39
22 39
23 39
24 39
26 39
27 39
29 39
30 39
33 39
40 39
43 39
45 39
51 39
56 39
58 39
61 39
62 39
63 39
64 39
68 39
69 39
70 39
72 39
73 39
74 39
79 39
80 39
84 39
86 39
88 39
90 39
92 39
93 39
94 39
97 39
98 39
99 39
100 39
4 40
7 40
13 40
17 40
21 40
24 40
26 40
27 40
28 40
29 40
30 40
33 40
38 40
39 40
40 40
44 40
46 40
47 40
50 40
51 40
52 40
53 40
54 40
55 40
58 40
59 40
63 40
64 40
65 40
66 40
67 40
68 40
70 40
72 40
73 40
77 40
79 40
82 40
83 40
86 40
87 40
89 40
92 40
93 40
94 40
96 40
97 40
100 40
1 41
2 41
6 41
7 41
8 41
9 41
13 41
15 41
18 41
21 41
22 41
23 41
24 41
26 41
27 41
28 41
30 41
33 41
36 41
38 41
40 41
41 41
42 41
43 41
45 41
49 41
51 41
52 41
53 41
56 41
57 41
58 41
60 41
64 41
65 41
67 41
68 41
70 41
71 41
72 41
73 41
75 41
76 41
77 41
80 41
82 41
86 41
90 41
91 41
92 41
97 41
99 41
100 41
2 42
3 42
5 42
6 42
18 42
20 42
25 42
27 42
31 42
32 42
34 42
37 42
38 42
41 42
46 42
49 42
53 42
55 42
56 42
57 42
59 42
60 42
61 42
63 42
64 42
66 42
67 42
73 42
74 42
75 42
76 42
77 42
79 42
87 42
88 42
89 42
90 42
92 42
97 42
98 42
100 42
1 43
2 43
3 43
4 43
5 43
6 43
7 43
8 43
11 43
14 43
15 43
16 43
17 43
18 43
20 43
23 43
25 43
27 43
28 43
29 43
30 43
31 43
34 43
35 43
36 43
39 43
40 43
46 43
47 43
49 43
51 43
52 43
53 43
55 43
57 43
63 43
65 43
66 43
68 43
70 43
72 43
73 43
74 43
75 43
76 43
77 43
78 43
79 43
83 43
84 43
85 43
86 43
87 43
93 43
95 43
96 43
97 43
99 43
100 43
2 44
4 44
6 44
7 44
8 44
11 44
12 44
17 44
19 44
20 44
21 44
23 44
24 44
26 44
27 44
28 44
29 44
32 44
33 44
39 44
40 44
43 44
44 44
46 44
47 44
50 44
51 44
52 44
53 44
54 44
56 44
58 44
59 44
60 44
63 44
66 44
67 44
71 44
72 44
73 44
74 44
76 44
77 44
82 44
83 44
86 44
89 44
92 44
93 44
94 44
95 44
96 44
100 44
1 45
3 45
5 45
7 45
8 45
9 45
10 45
11 45
12 45
17 45
18 45
22 45
24 45
25 45
26 45
27 45
28 45
29 45
31 45
32 45
33 45
35 45
38 45
42 45
43 45
46 45
48 45
53 45
54 45
56 45
59 45
60 45
61 45
64 45
65 45
66 45
69 45
71 45
73 45
74 45
78 45
81 45
82 45
83 45
85 45
87 45
90 45
91 45
93 45
94 45
97 45
1 46
2 46
5 46
6 46
12 46
14 46
17 46
22 46
25 46
26 46
28 46
30 46
31 46
32 46
33 46
34 46
35 46
37 46
40 46
41 46
43 46
45 46
46 46
48 46
49 46
51 46
52 46
59 46
60 46
61 46
62 46
63 46
65 46
66 46
71 46
73 46
76 46
78 46
83 46
87 46
91 46
93 46
94 46
95 46
1 47
4 47
5 47
6 47
8 47
10 47
11 47
12 47
13 47
14 47
16 47
18 47
20 47
21 47
24 47
25 47
30 47
31 47
33 47
34 47
35 47
36 47
38 47
39 47
40 47
41 47
42 47
50 47
51 47
52 47
53 47
55 47
57 47
58 47
59 47
60 47
62 47
63 47
67 47
68 47
73 47
80 47
83 47
84 47
85 47
86 47
87 47
90 47
91 47
92 47
93 47
94 47
95 47
98 47
1 48
2 48
4 48
6 48
8 48
13 48
14 48
15 48
16 48
21 48
22 48
23 48
24 48
25 48
28 48
30 48
31 48
32 48
33 48
37 48
39 48
41 48
42 48
45 48
46 48
59 48
60 48
65 48
67 48
68 48
69 48
70 48
72 48
73 48
75 48
76 48
77 48
78 48
79 48
80 48
82 48
83 48
87 48
89 48
90 48
94 48
98 48
99 48
1 49
5 49
7 49
14 49
15 49
18 49
20 49
21 49
23 49
24 49
26 49
27 49
33 49
36 49
37 49
38 49
40 49
41 49
42 49
44 49
45 49
46 49
48 49
53 49
54 49
56 49
57 49
58 49
65 49
66 49
68 49
70 49
71 49
72 49
73 49
74 49
76 49
77 49
79 49
81 49
82 49
83 49
85 49
86 49
87 49
89 49
90 49
91 49
92 49
93 49
95 49
100 49
1 50
2 50
3 50
5 50
6 50
13 50
15 50
18 50
19 50
22 50
23 50
25 50
26 50
29 50
31 50
32 50
34 50
35 50
36 50
37 50
38 50
40 50
41 50
42 50
45 50
47 50
48 50
50 50
54 50
56 50
58 50
59 50
62 50
67 50
68 50
69 50
74 50
75 50
76 50
77 50
80 50
83 50
86 50
88 50
91 50
94 50
97 50
100 50
1 51
2 51
4 51
5 51
6 51
9 51
11 51
13 51
14 51
16 51
18 51
22 51
23 51
24 51
26 51
28 51
29 51
30 51
31 51
32 51
35 51
37 51
38 51
41 51
42 51
44 51
45 51
46 51
47 51
48 51
49 51
51 51
52 51
53 51
54 51
55 51
56 51
58 51
59 51
62 51
63 51
65 51
66 51
67 51
68 51
70 51
72 51
73 51
74 51
75 51
78 51
80 51
81 51
82 51
83 51
84 51
85 51
86 51
88 51
91 51
92 51
94 51
95 51
96 51
99 51
1 52
2 52
3 52
5 52
9 52
10 52
11 52
12 52
13 52
18 52
24 52
25 52
26 52
27 52
28 52
32 52
35 52
41 52
42 52
43 52
45 52
46 52
51 52
54 52
55 52
56 52
59 52
60 52
61 52
63 52
67 52
68 52
69 52
72 52
75 52
76 52
79 52
80 52
81 52
82 52
85 52
90 52
91 52
92 52
93 52
94 52
95 52
99 52
1 53
2 53
6 53
7 53
9 53
11 53
12 53
16 53
23 53
24 53
26 53
29 53
30 53
33 53
36 53
37 53
42 53
48 53
50 53
51 53
53 53
58 53
59 53
63 53
65 53
66 53
69 53
70 53
71 53
75 53
77 53
79 53
81 53
84 53
85 53
86 53
87 53
88 53
89 53
90 53
91 53
92 53
96 53
97 53
100 53
2 54
3 54
7 54
8 54
9 54
10 54
11 54
14 54
15 54
18 54
19 54
21 54
22 54
23 54
24 54
26 54
28 54
29 54
30 54
31 54
33 54
35 54
37 54
38 54
39 54
40 54
41 54
42 54
45 54
48 54
49 54
50 54
53 54
54 54
55 54
56 54
57 54
60 54
62 54
64 54
65 54
66 54
67 54
68 54
69 54
77 54
78 54
80 54
81 54
82 54
84 54
85 54
88 54
89 54
91 54
94 54
95 54
97 54
98 54
100 54
1 55
2 55
3 55
4 55
6 55
7 55
10 55
12 55
13 55
14 55
15 55
17 55
18 55
22 55
24 55
27 55
29 55
31 55
32 55
33 55
35 55
39 55
40 55
41 55
44 55
46 55
47 55
48 55
50 55
51 55
52 55
57 55
62 55
66 55
70 55
71 55
72 55
74 55
76 55
77 55
80 55
81 55
82 55
85 55
86 55
87 55
88 55
89 55
91 55
92 55
93 55
100 55
3 56
4 56
6 56
8 56
9 56
10 56
12 56
14 56
16 56
19 56
21 56
27 56
29 56
32 56
34 56
41 56
42 56
46 56
48 56
57 56
59 56
60 56
65 56
66 56
67 56
68 56
71 56
72 56
76 56
79 56
80 56
82 56
84 56
87 56
88 56
89 56
92 56
93 56
99 56
2 57
3 57
5 57
7 57
10 57
19 57
20 57
21 57
23 57
26 57
28 57
29 57
30 57
31 57
32 57
33 57
37 57
40 57
43 57
46 57
47 57
48 57
51 57
54 57
55 57
56 57
58 57
60 57
61 57
64 57
65 57
67 57
68 57
69 57
72 57
74 57
77 57
78 57
81 57
82 57
85 57
89 57
90 57
92 57
94 57
95 57
3 58
4 58
6 58
9 58
11 58
13 58
15 58
16 58
18 58
19 58
24 58
27 58
30 58
33 58
40 58
41 58
42 58
43 58
44 58
45 58
46 58
48 58
52 58
53 58
54 58
56 58
58 58
59 58
61 58
62 58
64 58
71 58
72 58
74 58
75 58
77 58
78 58
79 58
80 58
81 58
82 58
83 58
85 58
88 58
89 58
96 58
97 58
99 58
100 58
4 59
5 59
6 59
8 59
10 59
11 59
13 59
14 59
16 59
18 59
20 59
24 59
25 59
26 59
27 59
28 59
29 59
34 59
35 59
36 59
38 59
42 59
43 59
44 59
46 59
47 59
48 59
49 59
51 59
54 59
55 59
56 59
57 59
59 59
61 59
66 59
67 59
68 59
70 59
72 59
75 59
76 59
79 59
81 59
84 59
87 59
88 59
89 59
90 59
92 59
93 59
95 59
96 59
97 59
98 59
100 59
2 60
3 60
4 60
5 60
6 60
7 60
8 60
12 60
13 60
14 60
21 60
22 60
23 60
27 60
31 60
33 60
37 60
40 60
41 60
42 60
45 60
46 60
48 60
49 60
50 60
54 60
56 60
57 60
58 60
59 60
60 60
63 60
67 60
71 60
72 60
73 60
76 60
80 60
81 60
83 60
84 60
88 60
89 60
91 60
94 60
96 60
97 60
98 60
1 61
2 61
3 61
7 61
10 61
11 61
12 61
14 61
15 61
18 61
20 61
21 61
22 61
23 61
24 61
26 61
27 61
28 61
29 61
32 61
35 61
36 61
38 61
42 61
44 61
45 61
47 61
48 61
49 61
50 61
53 61
54 61
56 61
57 61
58 61
65 61
67 61
68 61
71 61
78 61
79 61
82 61
83 61
85 61
87 61
90 61
93 61
94 61
100 61
2 62
3 62
4 62
8 62
9 62
12 62
13 62
14 62
15 62
16 62
18 62
20 62
21 62
23 62
24 62
25 62
26 62
27 62
29 62
30 62
31 62
34 62
39 62
40 62
44 62
46 62
47 62
48 62
49 62
50 62
51 62
60 62
61 62
62 62
63 62
65 62
66 62
70 62
71 62
75 62
76 62
77 62
78 62
79 62
82 62
83 62
85 62
90 62
92 62
93 62
94 62
95 62
96 62
97 62
100 62
3 63
4 63
5 63
10 63
11 63
13 63
15 63
16 63
18 63
21 63
22 63
25 63
26 63
29 63
31 63
32 63
33 63
35 63
37 63
38 63
42 63
43 63
44 63
45 63
46 63
47 63
48 63
49 63
50 63
51 63
52 63
55 63
57 63
60 63
62 63
64 63
66 63
68 63
71 63
72 63
73 63
77 63
79 63
82 63
83 63
84 63
86 63
91 63
92 63
95 63
99 63
100 63
1 64
2 64
4 64
5 64
7 64
8 64
9 64
10 64
11 64
13 64
14 64
15 64
16 64
17 64
19 64
21 64
23 64
24 64
25 64
27 64
29 64
31 64
33 64
36 64
37 64
38 64
39 64
40 64
41 64
43 64
44 64
46 64
47 64
48 64
49 64
51 64
53 64
54 64
57 64
58 64
61 64
64 64
65 64
66 64
67 64
70 64
72 64
73 64
76 64
77 64
79 64
80 64
83 64
84 64
85 64
86 64
87 64
88 64
89 64
90 64
91 64
92 64
95 64
98 64
2 65
6 65
7 65
8 65
10 65
12 65
13 65
14 65
16 65
19 65
20 65
23 65
26 65
29 65
30 65
31 65
32 65
33 65
36 65
37 65
40 65
41 65
42 65
44 65
46 65
50 65
54 65
58 65
61 65
63 65
64 65
67 65
68 65
69 65
70 65
72 65
76 65
79 65
82 65
84 65
85 65
88 65
89 65
90 65
92 65
93 65
95 65
97 65
98 65
1 66
2 66
3 66
7 66
14 66
15 66
17 66
18 66
19 66
22 66
23 66
28 66
29 66
37 66
44 66
47 66
48 66
49 66
54 66
56 66
57 66
58 66
59 66
61 66
63 66
65 66
66 66
71 66
73 66
75 66
77 66
79 66
80 66
81 66
84 66
85 66
87 66
91 66
96 66
97 66
99 66
2 67
4 67
6 67
7 67
11 67
17 67
20 67
21 67
22 67
24 67
25 67
28 67
29 67
31 67
33 67
36 67
38 67
40 67
41 67
43 67
44 67
45 67
49 67
54 67
60 67
62 67
63 67
66 67
67 67
69 67
71 67
74 67
76 67
77 67
78 67
80 67
83 67
87 67
88 67
89 67
91 67
93 67
97 67
99 67
2 68
10 68
13 68
16 68
19 68
21 68
24 68
25 68
29 68
34 68
35 68
37 68
38 68
40 68
42 68
43 68
44 68
45 68
48 68
49 68
55 68
58 68
59 68
60 68
62 68
65 68
66 68
67 68
71 68
73 68
77 68
81 68
85 68
90 68
94 68
96 68
97 68
2 69
7 69
8 69
11 69
13 69
14 69
19 69
23 69
24 69
27 69
29 69
32 69
33 69
34 69
36 69
38 69
39 69
40 69
42 69
43 69
45 69
46 69
47 69
48 69
58 69
60 69
61 69
62 69
63 69
66 69
67 69
70 69
74 69
76 69
78 69
79 69
80 69
82 69
83 69
85 69
86 69
89 69
91 69
92 69
95 69
96 69
97 69
98 69
100 69
2 70
4 70
6 70
7 70
8 70
9 70
10 70
13 70
15 70
16 70
17 70
19 70
20 70
24 70
25 70
26 70
27 70
28 70
30 70
33 70
34 70
37 70
38 70
40 70
45 70
48 70
49 70
50 70
53 70
54 70
55 70
56 70
57 70
58 70
64 70
66 70
67 70
68 70
69 70
70 70
72 70
73 70
74 70
75 70
76 70
77 70
78 70
80 70
87 70
88 70
93 70
95 70
98 70
100 70
4 71
10 71
11 71
14 71
17 71
21 71
22 71
23 71
24 71
25 71
29 71
30 71
35 71
36 71
37 71
38 71
39 71
42 71
43 71
44 71
48 71
51 71
52 71
54 71
56 71
58 71
61 71
62 71
63 71
65 71
67 71
70 71
71 71
72 71
73 71
76 71
80 71
82 71
83 71
84 71
85 71
86 71
87 71
89 71
91 71
92 71
93 71
94 71
95 71
97 71
2 72
3 72
4 72
6 72
10 72
12 72
14 72
15 72
17 72
18 72
23 72
24 72
27 72
31 72
32 72
37 72
39 72
40 72
43 72
45 72
47 72
49 72
50 72
52 72
53 72
54 72
57 72
58 72
60 72
62 72
64 72
65 72
66 72
67 72
75 72
76 72
77 72
79 72
81 72
82 72
83 72
85 72
87 72
88 72
89 72
92 72
93 72
95 72
97 72
98 72
99 72
100 72
3 73
8 73
11 73
12 73
14 73
16 73
17 73
18 73
19 73
23 73
24 73
26 73
28 73
32 73
33 73
34 73
38 73
41 73
43 73
45 73
47 73
48 73
49 73
50 73
51 73
52 73
53 73
55 73
56 73
58 73
60 73
63 73
65 73
66 73
70 73
71 73
72 73
75 73
76 73
81 73
85 73
87 73
88 73
89 73
91 73
92 73
93 73
98 73
99 73
1 74
3 74
5 74
11 74
12 74
14 74
17 74
18 74
22 74
23 74
24 74
25 74
29 74
31 74
34 74
37 74
39 74
40 74
43 74
47 74
49 74
51 74
53 74
54 74
55 74
57 74
58 74
63 74
65 74
67 74
73 74
74 74
75 74
77 74
80 74
85 74
87 74
88 74
89 74
90 74
91 74
98 74
100 74
3 75
5 75
6 75
7 75
10 75
12 75
17 75
18 75
23 75
27 75
28 75
30 75
31 75
32 75
33 75
36 75
37 75
38 75
42 75
43 75
45 75
46 75
47 75
48 75
53 75
55 75
58 75
62 75
68 75
69 75
70 75
72 75
74 75
75 75
76 75
81 75
83 75
85 75
87 75
88 75
90 75
92 75
93 75
94 75
100 75
1 76
6 76
7 76
8 76
13 76
14 76
15 76
18 76
24 76
31 76
32 76
37 76
39 76
40 76
42 76
46 76
48 76
50 76
52 76
53 76
54 76
56 76
57 76
58 76
59 76
60 76
62 76
63 76
64 76
72 76
74 76
76 76
80 76
82 76
83 76
84 76
86 76
89 76
90 76
92 76
93 76
95 76
96 76
98 76
99 76
1 77
3 77
4 77
9 77
12 77
15 77
18 77
19 77
21 77
23 77
25 77
29 77
30 77
32 77
36 77
37 77
38 77
42 77
43 77
44 77
45 77
47 77
48 77
50 77
56 77
57 77
58 77
59 77
61 77
62 77
64 77
65 77
66 77
71 77
72 77
75 77
79 77
80 77
83 77
84 77
87 77
89 77
90 77
91 77
95 77
96 77
98 77
99 77
1 78
2 78
7 78
10 78
12 78
13 78
14 78
15 78
18 78
19 78
20 78
24 78
26 78
27 78
32 78
34 78
35 78
40 78
41 78
42 78
43 78
44 78
46 78
47 78
48 78
54 78
55 78
59 78
60 78
64 78
69 78
74 78
75 78
77 78
78 78
79 78
81 78
84 78
87 78
88 78
89 78
90 78
94 78
95 78
96 78
97 78
99 78
100 78
1 79
2 79
3 79
4 79
5 79
6 79
8 79
10 79
11 79
13 79
15 79
18 79
21 79
24 79
25 79
26 79
27 79
30 79
31 79
33 79
36 79
37 79
38 79
40 79
44 79
46 79
47 79
48 79
49 79
50 79
52 79
53 79
56 79
57 79
58 79
59 79
61 79
62 79
65 79
66 79
68 79
69 79
71 79
72 79
73 79
75 79
79 79
80 79
82 79
84 79
85 79
86 79
87 79
89 79
90 79
91 79
92 79
94 79
97 79
98 79
1 80
3 80
4 80
9 80
11 80
12 80
13 80
14 80
16 80
17 80
19 80
21 80
22 80
24 80
28 80
29 80
30 80
31 80
32 80
33 80
34 80
37 80
38 80
42 80
43 80
46 80
47 80
51 80
52 80
53 80
54 80
55 80
58 80
61 80
63 80
68 80
69 80
71 80
72 80
73 80
75 80
78 80
79 80
80 80
81 80
83 80
84 80
88 80
89 80
91 80
92 80
94 80
96 80
98 80
99 80
3 81
5 81
7 81
9 81
12 81
15 81
19 81
20 81
24 81
25 81
26 81
29 81
31 81
32 81
33 81
34 81
35 81
36 81
38 81
40 81
44 81
47 81
54 81
56 81
57 81
58 81
61 81
64 81
66 81
67 81
72 81
76 81
77 81
79 81
81 81
83 81
85 81
86 81
87 81
88 81
91 81
92 81
93 81
94 81
96 81
97 81
99 81
3 82
8 82
12 82
15 82
17 82
21 82
23 82
25 82
27 82
29 82
31 82
32 82
33 82
34 82
35 82
37 82
39 82
41 82
47 82
48 82
50 82
51 82
52 82
53 82
57 82
58 82
60 82
64 82
66 82
69 82
73 82
77 82
80 82
82 82
88 82
89 82
92 82
93 82
96 82
98 82
100 82
1 83
3 83
6 83
7 83
10 83
14 83
16 83
17 83
20 83
22 83
25 83
26 83
27 83
33 83
36 83
40 83
44 83
47 83
48 83
49 83
53 83
55 83
58 83
60 83
61 83
65 83
66 83
67 83
68 83
70 83
71 83
77 83
80 83
81 83
82 83
84 83
85 83
86 83
87 83
91 83
92 83
93 83
94 83
100 83
1 84
2 84
4 84
5 84
6 84
7 84
8 84
12 84
14 84
16 84
18 84
19 84
20 84
22 84
24 84
25 84
29 84
30 84
39 84
40 84
42 84
43 84
44 84
45 84
46 84
48 84
50 84
51 84
52 84
55 84
63 84
65 84
70 84
71 84
74 84
76 84
80 84
81 84
82 84
83 84
86 84
89 84
90 84
91 84
93 84
94 84
99 84
100 84
1 85
5 85
7 85
11 85
13 85
14 85
16 85
20 85
21 85
22 85
23 85
25 85
26 85
27 85
28 85
30 85
37 85
38 85
41 85
42 85
43 85
44 85
47 85
50 85
51 85
52 85
54 85
55 85
58 85
62 85
64 85
67 85
68 85
71 85
72 85
76 85
78 85
79 85
80 85
82 85
87 85
91 85
92 85
93 85
99 85
1 86
2 86
3 86
4 86
5 86
6 86
7 86
9 86
12 86
14 86
15 86
16 86
17 86
19 86
21 86
22 86
26 86
27 86
30 86
33 86
35 86
37 86
38 86
41 86
42 86
44 86
46 86
47 86
50 86
53 86
55 86
57 86
59 86
61 86
62 86
64 86
67 86
69 86
73 86
74 86
75 86
79 86
80 86
86 86
87 86
90 86
92 86
94 86
96 86
97 86
1 87
3 87
6 87
7 87
8 87
9 87
11 87
12 87
16 87
18 87
19 87
22 87
24 87
27 87
28 87
29 87
30 87
31 87
32 87
35 87
37 87
38 87
41 87
45 87
46 87
51 87
52 87
54 87
55 87
57 87
60 87
61 87
66 87
67 87
68 87
70 87
73 87
75 87
76 87
80 87
82 87
83 87
86 87
90 87
91 87
94 87
97 87
100 87
2 88
4 88
6 88
9 88
10 88
11 88
14 88
16 88
17 88
18 88
20 88
23 88
26 88
27 88
32 88
36 88
40 88
41 88
43 88
49 88
50 88
53 88
54 88
55 88
56 88
57 88
59 88
60 88
62 88
63 88
65 88
66 88
68 88
70 88
71 88
72 88
75 88
76 88
82 88
83 88
84 88
86 88
87 88
88 88
89 88
94 88
95 88
96 88
97 88
99 88
100 88
4 89
6 89
7 89
10 89
11 89
12 89
13 89
16 89
17 89
19 89
22 89
29 89
30 89
31 89
34 89
39 89
40 89
43 89
44 89
46 89
47 89
48 89
49 89
52 89
55 89
58 89
59 89
64 89
66 89
68 89
70 89
71 89
73 89
74 89
77 89
78 89
80 89
81 89
83 89
84 89
85 89
86 89
94 89
95 89
96 89
97 89
98 89
99 89
1 90
5 90
10 90
11 90
12 90
13 90
14 90
15 90
18 90
19 90
23 90
25 90
26 90
27 90
28 90
29 90
30 90
34 90
35 90
36 90
37 90
40 90
42 90
44 90
47 90
48 90
49 90
50 90
52 90
53 90
59 90
60 90
61 90
63 90
68 90
70 90
72 90
75 90
76 90
78 90
80 90
81 90
82 90
83 90
88 90
89 90
91 90
94 90
96 90
97 90
1 91
4 91
6 91
7 91
9 91
10 91
13 91
15 91
17 91
18 91
21 91
22 91
28 91
31 91
33 91
34 91
36 91
42 91
43 91
44 91
48 91
50 91
51 91
53 91
54 91
56 91
57 91
58 91
62 91
65 91
66 91
67 91
70 91
74 91
75 91
76 91
78 91
82 91
83 91
84 91
85 91
87 91
89 91
90 91
91 91
93 91
95 91
99 91
1 92
2 92
3 92
9 92
12 92
16 92
17 92
18 92
19 92
21 92
23 92
24 92
25 92
26 92
27 92
29 92
30 92
31 92
34 92
35 92
36 92
37 92
40 92
45 92
46 92
48 92
49 92
50 92
55 92
57 92
58 92
59 92
61 92
63 92
64 92
65 92
66 92
67 92
70 92
72 92
76 92
77 92
79 92
81 92
82 92
84 92
86 92
88 92
90 92
91 92
92 92
93 92
94 92
96 92
98 92
99 92
100 92
1 93
2 93
4 93
6 93
10 93
12 93
13 93
19 93
22 93
25 93
28 93
29 93
32 93
33 93
35 93
36 93
39 93
40 93
43 93
44 93
47 93
49 93
52 93
53 93
59 93
60 93
65 93
66 93
67 93
70 93
71 93
72 93
74 93
75 93
77 93
80 93
82 93
90 93
91 93
93 93
97 93
99 93
100 93
1 94
3 94
4 94
5 94
6 94
9 94
11 94
12 94
13 94
15 94
23 94
24 94
25 94
26 94
28 94
29 94
30 94
31 94
32 94
33 94
35 94
36 94
38 94
39 94
41 94
42 94
45 94
49 94
51 94
53 94
54 94
56 94
58 94
59 94
60 94
62 94
65 94
66 94
72 94
74 94
76 94
78 94
79 94
82 94
87 94
91 94
92 94
93 94
96 94
98 94
99 94
100 94
4 95
7 95
9 95
10 95
14 95
19 95
21 95
22 95
24 95
25 95
30 95
31 95
33 95
34 95
35 95
36 95
40 95
41 95
42 95
48 95
49 95
52 95
53 95
54 95
57 95
61 95
63 95
70 95
72 95
76 95
78 95
81 95
84 95
85 95
87 95
88 95
91 95
92 95
93 95
94 95
95 95
96 95
97 95
99 95
1 96
4 96
5 96
6 96
10 96
11 96
15 96
17 96
18 96
19 96
20 96
22 96
24 96
25 96
27 96
29 96
32 96
35 96
36 96
42 96
43 96
44 96
45 96
46 96
47 96
48 96
50 96
52 96
57 96
58 96
63 96
64 96
65 96
68 96
69 96
74 96
75 96
77 96
79 96
81 96
83 96
84 96
86 96
87 96
89 96
90 96
95 96
97 96
98 96
99 96
2 97
4 97
5 97
6 97
9 97
10 97
11 97
15 97
19 97
22 97
25 97
26 97
28 97
29 97
30 97
32 97
34 97
35 97
36 97
38 97
44 97
49 97
51 97
52 97
53 97
58 97
59 97
61 97
63 97
64 97
65 97
68 97
74 97
76 97
77 97
78 97
80 97
83 97
84 97
85 97
86 97
89 97
91 97
93 97
94 97
95 97
96 97
2 98
4 98
5 98
6 98
8 98
9 98
13 98
15 98
16 98
17 98
18 98
24 98
25 98
26 98
31 98
34 98
35 98
36 98
38 98
39 98
41 98
43 98
44 98
45 98
46 98
50 98
51 98
53 98
54 98
56 98
57 98
58 98
65 98
66 98
69 98
70 98
71 98
76 98
77 98
78 98
81 98
85 98
86 98
87 98
91 98
93 98
95 98
96 98
99 98
1 99
3 99
5 99
6 99
7 99
10 99
11 99
15 99
16 99
17 99
19 99
21 99
22 99
25 99
27 99
28 99
29 99
34 99
35 99
39 99
41 99
44 99
45 99
48 99
50 99
51 99
52 99
53 99
54 99
57 99
62 99
66 99
67 99
68 99
69 99
70 99
71 99
74 99
75 99
76 99
77 99
78 99
81 99
84 99
86 99
88 99
89 99
91 99
96 99
100 99
1 100
6 100
7 100
9 100
12 100
13 100
14 100
17 100
18 100
20 100
21 100
24 100
25 100
26 100
29 100
31 100
32 100
33 100
34 100
36 100
37 100
43 100
46 100
50 100
52 100
53 100
59 100
61 100
63 100
64 100
69 100
70 100
72 100
73 100
75 100
78 100
80 100
82 100
84 100
85 100
88 100
89 100
90 100
91 100
92 100
95 100
97 100
99 100
