100
1 1
5 1
9 1
10 1
11 1
13 1
14 1
16 1
18 1
21 1
22 1
24 1
30 1
31 1
34 1
35 1
36 1
37 1
38 1
43 1
47 1
48 1
51 1
54 1
59 1
60 1
66 1
71 1
72 1
73 1
75 1
76 1
77 1
80 1
82 1
83 1
86 1
94 1
97 1
1 2
2 2
5 2
8 2
11 2
13 2
16 2
22 2
23 2
24 2
25 2
26 2
28 2
30 2
33 2
35 2
36 2
38 2
39 2
40 2
43 2
44 2
45 2
46 2
49 2
54 2
55 2
56 2
58 2
59 2
63 2
65 2
66 2
67 2
69 2
70 2
71 2
73 2
74 2
78 2
79 2
80 2
82 2
83 2
84 2
86 2
87 2
88 2
91 2
93 2
94 2
95 2
97 2
98 2
100 2
1 3
3 3
5 3
8 3
10 3
13 3
15 3
18 3
19 3
24 3
25 3
26 3
27 3
28 3
31 3
35 3
39 3
40 3
42 3
47 3
48 3
49 3
50 3
52 3
53 3
58 3
61 3
63 3
66 3
69 3
70 3
71 3
72 3
74 3
75 3
76 3
77 3
82 3
83 3
84 3
85 3
86 3
88 3
89 3
90 3
91 3
92 3
93 3
95 3
97 3
1 4
2 4
3 4
4 4
5 4
7 4
8 4
9 4
10 4
11 4
13 4
18 4
19 4
22 4
23 4
25 4
26 4
27 4
28 4
29 4
30 4
31 4
32 4
36 4
37 4
40 4
41 4
43 4
44 4
45 4
47 4
49 4
57 4
60 4
61 4
62 4
64 4
65 4
68 4
69 4
71 4
73 4
75 4
78 4
80 4
82 4
87 4
89 4
90 4
93 4
3 5
4 5
5 5
6 5
7 5
15 5
16 5
17 5
22 5
23 5
24 5
25 5
26 5
28 5
29 5
30 5
31 5
33 5
35 5
36 5
39 5
40 5
42 5
44 5
45 5
47 5
51 5
54 5
55 5
56 5
57 5
58 5
63 5
66 5
68 5
70 5
71 5
73 5
74 5
75 5
76 5
77 5
80 5
83 5
84 5
85 5
86 5
92 5
93 5
94 5
96 5
97 5
98 5
1 6
2 6
5 6
6 6
8 6
11 6
13 6
15 6
21 6
22 6
23 6
24 6
25 6
27 6
28 6
30 6
31 6
35 6
36 6
41 6
42 6
43 6
46 6
47 6
48 6
53 6
56 6
57 6
63 6
66 6
67 6
69 6
81 6
84 6
85 6
86 6
89 6
90 6
92 6
95 6
97 6
98 6
100 6
1 7
2 7
4 7
9 7
11 7
13 7
14 7
15 7
16 7
17 7
18 7
19 7
21 7
22 7
24 7
25 7
28 7
33 7
39 7
42 7
44 7
46 7
47 7
49 7
53 7
54 7
57 7
58 7
63 7
64 7
66 7
69 7
70 7
74 7
77 7
78 7
80 7
81 7
83 7
84 7
85 7
87 7
88 7
89 7
90 7
91 7
93 7
94 7
95 7
96 7
98 7
99 7
100 7
1 8
2 8
3 8
5 8
6 8
7 8
9 8
12 8
15 8
17 8
18 8
20 8
21 8
22 8
24 8
25 8
28 8
31 8
35 8
37 8
39 8
40 8
42 8
43 8
44 8
46 8
47 8
48 8
49 8
50 8
51 8
52 8
55 8
59 8
60 8
65 8
67 8
71 8
72 8
73 8
76 8
78 8
79 8
82 8
83 8
90 8
91 8
92 8
93 8
95 8
97 8
99 8
100 8
3 9
4 9
5 9
6 9
7 9
8 9
11 9
12 9
13 9
14 9
15 9
21 9
23 9
24 9
27 9
28 9
31 9
33 9
34 9
35 9
37 9
38 9
39 9
42 9
43 9
46 9
48 9
50 9
52 9
56 9
57 9
60 9
63 9
66 9
71 9
73 9
74 9
75 9
77 9
83 9
85 9
86 9
87 9
88 9
91 9
94 9
96 9
97 9
99 9
2 10
5 10
7 10
10 10
12 10
13 10
14 10
18 10
20 10
21 10
22 10
25 10
27 10
31 10
32 10
34 10
35 10
37 10
38 10
40 10
41 10
42 10
44 10
45 10
48 10
50 10
52 10
56 10
58 10
59 10
60 10
64 10
66 10
69 10
73 10
75 10
80 10
81 10
82 10
84 10
87 10
88 10
89 10
92 10
93 10
94 10
97 10
98 10
100 10
1 11
3 11
7 11
10 11
16 11
18 11
20 11
22 11
24 11
25 11
26 11
28 11
29 11
31 11
32 11
36 11
38 11
39 11
43 11
44 11
45 11
48 11
49 11
50 11
51 11
52 11
56 11
58 11
59 11
64 11
66 11
68 11
69 11
74 11
76 11
77 11
78 11
82 11
84 11
85 11
88 11
89 11
90 11
93 11
95 11
98 11
100 11
1 12
2 12
3 12
4 12
5 12
9 12
12 12
14 12
16 12
22 12
23 12
26 12
27 12
30 12
31 12
32 12
34 12
35 12
39 12
41 12
45 12
47 12
48 12
51 12
53 12
54 12
55 12
56 12
57 12
59 12
60 12
61 12
62 12
63 12
65 12
66 12
68 12
70 12
71 12
72 12
73 12
77 12
85 12
86 12
89 12
90 12
92 12
96 12
97 12
98 12
1 13
2 13
3 13
6 13
9 13
10 13
13 13
14 13
15 13
19 13
22 13
23 13
24 13
27 13
28 13
31 13
33 13
34 13
35 13
37 13
40 13
41 13
42 13
43 13
45 13
50 13
52 13
53 13
55 13
56 13
57 13
59 13
67 13
68 13
70 13
73 13
74 13
76 13
77 13
79 13
80 13
81 13
82 13
85 13
87 13
92 13
93 13
96 13
97 13
4 14
5 14
8 14
10 14
13 14
15 14
18 14
23 14
24 14
27 14
29 14
30 14
32 14
33 14
36 14
37 14
38 14
39 14
42 14
43 14
47 14
50 14
53 14
55 14
56 14
58 14
60 14
61 14
62 14
65 14
67 14
71 14
73 14
75 14
78 14
80 14
82 14
83 14
85 14
86 14
88 14
95 14
96 14
97 14
2 15
3 15
4 15
6 15
7 15
9 15
10 15
12 15
14 15
17 15
18 15
20 15
21 15
23 15
24 15
27 15
29 15
30 15
32 15
33 15
36 15
39 15
40 15
42 15
45 15
46 15
50 15
54 15
55 15
58 15
63 15
65 15
66 15
68 15
69 15
70 15
72 15
73 15
74 15
76 15
77 15
78 15
79 15
80 15
81 15
82 15
85 15
86 15
87 15
96 15
97 15
100 15
2 16
3 16
4 16
5 16
8 16
9 16
22 16
23 16
25 16
26 16
29 16
30 16
32 16
33 16
34 16
36 16
37 16
39 16
41 16
42 16
43 16
45 16
48 16
49 16
51 16
52 16
53 16
58 16
59 16
61 16
62 16
63 16
64 16
65 16
66 16
68 16
69 16
75 16
76 16
78 16
79 16
81 16
83 16
86 16
87 16
91 16
93 16
95 16
96 16
97 16
98 16
2 17
3 17
4 17
6 17
9 17
10 17
11 17
13 17
14 17
15 17
16 17
17 17
21 17
23 17
24 17
25 17
28 17
29 17
30 17
34 17
39 17
43 17
44 17
46 17
48 17
49 17
50 17
51 17
52 17
53 17
60 17
64 17
65 17
66 17
67 17
68 17
69 17
70 17
73 17
75 17
81 17
86 17
88 17
89 17
90 17
91 17
96 17
97 17
98 17
99 17
7 18
8 18
9 18
10 18
11 18
13 18
14 18
16 18
17 18
18 18
19 18
22 18
24 18
25 18
27 18
28 18
34 18
36 18
37 18
38 18
42 18
43 18
45 18
46 18
50 18
51 18
53 18
55 18
57 18
58 18
59 18
60 18
61 18
62 18
64 18
65 18
67 18
68 18
69 18
70 18
71 18
75 18
76 18
77 18
78 18
79 18
82 18
83 18
84 18
86 18
91 18
92 18
93 18
94 18
95 18
98 18
1 19
2 19
3 19
4 19
6 19
9 19
13 19
17 19
18 19
20 19
22 19
24 19
26 19
27 19
29 19
30 19
31 19
38 19
43 19
44 19
45 19
49 19
50 19
51 19
52 19
53 19
54 19
60 19
62 19
65 19
70 19
72 19
73 19
75 19
76 19
77 19
78 19
81 19
83 19
85 19
86 19
87 19
89 19
95 19
97 19
99 19
1 20
2 20
3 20
4 20
5 20
7 20
12 20
13 20
14 20
15 20
16 20
17 20
21 20
22 20
24 20
25 20
29 20
30 20
32 20
33 20
35 20
36 20
37 20
38 20
42 20
43 20
45 20
46 20
47 20
48 20
49 20
50 20
51 20
53 20
55 20
58 20
60 20
62 20
65 20
68 20
69 20
70 20
71 20
72 20
75 20
83 20
87 20
89 20
90 20
91 20
93 20
94 20
95 20
98 20
99 20
100 20
1 21
2 21
6 21
11 21
14 21
15 21
17 21
22 21
23 21
26 21
27 21
29 21
30 21
32 21
33 21
36 21
39 21
40 21
41 21
42 21
43 21
45 21
48 21
49 21
51 21
55 21
61 21
63 21
69 21
72 21
74 21
75 21
76 21
81 21
82 21
87 21
92 21
96 21
98 21
100 21
2 22
3 22
4 22
5 22
9 22
11 22
12 22
13 22
14 22
17 22
22 22
23 22
31 22
32 22
34 22
36 22
39 22
40 22
42 22
43 22
44 22
45 22
46 22
49 22
53 22
55 22
56 22
57 22
58 22
59 22
61 22
62 22
65 22
67 22
68 22
71 22
72 22
73 22
74 22
77 22
79 22
80 22
81 22
82 22
83 22
84 22
86 22
88 22
89 22
90 22
91 22
95 22
96 22
97 22
2 23
4 23
7 23
9 23
11 23
12 23
13 23
14 23
20 23
24 23
25 23
27 23
32 23
33 23
35 23
39 23
45 23
47 23
48 23
49 23
50 23
51 23
59 23
64 23
66 23
67 23
68 23
69 23
70 23
73 23
74 23
76 23
78 23
80 23
81 23
82 23
86 23
91 23
92 23
93 23
97 23
99 23
1 24
2 24
3 24
5 24
6 24
8 24
9 24
11 24
13 24
14 24
16 24
17 24
18 24
19 24
22 24
23 24
27 24
29 24
31 24
33 24
35 24
36 24
37 24
41 24
42 24
43 24
44 24
47 24
48 24
50 24
51 24
52 24
53 24
54 24
56 24
57 24
59 24
61 24
65 24
68 24
73 24
74 24
75 24
78 24
79 24
80 24
83 24
84 24
85 24
86 24
89 24
93 24
96 24
98 24
99 24
1 25
6 25
11 25
12 25
15 25
18 25
20 25
21 25
22 25
23 25
24 25
25 25
31 25
32 25
35 25
36 25
37 25
41 25
42 25
43 25
46 25
47 25
48 25
50 25
51 25
52 25
54 25
55 25
58 25
60 25
65 25
66 25
72 25
73 25
77 25
78 25
79 25
80 25
82 25
87 25
90 25
91 25
92 25
93 25
94 25
100 25
1 26
2 26
3 26
4 26
9 26
11 26
12 26
13 26
15 26
16 26
17 26
19 26
21 26
23 26
24 26
26 26
27 26
29 26
30 26
31 26
41 26
42 26
43 26
44 26
46 26
47 26
49 26
52 26
53 26
54 26
55 26
56 26
58 26
60 26
61 26
63 26
64 26
65 26
66 26
67 26
68 26
71 26
72 26
75 26
76 26
77 26
82 26
86 26
88 26
94 26
95 26
96 26
99 26
100 26
1 27
4 27
6 27
7 27
8 27
9 27
11 27
13 27
14 27
15 27
16 27
17 27
19 27
20 27
21 27
22 27
23 27
24 27
26 27
28 27
30 27
34 27
35 27
37 27
39 27
40 27
41 27
42 27
43 27
44 27
47 27
50 27
51 27
52 27
54 27
55 27
56 27
61 27
64 27
67 27
71 27
72 27
74 27
81 27
82 27
83 27
85 27
88 27
89 27
90 27
91 27
93 27
94 27
96 27
97 27
98 27
99 27
1 28
4 28
9 28
10 28
12 28
13 28
14 28
16 28
18 28
21 28
23 28
25 28
26 28
28 28
30 28
32 28
35 28
43 28
47 28
48 28
49 28
50 28
53 28
56 28
58 28
61 28
62 28
64 28
65 28
66 28
67 28
68 28
69 28
70 28
72 28
77 28
78 28
79 28
81 28
83 28
86 28
89 28
92 28
95 28
96 28
97 28
98 28
99 28
100 28
4 29
5 29
6 29
10 29
12 29
15 29
16 29
17 29
18 29
20 29
22 29
23 29
26 29
28 29
31 29
32 29
34 29
35 29
36 29
38 29
39 29
42 29
44 29
45 29
46 29
47 29
48 29
50 29
52 29
55 29
57 29
60 29
61 29
62 29
67 29
68 29
69 29
71 29
73 29
74 29
75 29
77 29
80 29
81 29
82 29
84 29
85 29
86 29
87 29
88 29
91 29
92 29
93 29
94 29
96 29
2 30
3 30
4 30
6 30
10 30
12 30
13 30
16 30
17 30
18 30
19 30
21 30
25 30
26 30
27 30
28 30
31 30
32 30
33 30
34 30
35 30
37 30
38 30
40 30
41 30
43 30
45 30
48 30
49 30
50 30
51 30
52 30
53 30
56 30
58 30
60 30
61 30
62 30
66 30
67 30
68 30
71 30
72 30
75 30
76 30
77 30
78 30
82 30
83 30
85 30
86 30
89 30
92 30
96 30
99 30
1 31
2 31
4 31
9 31
13 31
14 31
16 31
18 31
19 31
21 31
22 31
24 31
25 31
26 31
27 31
28 31
29 31
30 31
31 31
33 31
36 31
41 31
42 31
45 31
46 31
48 31
49 31
50 31
51 31
52 31
55 31
58 31
59 31
62 31
63 31
64 31
65 31
66 31
67 31
68 31
70 31
71 31
75 31
76 31
77 31
78 31
80 31
82 31
84 31
87 31
89 31
90 31
95 31
96 31
100 31
1 32
3 32
6 32
8 32
9 32
11 32
14 32
16 32
17 32
22 32
23 32
24 32
28 32
31 32
32 32
33 32
34 32
35 32
37 32
38 32
39 32
40 32
41 32
44 32
45 32
47 32
51 32
52 32
55 32
56 32
57 32
59 32
60 32
61 32
62 32
63 32
64 32
70 32
71 32
75 32
79 32
80 32
81 32
84 32
85 32
87 32
88 32
89 32
90 32
91 32
94 32
98 32
1 33
2 33
3 33
4 33
13 33
15 33
19 33
20 33
21 33
23 33
24 33
25 33
28 33
29 33
30 33
31 33
32 33
37 33
38 33
40 33
42 33
43 33
44 33
46 33
47 33
48 33
50 33
51 33
52 33
54 33
55 33
56 33
64 33
65 33
66 33
68 33
70 33
72 33
73 33
74 33
75 33
76 33
79 33
81 33
82 33
83 33
84 33
85 33
86 33
87 33
90 33
95 33
96 33
97 33
98 33
2 34
3 34
5 34
6 34
8 34
10 34
12 34
14 34
17 34
20 34
22 34
24 34
26 34
27 34
28 34
30 34
33 34
34 34
37 34
40 34
42 34
44 34
45 34
47 34
49 34
51 34
52 34
54 34
56 34
57 34
58 34
60 34
63 34
64 34
65 34
66 34
68 34
69 34
76 34
82 34
86 34
88 34
89 34
93 34
94 34
95 34
96 34
97 34
98 34
99 34
100 34
4 35
6 35
7 35
12 35
13 35
14 35
15 35
16 35
19 35
20 35
22 35
24 35
25 35
26 35
27 35
29 35
30 35
33 35
34 35
35 35
37 35
38 35
39 35
40 35
42 35
43 35
44 35
46 35
47 35
48 35
55 35
57 35
58 35
60 35
61 35
67 35
73 35
74 35
75 35
76 35
77 35
80 35
82 35
84 35
87 35
89 35
90 35
91 35
92 35
94 35
96 35
97 35
2 36
3 36
4 36
5 36
7 36
8 36
11 36
19 36
21 36
25 36
26 36
27 36
28 36
31 36
35 36
36 36
37 36
39 36
40 36
41 36
42 36
44 36
46 36
47 36
48 36
49 36
52 36
54 36
55 36
57 36
58 36
60 36
61 36
63 36
65 36
66 36
67 36
69 36
71 36
72 36
73 36
74 36
75 36
80 36
81 36
85 36
89 36
90 36
92 36
94 36
95 36
98 36
99 36
100 36
1 37
2 37
4 37
5 37
6 37
7 37
8 37
9 37
12 37
14 37
15 37
16 37
18 37
21 37
22 37
24 37
26 37
29 37
30 37
31 37
33 37
34 37
37 37
38 37
42 37
43 37
44 37
51 37
52 37
56 37
58 37
59 37
66 37
67 37
68 37
70 37
72 37
73 37
74 37
75 37
78 37
82 37
84 37
85 37
88 37
90 37
93 37
94 37
96 37
97 37
98 37
2 38
3 38
4 38
6 38
7 38
9 38
11 38
13 38
15 38
16 38
17 38
18 38
20 38
22 38
24 38
26 38
27 38
30 38
32 38
34 38
37 38
38 38
39 38
40 38
41 38
43 38
44 38
45 38
50 38
51 38
53 38
57 38
59 38
61 38
63 38
65 38
68 38
69 38
70 38
72 38
73 38
75 38
77 38
78 38
80 38
82 38
83 38
86 38
89 38
92 38
100 38
3 39
4 39
5 39
7 39
8 39
10 39
11 39
12 39
13 39
14 39
15 39
17 39
19 39
21 39
22 39
25 39
26 39
29 39
31 39
32 39
33 39
35 39
37 39
38 39
39 39
42 39
44 39
45 39
48 39
52 39
59 39
61 39
62 39
63 39
65 39
68 39
69 39
71 39
72 39
73 39
78 39
80 39
81 39
82 39
83 39
85 39
87 39
89 39
90 39
96 39
97 39
98 39
100 39
1 40
2 40
3 40
4 40
6 40
8 40
9 40
14 40
16 40
18 40
19 40
20 40
21 40
24 40
26 40
27 40
28 40
31 40
33 40
34 40
35 40
36 40
37 40
39 40
41 40
50 40
51 40
56 40
58 40
59 40
60 40
61 40
62 40
64 40
66 40
67 40
68 40
70 40
71 40
76 40
77 40
78 40
79 40
80 40
81 40
83 40
85 40
87 40
88 40
89 40
92 40
94 40
98 40
99 40
100 40
1 41
2 41
9 41
10 41
12 41
13 41
14 41
16 41
20 41
23 41
24 41
25 41
27 41
31 41
33 41
34 41
37 41
38 41
42 41
44 41
45 41
46 41
49 41
50 41
51 41
53 41
56 41
58 41
61 41
62 41
63 41
66 41
67 41
68 41
76 41
79 41
82 41
83 41
84 41
85 41
87 41
88 41
91 41
95 41
96 41
100 41
1 42
12 42
13 42
17 42
21 42
23 42
25 42
28 42
30 42
34 42
36 42
38 42
39 42
40 42
42 42
43 42
44 42
45 42
46 42
47 42
49 42
50 42
51 42
52 42
53 42
55 42
56 42
59 42
60 42
67 42
69 42
70 42
72 42
73 42
76 42
77 42
78 42
80 42
82 42
83 42
84 42
85 42
89 42
91 42
92 42
94 42
97 42
99 42
100 42
3 43
4 43
7 43
10 43
12 43
14 43
16 43
18 43
19 43
20 43
21 43
24 43
26 43
27 43
28 43
29 43
31 43
34 43
38 43
39 43
42 43
43 43
45 43
46 43
47 43
48 43
50 43
55 43
56 43
57 43
61 43
64 43
65 43
66 43
67 43
72 43
73 43
76 43
81 43
82 43
87 43
94 43
96 43
97 43
98 43
99 43
1 44
5 44
8 44
10 44
11 44
13 44
15 44
16 44
18 44
21 44
22 44
23 44
25 44
26 44
27 44
30 44
34 44
35 44
39 44
43 44
44 44
47 44
48 44
49 44
54 44
56 44
58 44
63 44
69 44
70 44
73 44
76 44
77 44
80 44
82 44
83 44
86 44
87 44
88 44
89 44
91 44
94 44
96 44
100 44
2 45
4 45
6 45
8 45
9 45
10 45
14 45
15 45
16 45
18 45
19 45
20 45
24 45
25 45
30 45
31 45
32 45
33 45
37 45
39 45
40 45
42 45
43 45
46 45
48 45
49 45
50 45
52 45
53 45
57 45
59 45
62 45
63 45
65 45
71 45
72 45
73 45
76 45
82 45
83 45
86 45
98 45
99 45
100 45
4 46
5 46
9 46
10 46
14 46
15 46
23 46
25 46
27 46
31 46
33 46
34 46
39 46
40 46
42 46
46 46
47 46
52 46
54 46
56 46
58 46
59 46
62 46
64 46
65 46
67 46
68 46
70 46
73 46
74 46
75 46
78 46
79 46
81 46
82 46
84 46
85 46
86 46
87 46
90 46
92 46
93 46
99 46
100 46
1 47
2 47
3 47
4 47
5 47
9 47
11 47
15 47
20 47
23 47
24 47
26 47
27 47
28 47
30 47
31 47
33 47
34 47
35 47
36 47
37 47
39 47
40 47
41 47
42 47
44 47
45 47
46 47
47 47
48 47
49 47
56 47
57 47
61 47
62 47
63 47
64 47
70 47
71 47
73 47
74 47
75 47
76 47
78 47
79 47
81 47
83 47
84 47
89 47
90 47
91 47
93 47
94 47
95 47
97 47
99 47
100 47
4 48
6 48
10 48
12 48
16 48
17 48
23 48
25 48
29 48
33 48
34 48
38 48
39 48
40 48
41 48
43 48
44 48
46 48
48 48
51 48
53 48
54 48
56 48
58 48
59 48
62 48
66 48
68 48
69 48
70 48
72 48
74 48
76 48
77 48
78 48
80 48
81 48
84 48
86 48
87 48
90 48
91 48
93 48
94 48
96 48
97 48
99 48
2 49
5 49
6 49
7 49
8 49
12 49
14 49
16 49
18 49
20 49
21 49
25 49
26 49
27 49
28 49
31 49
32 49
34 49
35 49
37 49
41 49
42 49
45 49
47 49
49 49
50 49
53 49
55 49
57 49
59 49
63 49
66 49
69 49
70 49
71 49
73 49
75 49
76 49
77 49
78 49
79 49
80 49
81 49
82 49
84 49
86 49
87 49
88 49
94 49
95 49
97 49
99 49
1 50
2 50
4 50
6 50
8 50
9 50
11 50
13 50
14 50
16 50
17 50
19 50
22 50
24 50
26 50
28 50
29 50
30 50
31 50
32 50
33 50
34 50
36 50
37 50
40 50
44 50
46 50
47 50
49 50
53 50
54 50
55 50
58 50
59 50
61 50
63 50
64 50
65 50
66 50
67 50
68 50
73 50
74 50
75 50
77 50
78 50
79 50
80 50
82 50
87 50
89 50
92 50
93 50
94 50
95 50
97 50
99 50
1 51
2 51
3 51
7 51
8 51
11 51
12 51
13 51
14 51
19 51
21 51
23 51
25 51
27 51
30 51
35 51
36 51
38 51
39 51
40 51
41 51
42 51
45 51
46 51
47 51
49 51
53 51
55 51
57 51
61 51
64 51
65 51
66 51
67 51
74 51
75 51
77 51
78 51
79 51
84 51
85 51
91 51
94 51
95 51
96 51
98 51
99 51
3 52
6 52
12 52
16 52
17 52
19 52
20 52
23 52
28 52
29 52
31 52
33 52
34 52
35 52
38 52
40 52
41 52
42 52
43 52
51 52
52 52
53 52
55 52
56 52
57 52
59 52
60 52
63 52
64 52
66 52
67 52
69 52
71 52
72 52
74 52
75 52
76 52
79 52
80 52
82 52
83 52
84 52
85 52
89 52
91 52
94 52
95 52
98 52
99 52
3 53
6 53
9 53
11 53
13 53
15 53
20 53
21 53
25 53
27 53
33 53
34 53
37 53
38 53
40 53
42 53
44 53
45 53
46 53
49 53
50 53
52 53
54 53
57 53
59 53
61 53
63 53
65 53
69 53
70 53
71 53
72 53
73 53
74 53
75 53
76 53
77 53
78 53
80 53
81 53
83 53
85 53
87 53
88 53
89 53
91 53
93 53
95 53
96 53
99 53
100 53
1 54
4 54
6 54
7 54
8 54
10 54
11 54
13 54
14 54
16 54
18 54
19 54
22 54
23 54
24 54
25 54
28 54
29 54
34 54
36 54
37 54
38 54
43 54
45 54
46 54
47 54
48 54
51 54
54 54
55 54
56 54
59 54
60 54
61 54
64 54
66 54
67 54
69 54
70 54
73 54
77 54
78 54
80 54
81 54
82 54
83 54
85 54
86 54
87 54
89 54
92 54
93 54
94 54
96 54
97 54
98 54
99 54
100 54
2 55
3 55
5 55
6 55
7 55
9 55
11 55
12 55
13 55
16 55
17 55
19 55
21 55
24 55
25 55
26 55
28 55
29 55
31 55
32 55
33 55
36 55
37 55
38 55
39 55
40 55
41 55
42 55
44 55
46 55
50 55
52 55
54 55
56 55
57 55
58 55
59 55
60 55
63 55
65 55
66 55
67 55
71 55
73 55
74 55
77 55
78 55
81 55
82 55
83 55
86 55
87 55
88 55
92 55
93 55
94 55
95 55
96 55
98 55
99 55
1 56
2 56
3 56
6 56
7 56
8 56
9 56
12 56
15 56
20 56
21 56
26 56
27 56
28 56
29 56
32 56
33 56
36 56
38 56
41 56
42 56
45 56
47 56
48 56
50 56
51 56
54 56
55 56
56 56
57 56
58 56
61 56
63 56
66 56
67 56
68 56
71 56
74 56
78 56
81 56
84 56
85 56
86 56
89 56
91 56
93 56
94 56
95 56
97 56
99 56
100 56
3 57
6 57
8 57
9 57
10 57
11 57
13 57
15 57
16 57
18 57
26 57
27 57
29 57
32 57
33 57
35 57
36 57
39 57
40 57
44 57
45 57
48 57
49 57
50 57
51 57
52 57
53 57
54 57
55 57
59 57
60 57
61 57
62 57
63 57
67 57
72 57
73 57
77 57
78 57
80 57
82 57
85 57
86 57
88 57
89 57
90 57
93 57
94 57
95 57
96 57
97 57
98 57
99 57
100 57
1 58
6 58
7 58
8 58
10 58
11 58
12 58
13 58
18 58
19 58
20 58
21 58
22 58
23 58
28 58
29 58
31 58
34 58
36 58
41 58
42 58
44 58
45 58
46 58
49 58
52 58
53 58
55 58
57 58
58 58
59 58
63 58
64 58
65 58
67 58
68 58
69 58
70 58
73 58
74 58
76 58
77 58
78 58
79 58
81 58
82 58
83 58
86 58
88 58
90 58
92 58
93 58
98 58
2 59
4 59
5 59
11 59
13 59
14 59
17 59
18 59
20 59
21 59
23 59
25 59
26 59
28 59
31 59
34 59
35 59
38 59
40 59
41 59
42 59
45 59
46 59
52 59
53 59
56 59
59 59
61 59
62 59
69 59
70 59
71 59
72 59
74 59
78 59
79 59
80 59
88 59
89 59
91 59
92 59
93 59
98 59
1 60
5 60
7 60
8 60
13 60
14 60
15 60
16 60
17 60
19 60
20 60
21 60
23 60
25 60
28 60
30 60
32 60
33 60
35 60
36 60
37 60
39 60
40 60
41 60
42 60
45 60
46 60
47 60
49 60
50 60
51 60
53 60
54 60
56 60
58 60
59 60
61 60
64 60
65 60
66 60
68 60
70 60
72 60
73 60
79 60
80 60
81 60
85 60
86 60
88 60
90 60
92 60
93 60
94 60
95 60
98 60
99 60
3 61
4 61
5 61
7 61
11 61
12 61
13 61
14 61
18 61
19 61
20 61
22 61
23 61
25 61
26 61
27 61
28 61
32 61
34 61
35 61
37 61
40 61
41 61
45 61
47 61
49 61
51 61
53 61
56 61
59 61
60 61
61 61
62 61
63 61
66 61
67 61
68 61
69 61
74 61
76 61
79 61
80 61
82 61
83 61
86 61
87 61
88 61
89 61
92 61
93 61
96 61
97 61
98 61
1 62
3 62
5 62
6 62
7 62
11 62
12 62
14 62
17 62
19 62
20 62
21 62
28 62
29 62
30 62
32 62
33 62
34 62
36 62
37 62
39 62
41 62
42 62
44 62
46 62
48 62
49 62
50 62
51 62
52 62
53 62
54 62
55 62
67 62
68 62
70 62
71 62
73 62
78 62
80 62
82 62
90 62
91 62
93 62
95 62
96 62
5 63
6 63
7 63
11 63
13 63
14 63
15 63
17 63
19 63
23 63
24 63
25 63
26 63
29 63
33 63
34 63
36 63
37 63
39 63
40 63
43 63
44 63
45 63
48 63
49 63
50 63
51 63
55 63
56 63
57 63
58 63
60 63
61 63
63 63
65 63
67 63
69 63
70 63
71 63
75 63
80 63
83 63
85 63
88 63
93 63
98 63
3 64
4 64
8 64
10 64
12 64
15 64
18 64
19 64
21 64
22 64
23 64
25 64
26 64
27 64
28 64
30 64
31 64
32 64
33 64
36 64
37 64
41 64
42 64
43 64
45 64
46 64
47 64
51 64
52 64
54 64
55 64
57 64
59 64
62 64
63 64
64 64
67 64
69 64
75 64
76 64
77 64
78 64
79 64
81 64
82 64
84 64
88 64
89 64
90 64
93 64
95 64
96 64
97 64
1 65
3 65
5 65
6 65
7 65
8 65
12 65
14 65
15 65
19 65
20 65
29 65
30 65
34 65
38 65
40 65
41 65
42 65
44 65
46 65
47 65
49 65
50 65
51 65
52 65
54 65
55 65
60 65
61 65
62 65
64 65
65 65
66 65
68 65
70 65
71 65
73 65
76 65
85 65
89 65
90 65
92 65
93 65
97 65
98 65
2 66
3 66
4 66
5 66
6 66
7 66
8 66
10 66
13 66
14 66
16 66
19 66
24 66
29 66
30 66
31 66
32 66
34 66
35 66
36 66
38 66
39 66
40 66
41 66
43 66
46 66
47 66
50 66
52 66
53 66
56 66
59 66
61 66
62 66
63 66
66 66
67 66
69 66
72 66
74 66
76 66
78 66
79 66
91 66
92 66
93 66
94 66
96 66
97 66
1 67
7 67
11 67
12 67
13 67
14 67
15 67
16 67
17 67
18 67
19 67
20 67
21 67
22 67
25 67
27 67
28 67
29 67
32 67
34 67
35 67
36 67
37 67
40 67
43 67
44 67
49 67
56 67
57 67
58 67
59 67
60 67
62 67
63 67
65 67
66 67
67 67
68 67
73 67
76 67
77 67
79 67
82 67
84 67
87 67
90 67
97 67
99 67
2 68
4 68
14 68
15 68
16 68
17 68
18 68
22 68
25 68
28 68
29 68
31 68
32 68
33 68
34 68
35 68
36 68
37 68
38 68
40 68
42 68
43 68
44 68
45 68
46 68
49 68
50 68
51 68
53 68
54 68
55 68
60 68
61 68
63 68
67 68
69 68
70 68
77 68
78 68
80 68
81 68
87 68
89 68
90 68
92 68
93 68
94 68
96 68
98 68
100 68
7 69
8 69
13 69
14 69
15 69
16 69
17 69
18 69
24 69
26 69
28 69
29 69
35 69
38 69
41 69
43 69
45 69
47 69
48 69
53 69
54 69
56 69
57 69
58 69
61 69
64 69
72 69
74 69
75 69
76 69
78 69
79 69
81 69
82 69
83 69
84 69
87 69
91 69
92 69
95 69
97 69
98 69
6 70
8 70
10 70
11 70
13 70
14 70
15 70
17 70
19 70
20 70
22 70
25 70
26 70
27 70
29 70
30 70
31 70
32 70
33 70
34 70
35 70
37 70
39 70
40 70
41 70
42 70
50 70
54 70
55 70
57 70
59 70
60 70
61 70
63 70
64 70
65 70
66 70
75 70
76 70
77 70
81 70
82 70
85 70
87 70
90 70
92 70
93 70
99 70
100 70
2 71
4 71
5 71
6 71
8 71
9 71
11 71
12 71
13 71
16 71
18 71
20 71
21 71
23 71
26 71
28 71
32 71
35 71
36 71
37 71
42 71
43 71
45 71
46 71
47 71
49 71
50 71
51 71
52 71
53 71
54 71
55 71
57 71
59 71
62 71
64 71
67 71
68 71
69 71
70 71
71 71
72 71
73 71
77 71
82 71
84 71
85 71
90 71
94 71
2 72
4 72
6 72
7 72
8 72
10 72
11 72
12 72
19 72
21 72
22 72
23 72
24 72
25 72
28 72
30 72
31 72
32 72
33 72
38 72
39 72
40 72
46 72
49 72
52 72
53 72
55 72
56 72
58 72
59 72
60 72
62 72
64 72
65 72
66 72
70 72
71 72
72 72
77 72
78 72
80 72
81 72
85 72
86 72
89 72
90 72
91 72
93 72
95 72
97 72
100 72
3 73
4 73
5 73
9 73
13 73
14 73
20 73
21 73
30 73
31 73
32 73
33 73
35 73
38 73
44 73
45 73
46 73
48 73
53 73
57 73
58 73
59 73
60 73
63 73
64 73
68 73
72 73
74 73
76 73
77 73
78 73
80 73
84 73
85 73
86 73
87 73
88 73
93 73
95 73
96 73
98 73
100 73
1 74
3 74
4 74
5 74
6 74
7 74
13 74
14 74
18 74
19 74
21 74
22 74
24 74
26 74
27 74
28 74
29 74
30 74
31 74
33 74
35 74
38 74
41 74
42 74
43 74
44 74
45 74
46 74
47 74
50 74
55 74
56 74
59 74
60 74
61 74
62 74
64 74
65 74
67 74
71 74
73 74
74 74
75 74
76 74
77 74
78 74
79 74
81 74
83 74
84 74
86 74
87 74
88 74
89 74
90 74
93 74
95 74
96 74
99 74
100 74
4 75
5 75
9 75
10 75
11 75
12 75
13 75
14 75
18 75
20 75
23 75
26 75
27 75
29 75
33 75
34 75
36 75
37 75
42 75
44 75
45 75
53 75
54 75
56 75
57 75
58 75
61 75
62 75
63 75
66 75
67 75
69 75
70 75
72 75
73 75
75 75
79 75
81 75
83 75
84 75
85 75
86 75
90 75
91 75
92 75
94 75
95 75
96 75
99 75
100 75
1 76
2 76
3 76
8 76
10 76
12 76
16 76
17 76
19 76
23 76
24 76
25 76
26 76
27 76
29 76
31 76
32 76
33 76
36 76
37 76
39 76
40 76
41 76
43 76
45 76
46 76
47 76
48 76
50 76
52 76
54 76
55 76
58 76
59 76
62 76
63 76
65 76
68 76
73 76
74 76
78 76
79 76
86 76
87 76
88 76
92 76
96 76
97 76
99 76
3 77
4 77
5 77
6 77
7 77
8 77
9 77
12 77
14 77
18 77
19 77
20 77
22 77
23 77
25 77
29 77
34 77
37 77
41 77
44 77
45 77
47 77
48 77
49 77
51 77
52 77
53 77
54 77
58 77
59 77
61 77
62 77
64 77
66 77
67 77
68 77
69 77
71 77
73 77
74 77
76 77
77 77
79 77
82 77
88 77
90 77
91 77
92 77
93 77
94 77
95 77
96 77
2 78
4 78
5 78
6 78
8 78
9 78
11 78
13 78
19 78
20 78
21 78
24 78
25 78
26 78
28 78
29 78
30 78
33 78
36 78
40 78
43 78
45 78
47 78
50 78
51 78
53 78
54 78
55 78
58 78
60 78
62 78
63 78
65 78
66 78
70 78
72 78
73 78
78 78
81 78
82 78
85 78
86 78
89 78
92 78
93 78
94 78
95 78
96 78
98 78
99 78
1 79
5 79
6 79
9 79
10 79
11 79
15 79
19 79
24 79
25 79
26 79
27 79
28 79
29 79
30 79
32 79
34 79
35 79
38 79
39 79
41 79
42 79
43 79
45 79
49 79
50 79
51 79
52 79
53 79
54 79
56 79
57 79
59 79
60 79
61 79
64 79
65 79
67 79
68 79
69 79
71 79
75 79
77 79
78 79
79 79
80 79
81 79
83 79
84 79
85 79
88 79
89 79
90 79
91 79
93 79
94 79
97 79
99 79
1 80
2 80
6 80
9 80
10 80
12 80
14 80
16 80
17 80
20 80
21 80
24 80
30 80
31 80
32 80
33 80
34 80
35 80
36 80
37 80
39 80
41 80
42 80
43 80
44 80
45 80
47 80
49 80
51 80
52 80
54 80
56 80
60 80
61 80
62 80
64 80
69 80
71 80
73 80
76 80
77 80
79 80
80 80
81 80
82 80
84 80
88 80
89 80
91 80
92 80
93 80
95 80
1 81
6 81
7 81
8 81
9 81
10 81
12 81
16 81
21 81
22 81
23 81
26 81
27 81
29 81
30 81
31 81
32 81
38 81
39 81
40 81
41 81
42 81
46 81
51 81
53 81
55 81
57 81
58 81
62 81
63 81
67 81
68 81
70 81
71 81
73 81
75 81
80 81
83 81
84 81
86 81
88 81
89 81
95 81
97 81
99 81
100 81
5 82
7 82
8 82
11 82
13 82
14 82
17 82
18 82
19 82
20 82
21 82
22 82
23 82
30 82
31 82
32 82
34 82
36 82
38 82
39 82
40 82
41 82
43 82
45 82
47 82
53 82
54 82
55 82
58 82
59 82
63 82
65 82
66 82
68 82
70 82
72 82
76 82
78 82
80 82
81 82
83 82
84 82
85 82
86 82
87 82
90 82
91 82
92 82
94 82
95 82
98 82
99 82
1 83
2 83
3 83
4 83
6 83
8 83
11 83
14 83
15 83
19 83
22 83
26 83
27 83
32 83
33 83
34 83
36 83
42 83
45 83
46 83
47 83
49 83
57 83
61 83
65 83
66 83
68 83
71 83
74 83
76 83
79 83
80 83
82 83
86 83
89 83
92 83
94 83
95 83
96 83
98 83
99 83
100 83
1 84
2 84
4 84
7 84
9 84
10 84
15 84
21 84
23 84
24 84
25 84
29 84
30 84
34 84
37 84
38 84
41 84
42 84
46 84
49 84
50 84
57 84
59 84
60 84
62 84
63 84
66 84
68 84
69 84
70 84
72 84
73 84
74 84
76 84
78 84
80 84
81 84
82 84
83 84
85 84
86 84
87 84
88 84
91 84
93 84
95 84
96 84
99 84
100 84
1 85
2 85
3 85
4 85
6 85
7 85
8 85
12 85
13 85
15 85
18 85
20 85
22 85
23 85
25 85
26 85
27 85
29 85
39 85
40 85
44 85
45 85
47 85
52 85
54 85
56 85
57 85
58 85
59 85
60 85
67 85
68 85
69 85
71 85
72 85
74 85
79 85
83 85
84 85
85 85
86 85
87 85
89 85
90 85
92 85
93 85
94 85
96 85
98 85
3 86
4 86
7 86
10 86
11 86
13 86
14 86
15 86
17 86
18 86
25 86
32 86
36 86
37 86
38 86
39 86
40 86
41 86
43 86
48 86
49 86
50 86
51 86
52 86
55 86
57 86
60 86
61 86
63 86
64 86
70 86
75 86
77 86
99 86
100 86
1 87
2 87
4 87
5 87
6 87
7 87
8 87
11 87
12 87
13 87
14 87
15 87
16 87
17 87
18 87
20 87
24 87
25 87
26 87
30 87
36 87
37 87
39 87
45 87
48 87
49 87
52 87
56 87
59 87
60 87
64 87
65 87
69 87
70 87
71 87
75 87
76 87
77 87
78 87
81 87
82 87
85 87
87 87
88 87
89 87
90 87
91 87
93 87
96 87
97 87
98 87
1 88
3 88
8 88
9 88
11 88
12 88
13 88
18 88
19 88
20 88
22 88
23 88
26 88
27 88
29 88
30 88
36 88
38 88
39 88
40 88
43 88
45 88
46 88
48 88
49 88
52 88
54 88
55 88
58 88
60 88
62 88
65 88
66 88
68 88
70 88
76 88
79 88
81 88
84 88
86 88
87 88
88 88
89 88
90 88
92 88
94 88
95 88
97 88
1 89
2 89
4 89
6 89
9 89
11 89
12 89
13 89
14 89
16 89
17 89
18 89
20 89
21 89
22 89
23 89
24 89
25 89
26 89
31 89
34 89
36 89
38 89
39 89
40 89
41 89
43 89
44 89
45 89
48 89
50 89
51 89
52 89
53 89
56 89
63 89
64 89
65 89
67 89
68 89
69 89
70 89
71 89
73 89
74 89
75 89
77 89
78 89
82 89
87 89
89 89
91 89
92 89
95 89
96 89
98 89
100 89
2 90
5 90
9 90
10 90
14 90
17 90
18 90
20 90
21 90
22 90
23 90
24 90
25 90
28 90
29 90
30 90
31 90
32 90
35 90
36 90
37 90
38 90
43 90
44 90
45 90
46 90
48 90
49 90
51 90
52 90
53 90
54 90
55 90
56 90
58 90
61 90
62 90
64 90
66 90
68 90
70 90
71 90
72 90
74 90
76 90
79 90
81 90
82 90
85 90
86 90
87 90
88 90
94 90
95 90
96 90
97 90
99 90
100 90
3 91
4 91
6 91
7 91
9 91
12 91
14 91
16 91
17 91
18 91
19 91
21 91
24 91
26 91
27 91
29 91
31 91
33 91
34 91
35 91
36 91
37 91
38 91
39 91
41 91
45 91
46 91
48 91
52 91
56 91
57 91
60 91
61 91
62 91
64 91
67 91
68 91
70 91
72 91
77 91
78 91
83 91
85 91
87 91
88 91
90 91
91 91
92 91
95 91
97 91
98 91
1 92
4 92
5 92
6 92
9 92
10 92
18 92
20 92
21 92
22 92
25 92
27 92
28 92
31 92
32 92
33 92
34 92
36 92
42 92
43 92
45 92
49 92
50 92
52 92
54 92
57 92
58 92
59 92
60 92
64 92
65 92
68 92
70 92
74 92
75 92
76 92
78 92
80 92
82 92
85 92
86 92
87 92
89 92
93 92
95 92
99 92
1 93
2 93
5 93
9 93
11 93
19 93
20 93
21 93
24 93
25 93
27 93
28 93
31 93
33 93
34 93
37 93
39 93
40 93
41 93
43 93
45 93
47 93
50 93
51 93
59 93
61 93
62 93
66 93
68 93
69 93
70 93
73 93
76 93
77 93
79 93
82 93
85 93
86 93
89 93
90 93
91 93
94 93
97 93
100 93
1 94
2 94
3 94
4 94
9 94
12 94
13 94
19 94
21 94
22 94
25 94
28 94
29 94
30 94
31 94
32 94
35 94
39 94
40 94
42 94
43 94
47 94
49 94
51 94
52 94
56 94
59 94
60 94
61 94
62 94
64 94
66 94
67 94
69 94
70 94
71 94
72 94
74 94
75 94
76 94
78 94
79 94
82 94
83 94
86 94
87 94
89 94
90 94
91 94
95 94
97 94
100 94
1 95
8 95
10 95
11 95
13 95
18 95
24 95
26 95
27 95
28 95
29 95
30 95
35 95
36 95
37 95
39 95
40 95
42 95
43 95
45 95
46 95
47 95
51 95
55 95
59 95
62 95
63 95
64 95
68 95
72 95
73 95
75 95
76 95
81 95
82 95
84 95
85 95
86 95
87 95
88 95
91 95
93 95
95 95
97 95
100 95
2 96
3 96
7 96
8 96
12 96
14 96
17 96
18 96
19 96
20 96
22 96
24 96
25 96
26 96
27 96
28 96
31 96
32 96
34 96
36 96
37 96
40 96
42 96
45 96
47 96
49 96
54 96
57 96
58 96
59 96
61 96
62 96
64 96
65 96
69 96
72 96
73 96
75 96
77 96
83 96
84 96
85 96
90 96
91 96
92 96
93 96
94 96
95 96
98 96
2 97
6 97
7 97
8 97
14 97
15 97
16 97
18 97
21 97
23 97
24 97
29 97
32 97
36 97
39 97
40 97
43 97
44 97
45 97
49 97
51 97
52 97
57 97
58 97
61 97
65 97
66 97
70 97
73 97
78 97
81 97
82 97
84 97
86 97
91 97
92 97
93 97
94 97
95 97
98 97
99 97
100 97
1 98
2 98
5 98
8 98
10 98
13 98
14 98
15 98
18 98
20 98
21 98
22 98
23 98
24 98
32 98
33 98
34 98
36 98
37 98
38 98
39 98
40 98
45 98
47 98
49 98
53 98
54 98
55 98
56 98
59 98
60 98
62 98
63 98
64 98
65 98
66 98
67 98
68 98
71 98
73 98
76 98
79 98
82 98
85 98
86 98
87 98
88 98
91 98
92 98
94 98
95 98
96 98
97 98
98 98
13 99
14 99
16 99
18 99
21 99
23 99
24 99
29 99
31 99
36 99
37 99
40 99
41 99
44 99
45 99
50 99
53 99
54 99
55 99
56 99
57 99
58 99
62 99
63 99
66 99
67 99
68 99
69 99
74 99
76 99
77 99
79 99
81 99
84 99
85 99
87 99
91 99
94 99
95 99
96 99
99 99
3 100
6 100
9 100
14 100
16 100
17 100
18 100
20 100
21 100
22 100
24 100
25 100
26 100
27 100
28 100
33 100
38 100
39 100
40 100
41 100
43 100
47 100
48 100
49 100
50 100
52 100
53 100
54 100
59 100
60 100
63 100
67 100
68 100
70 100
72 100
77 100
78 100
81 100
82 100
83 100
85 100
89 100
92 100
94 100
95 100
96 100
99 100
100 100
