100
3 1
4 1
5 1
6 1
7 1
11 1
16 1
17 1
19 1
20 1
24 1
27 1
28 1
29 1
30 1
37 1
38 1
41 1
42 1
43 1
46 1
47 1
52 1
53 1
54 1
59 1
60 1
70 1
72 1
73 1
74 1
75 1
77 1
78 1
79 1
80 1
81 1
82 1
83 1
84 1
85 1
88 1
90 1
91 1
94 1
96 1
97 1
98 1
99 1
100 1
1 2
2 2
3 2
5 2
9 2
11 2
14 2
18 2
19 2
20 2
21 2
22 2
23 2
26 2
27 2
29 2
30 2
31 2
32 2
33 2
34 2
35 2
37 2
39 2
41 2
43 2
44 2
45 2
48 2
49 2
51 2
52 2
53 2
54 2
56 2
57 2
60 2
62 2
65 2
66 2
70 2
71 2
72 2
76 2
79 2
80 2
85 2
86 2
90 2
92 2
93 2
95 2
97 2
98 2
99 2
100 2
5 3
6 3
8 3
9 3
12 3
15 3
16 3
19 3
21 3
22 3
26 3
28 3
30 3
32 3
34 3
35 3
38 3
39 3
40 3
41 3
43 3
45 3
48 3
50 3
51 3
53 3
54 3
61 3
62 3
63 3
64 3
65 3
71 3
74 3
78 3
79 3
80 3
81 3
82 3
83 3
84 3
86 3
87 3
90 3
93 3
97 3
98 3
1 4
3 4
4 4
5 4
6 4
7 4
8 4
11 4
12 4
13 4
16 4
20 4
22 4
24 4
26 4
29 4
32 4
33 4
35 4
36 4
37 4
42 4
43 4
46 4
48 4
49 4
50 4
52 4
54 4
55 4
56 4
58 4
60 4
61 4
62 4
64 4
65 4
67 4
68 4
70 4
74 4
76 4
77 4
81 4
82 4
85 4
88 4
90 4
94 4
97 4
98 4
1 5
2 5
3 5
4 5
5 5
7 5
8 5
9 5
10 5
12 5
14 5
15 5
16 5
17 5
18 5
19 5
20 5
21 5
22 5
23 5
25 5
26 5
28 5
29 5
30 5
31 5
32 5
34 5
35 5
36 5
38 5
39 5
40 5
42 5
43 5
45 5
50 5
54 5
55 5
56 5
62 5
64 5
65 5
66 5
71 5
72 5
74 5
75 5
76 5
78 5
79 5
80 5
81 5
83 5
89 5
92 5
93 5
95 5
96 5
98 5
99 5
2 6
3 6
4 6
7 6
8 6
10 6
11 6
12 6
17 6
19 6
21 6
22 6
25 6
26 6
30 6
31 6
32 6
35 6
39 6
40 6
44 6
51 6
54 6
56 6
57 6
58 6
61 6
62 6
63 6
64 6
66 6
67 6
68 6
70 6
71 6
75 6
77 6
78 6
80 6
81 6
84 6
85 6
88 6
89 6
90 6
91 6
92 6
93 6
97 6
1 7
2 7
6 7
7 7
10 7
13 7
14 7
15 7
19 7
22 7
23 7
26 7
27 7
28 7
30 7
33 7
34 7
35 7
37 7
42 7
43 7
44 7
49 7
51 7
53 7
54 7
57 7
59 7
61 7
64 7
65 7
66 7
67 7
68 7
70 7
71 7
72 7
73 7
74 7
75 7
77 7
79 7
80 7
81 7
83 7
85 7
87 7
88 7
89 7
91 7
92 7
96 7
97 7
99 7
100 7
1 8
3 8
9 8
10 8
11 8
12 8
14 8
15 8
21 8
22 8
23 8
28 8
29 8
31 8
32 8
33 8
37 8
38 8
42 8
43 8
44 8
46 8
48 8
49 8
53 8
56 8
58 8
59 8
63 8
66 8
67 8
68 8
70 8
71 8
76 8
78 8
79 8
82 8
83 8
86 8
87 8
89 8
91 8
92 8
97 8
98 8
99 8
100 8
4 9
6 9
8 9
10 9
11 9
13 9
15 9
19 9
20 9
23 9
24 9
25 9
26 9
27 9
28 9
30 9
31 9
32 9
34 9
35 9
36 9
41 9
42 9
43 9
44 9
48 9
50 9
52 9
53 9
54 9
55 9
56 9
57 9
58 9
59 9
61 9
62 9
63 9
64 9
65 9
66 9
71 9
74 9
75 9
77 9
79 9
81 9
83 9
86 9
87 9
91 9
92 9
95 9
96 9
99 9
100 9
1 10
2 10
4 10
11 10
12 10
13 10
15 10
17 10
18 10
22 10
26 10
27 10
29 10
30 10
33 10
34 10
36 10
38 10
40 10
41 10
42 10
44 10
45 10
46 10
49 10
50 10
53 10
54 10
55 10
56 10
57 10
61 10
65 10
66 10
68 10
69 10
70 10
71 10
74 10
75 10
76 10
79 10
80 10
81 10
85 10
86 10
88 10
89 10
90 10
91 10
92 10
93 10
95 10
96 10
98 10
99 10
100 10
1 11
3 11
6 11
8 11
10 11
11 11
13 11
15 11
17 11
19 11
22 11
23 11
24 11
25 11
26 11
27 11
29 11
30 11
31 11
38 11
39 11
44 11
49 11
52 11
53 11
54 11
55 11
56 11
57 11
59 11
60 11
63 11
68 11
70 11
72 11
73 11
74 11
76 11
77 11
81 11
82 11
83 11
85 11
87 11
89 11
92 11
93 11
94 11
100 11
4 12
6 12
8 12
10 12
11 12
12 12
14 12
17 12
18 12
19 12
26 12
29 12
32 12
33 12
35 12
36 12
37 12
38 12
40 12
41 12
43 12
44 12
45 12
48 12
52 12
53 12
54 12
56 12
57 12
59 12
61 12
64 12
67 12
69 12
75 12
78 12
81 12
82 12
83 12
84 12
85 12
86 12
88 12
90 12
91 12
92 12
96 12
99 12
100 12
4 13
5 13
7 13
9 13
10 13
11 13
12 13
13 13
14 13
15 13
17 13
18 13
20 13
21 13
22 13
23 13
24 13
25 13
30 13
31 13
32 13
35 13
36 13
37 13
38 13
39 13
40 13
42 13
44 13
45 13
46 13
51 13
59 13
62 13
63 13
65 13
67 13
71 13
72 13
73 13
74 13
77 13
78 13
79 13
82 13
84 13
86 13
89 13
93 13
94 13
96 13
100 13
1 14
3 14
4 14
5 14
6 14
7 14
8 14
9 14
10 14
15 14
16 14
17 14
18 14
19 14
22 14
25 14
28 14
31 14
34 14
36 14
38 14
39 14
43 14
44 14
47 14
50 14
51 14
59 14
60 14
64 14
66 14
70 14
71 14
72 14
73 14
76 14
77 14
78 14
79 14
81 14
82 14
83 14
84 14
85 14
86 14
89 14
91 14
92 14
95 14
97 14
99 14
100 14
4 15
6 15
8 15
11 15
12 15
14 15
15 15
16 15
20 15
21 15
22 15
24 15
26 15
27 15
28 15
29 15
33 15
34 15
36 15
37 15
38 15
39 15
45 15
46 15
48 15
50 15
54 15
55 15
57 15
61 15
63 15
64 15
65 15
66 15
67 15
69 15
70 15
74 15
76 15
77 15
78 15
79 15
81 15
84 15
85 15
88 15
91 15
92 15
93 15
95 15
96 15
97 15
99 15
100 15
1 16
2 16
5 16
6 16
7 16
10 16
11 16
12 16
13 16
15 16
16 16
18 16
21 16
23 16
24 16
25 16
27 16
30 16
32 16
35 16
37 16
40 16
41 16
50 16
54 16
59 16
60 16
61 16
62 16
63 16
66 16
70 16
72 16
74 16
75 16
83 16
86 16
89 16
90 16
91 16
92 16
93 16
95 16
96 16
97 16
4 17
7 17
8 17
12 17
16 17
17 17
19 17
20 17
21 17
23 17
25 17
26 17
27 17
30 17
33 17
34 17
35 17
36 17
38 17
44 17
46 17
49 17
50 17
54 17
55 17
56 17
59 17
60 17
65 17
68 17
69 17
70 17
72 17
73 17
74 17
75 17
78 17
79 17
80 17
81 17
82 17
85 17
88 17
89 17
90 17
91 17
93 17
94 17
96 17
97 17
100 17
1 18
3 18
7 18
9 18
13 18
16 18
18 18
19 18
20 18
22 18
24 18
25 18
26 18
29 18
30 18
31 18
32 18
33 18
34 18
36 18
37 18
38 18
39 18
44 18
52 18
55 18
57 18
58 18
59 18
62 18
65 18
67 18
71 18
73 18
74 18
75 18
77 18
78 18
79 18
80 18
82 18
83 18
85 18
90 18
92 18
94 18
97 18
98 18
100 18
3 19
5 19
7 19
9 19
10 19
11 19
12 19
13 19
14 19
16 19
17 19
18 19
19 19
20 19
23 19
25 19
29 19
30 19
33 19
36 19
37 19
38 19
40 19
45 19
47 19
50 19
54 19
61 19
62 19
63 19
67 19
68 19
70 19
71 19
73 19
79 19
80 19
85 19
87 19
88 19
89 19
92 19
94 19
96 19
99 19
2 20
3 20
4 20
8 20
9 20
11 20
12 20
14 20
18 20
19 20
21 20
24 20
25 20
27 20
28 20
29 20
30 20
33 20
35 20
36 20
40 20
42 20
43 20
44 20
45 20
46 20
47 20
48 20
50 20
51 20
52 20
54 20
55 20
57 20
59 20
65 20
66 20
67 20
69 20
70 20
72 20
73 20
74 20
76 20
78 20
81 20
82 20
83 20
89 20
91 20
93 20
94 20
95 20
97 20
99 20
100 20
7 21
8 21
9 21
12 21
13 21
15 21
16 21
19 21
21 21
23 21
27 21
28 21
31 21
35 21
36 21
38 21
39 21
45 21
46 21
50 21
51 21
54 21
55 21
56 21
57 21
59 21
61 21
65 21
66 21
67 21
68 21
69 21
70 21
75 21
77 21
78 21
79 21
80 21
82 21
87 21
93 21
1 22
3 22
5 22
7 22
8 22
14 22
16 22
18 22
22 22
24 22
27 22
28 22
30 22
31 22
32 22
33 22
36 22
37 22
38 22
39 22
40 22
46 22
51 22
53 22
54 22
58 22
63 22
66 22
67 22
69 22
70 22
74 22
75 22
76 22
78 22
80 22
83 22
86 22
87 22
88 22
89 22
91 22
92 22
95 22
97 22
99 22
100 22
1 23
2 23
8 23
9 23
12 23
13 23
15 23
18 23
19 23
20 23
21 23
24 23
25 23
26 23
32 23
34 23
37 23
38 23
39 23
42 23
47 23
48 23
52 23
54 23
55 23
59 23
61 23
62 23
63 23
65 23
67 23
70 23
72 23
75 23
76 23
81 23
82 23
83 23
84 23
85 23
86 23
88 23
89 23
90 23
91 23
93 23
94 23
100 23
5 24
7 24
8 24
9 24
10 24
13 24
14 24
15 24
16 24
17 24
18 24
19 24
20 24
21 24
22 24
24 24
25 24
31 24
32 24
33 24
34 24
35 24
36 24
38 24
39 24
40 24
41 24
42 24
43 24
44 24
45 24
48 24
49 24
52 24
53 24
54 24
55 24
56 24
57 24
59 24
60 24
62 24
63 24
64 24
65 24
66 24
67 24
84 24
88 24
91 24
92 24
99 24
100 24
1 25
2 25
6 25
7 25
9 25
10 25
12 25
14 25
16 25
17 25
18 25
19 25
20 25
24 25
25 25
26 25
28 25
29 25
34 25
35 25
36 25
38 25
40 25
41 25
42 25
43 25
51 25
56 25
58 25
60 25
61 25
62 25
63 25
64 25
66 25
67 25
69 25
73 25
76 25
80 25
82 25
83 25
84 25
86 25
88 25
90 25
91 25
96 25
98 25
99 25
1 26
3 26
7 26
9 26
14 26
15 26
18 26
19 26
20 26
22 26
23 26
26 26
27 26
29 26
31 26
33 26
34 26
35 26
37 26
39 26
40 26
41 26
42 26
43 26
44 26
46 26
47 26
48 26
49 26
51 26
52 26
53 26
55 26
56 26
57 26
59 26
60 26
62 26
65 26
68 26
69 26
70 26
71 26
73 26
74 26
75 26
76 26
78 26
79 26
85 26
88 26
89 26
90 26
91 26
92 26
93 26
99 26
100 26
1 27
3 27
4 27
6 27
8 27
10 27
12 27
13 27
15 27
16 27
18 27
24 27
29 27
33 27
34 27
35 27
37 27
38 27
41 27
42 27
43 27
44 27
48 27
49 27
52 27
57 27
61 27
64 27
65 27
66 27
67 27
68 27
71 27
76 27
81 27
84 27
85 27
86 27
88 27
89 27
91 27
96 27
97 27
99 27
100 27
1 28
2 28
3 28
5 28
8 28
9 28
10 28
11 28
12 28
17 28
19 28
20 28
21 28
23 28
24 28
27 28
28 28
30 28
31 28
32 28
33 28
34 28
35 28
38 28
40 28
41 28
44 28
45 28
47 28
50 28
52 28
54 28
56 28
59 28
62 28
63 28
64 28
67 28
68 28
70 28
72 28
73 28
77 28
78 28
81 28
86 28
89 28
90 28
91 28
93 28
94 28
96 28
98 28
99 28
100 28
2 29
3 29
4 29
6 29
8 29
9 29
10 29
11 29
12 29
13 29
15 29
18 29
19 29
20 29
22 29
24 29
25 29
26 29
28 29
34 29
37 29
38 29
39 29
40 29
41 29
43 29
45 29
46 29
48 29
51 29
55 29
57 29
60 29
62 29
64 29
65 29
69 29
70 29
71 29
72 29
74 29
75 29
77 29
78 29
82 29
84 29
87 29
94 29
95 29
96 29
97 29
99 29
100 29
1 30
4 30
8 30
9 30
11 30
13 30
15 30
23 30
26 30
27 30
29 30
32 30
36 30
40 30
45 30
47 30
48 30
49 30
56 30
58 30
63 30
64 30
65 30
66 30
67 30
69 30
70 30
71 30
72 30
73 30
74 30
82 30
83 30
84 30
85 30
88 30
89 30
90 30
92 30
95 30
96 30
97 30
99 30
100 30
4 31
6 31
7 31
8 31
9 31
10 31
11 31
12 31
13 31
15 31
18 31
20 31
21 31
25 31
28 31
41 31
43 31
44 31
46 31
47 31
48 31
51 31
55 31
56 31
58 31
60 31
62 31
63 31
65 31
68 31
72 31
74 31
76 31
77 31
79 31
80 31
81 31
84 31
85 31
86 31
88 31
91 31
92 31
94 31
96 31
99 31
100 31
2 32
9 32
10 32
12 32
15 32
16 32
17 32
20 32
21 32
24 32
25 32
26 32
30 32
31 32
32 32
33 32
34 32
36 32
38 32
42 32
44 32
47 32
48 32
49 32
54 32
55 32
61 32
62 32
66 32
69 32
70 32
74 32
76 32
78 32
81 32
82 32
84 32
85 32
86 32
88 32
89 32
93 32
94 32
100 32
1 33
4 33
7 33
9 33
10 33
11 33
12 33
15 33
16 33
18 33
19 33
20 33
25 33
26 33
27 33
32 33
35 33
36 33
37 33
38 33
40 33
41 33
42 33
45 33
49 33
50 33
52 33
55 33
58 33
59 33
60 33
63 33
64 33
65 33
67 33
68 33
70 33
72 33
73 33
74 33
77 33
80 33
81 33
82 33
83 33
86 33
89 33
95 33
98 33
100 33
2 34
3 34
5 34
7 34
9 34
10 34
13 34
15 34
16 34
17 34
20 34
21 34
24 34
25 34
28 34
30 34
31 34
33 34
34 34
35 34
38 34
39 34
42 34
43 34
45 34
47 34
48 34
49 34
52 34
54 34
59 34
60 34
61 34
62 34
64 34
67 34
71 34
75 34
79 34
80 34
81 34
86 34
87 34
88 34
89 34
90 34
91 34
93 34
94 34
96 34
98 34
2 35
3 35
4 35
5 35
8 35
10 35
12 35
13 35
16 35
17 35
18 35
19 35
20 35
21 35
24 35
26 35
28 35
29 35
30 35
31 35
36 35
41 35
42 35
43 35
47 35
53 35
55 35
58 35
59 35
60 35
62 35
66 35
67 35
73 35
76 35
78 35
80 35
81 35
83 35
85 35
86 35
89 35
90 35
92 35
96 35
100 35
2 36
9 36
10 36
11 36
12 36
14 36
16 36
17 36
19 36
20 36
24 36
25 36
29 36
34 36
41 36
42 36
43 36
44 36
46 36
48 36
49 36
50 36
51 36
53 36
56 36
58 36
60 36
61 36
64 36
66 36
67 36
71 36
74 36
75 36
76 36
81 36
83 36
89 36
92 36
93 36
94 36
95 36
96 36
1 37
3 37
4 37
6 37
7 37
13 37
14 37
16 37
17 37
18 37
19 37
21 37
22 37
25 37
27 37
28 37
31 37
33 37
34 37
35 37
37 37
42 37
43 37
44 37
45 37
48 37
51 37
52 37
53 37
55 37
56 37
57 37
58 37
60 37
61 37
62 37
63 37
65 37
67 37
68 37
69 37
70 37
71 37
72 37
73 37
74 37
75 37
85 37
86 37
87 37
88 37
90 37
91 37
93 37
94 37
96 37
97 37
98 37
99 37
1 38
3 38
4 38
5 38
8 38
13 38
14 38
15 38
16 38
19 38
20 38
21 38
23 38
26 38
27 38
29 38
32 38
34 38
37 38
38 38
40 38
41 38
42 38
46 38
47 38
50 38
56 38
58 38
59 38
61 38
62 38
63 38
64 38
65 38
67 38
68 38
69 38
71 38
74 38
75 38
76 38
77 38
80 38
82 38
86 38
87 38
89 38
91 38
94 38
96 38
97 38
99 38
100 38
4 39
7 39
9 39
12 39
14 39
15 39
16 39
17 39
18 39
20 39
22 39
23 39
24 39
26 39
27 39
31 39
32 39
33 39
34 39
37 39
38 39
39 39
41 39
44 39
45 39
46 39
48 39
50 39
51 39
52 39
53 39
56 39
59 39
64 39
65 39
69 39
73 39
79 39
81 39
82 39
92 39
93 39
94 39
95 39
96 39
97 39
98 39
100 39
5 40
6 40
7 40
8 40
9 40
11 40
13 40
16 40
17 40
19 40
20 40
21 40
23 40
24 40
25 40
28 40
30 40
32 40
33 40
38 40
39 40
45 40
46 40
47 40
48 40
49 40
52 40
53 40
54 40
55 40
60 40
61 40
62 40
65 40
66 40
69 40
71 40
74 40
77 40
78 40
80 40
82 40
83 40
85 40
87 40
90 40
92 40
93 40
94 40
1 41
2 41
3 41
4 41
6 41
8 41
9 41
10 41
12 41
13 41
17 41
21 41
22 41
28 41
30 41
31 41
34 41
36 41
37 41
38 41
40 41
41 41
42 41
44 41
45 41
46 41
48 41
51 41
52 41
55 41
58 41
59 41
64 41
65 41
67 41
69 41
71 41
72 41
74 41
77 41
83 41
86 41
87 41
89 41
92 41
95 41
96 41
98 41
1 42
2 42
3 42
4 42
5 42
6 42
8 42
10 42
13 42
17 42
18 42
19 42
20 42
21 42
23 42
27 42
28 42
31 42
32 42
33 42
35 42
36 42
39 42
42 42
43 42
45 42
46 42
47 42
51 42
52 42
57 42
58 42
59 42
61 42
66 42
70 42
71 42
75 42
77 42
78 42
79 42
81 42
83 42
84 42
86 42
87 42
88 42
90 42
99 42
100 42
3 43
4 43
9 43
10 43
12 43
14 43
18 43
20 43
24 43
28 43
31 43
34 43
35 43
36 43
37 43
39 43
40 43
42 43
43 43
44 43
46 43
47 43
49 43
50 43
55 43
56 43
61 43
64 43
65 43
66 43
67 43
68 43
69 43
70 43
72 43
73 43
74 43
76 43
77 43
84 43
85 43
86 43
87 43
88 43
91 43
97 43
98 43
99 43
1 44
4 44
5 44
6 44
8 44
9 44
14 44
15 44
16 44
17 44
18 44
19 44
21 44
22 44
23 44
24 44
29 44
37 44
38 44
41 44
42 44
44 44
45 44
49 44
50 44
51 44
52 44
54 44
56 44
57 44
58 44
59 44
60 44
62 44
65 44
66 44
67 44
69 44
72 44
75 44
79 44
86 44
87 44
88 44
91 44
95 44
96 44
100 44
1 45
2 45
3 45
7 45
9 45
10 45
13 45
14 45
18 45
19 45
20 45
23 45
27 45
28 45
34 45
39 45
40 45
41 45
42 45
43 45
44 45
45 45
47 45
50 45
52 45
53 45
56 45
57 45
58 45
61 45
68 45
69 45
70 45
71 45
73 45
76 45
77 45
79 45
80 45
81 45
82 45
84 45
85 45
88 45
89 45
90 45
95 45
98 45
99 45
100 45
1 46
2 46
4 46
5 46
8 46
10 46
11 46
13 46
15 46
16 46
17 46
18 46
19 46
24 46
25 46
26 46
29 46
33 46
36 46
37 46
38 46
40 46
42 46
43 46
45 46
48 46
49 46
52 46
54 46
55 46
56 46
60 46
61 46
62 46
64 46
67 46
73 46
74 46
75 46
78 46
80 46
82 46
84 46
85 46
86 46
88 46
90 46
93 46
96 46
97 46
98 46
99 46
1 47
2 47
3 47
7 47
9 47
10 47
11 47
13 47
15 47
16 47
23 47
24 47
25 47
27 47
28 47
30 47
32 47
34 47
36 47
37 47
38 47
40 47
42 47
43 47
45 47
47 47
48 47
51 47
52 47
53 47
56 47
57 47
58 47
60 47
66 47
67 47
68 47
69 47
71 47
74 47
75 47
76 47
77 47
79 47
82 47
83 47
84 47
85 47
90 47
91 47
92 47
93 47
96 47
97 47
98 47
99 47
1 48
4 48
5 48
6 48
16 48
18 48
19 48
20 48
21 48
25 48
26 48
28 48
29 48
31 48
36 48
38 48
40 48
41 48
44 48
46 48
47 48
48 48
50 48
52 48
57 48
59 48
61 48
63 48
64 48
65 48
66 48
67 48
70 48
73 48
75 48
77 48
78 48
81 48
82 48
84 48
86 48
88 48
90 48
91 48
96 48
98 48
1 49
7 49
9 49
10 49
11 49
13 49
15 49
16 49
19 49
21 49
22 49
23 49
25 49
26 49
28 49
35 49
38 49
40 49
41 49
42 49
43 49
44 49
45 49
54 49
57 49
58 49
59 49
61 49
62 49
63 49
65 49
67 49
68 49
72 49
73 49
74 49
76 49
82 49
83 49
85 49
86 49
90 49
95 49
98 49
99 49
100 49
3 50
5 50
6 50
7 50
8 50
10 50
11 50
13 50
15 50
16 50
17 50
19 50
21 50
24 50
25 50
28 50
30 50
31 50
33 50
34 50
35 50
38 50
39 50
42 50
43 50
47 50
49 50
51 50
52 50
54 50
56 50
58 50
59 50
60 50
64 50
65 50
67 50
69 50
73 50
78 50
79 50
82 50
83 50
84 50
85 50
86 50
87 50
88 50
89 50
90 50
92 50
93 50
98 50
99 50
1 51
2 51
3 51
4 51
5 51
7 51
8 51
9 51
10 51
11 51
12 51
13 51
14 51
15 51
16 51
18 51
20 51
21 51
23 51
24 51
27 51
28 51
30 51
31 51
33 51
35 51
36 51
39 51
42 51
43 51
44 51
49 51
50 51
51 51
53 51
55 51
56 51
58 51
59 51
61 51
62 51
66 51
69 51
70 51
72 51
74 51
76 51
77 51
79 51
81 51
87 51
91 51
92 51
94 51
98 51
99 51
2 52
5 52
7 52
12 52
13 52
14 52
15 52
17 52
18 52
19 52
23 52
27 52
29 52
30 52
33 52
35 52
37 52
38 52
42 52
44 52
47 52
48 52
49 52
51 52
53 52
54 52
56 52
59 52
61 52
63 52
65 52
66 52
68 52
69 52
70 52
71 52
73 52
77 52
81 52
82 52
85 52
88 52
91 52
92 52
93 52
95 52
99 52
4 53
7 53
9 53
10 53
11 53
12 53
13 53
14 53
15 53
16 53
22 53
24 53
25 53
26 53
28 53
30 53
32 53
34 53
35 53
37 53
41 53
42 53
43 53
44 53
45 53
47 53
50 53
51 53
53 53
57 53
58 53
62 53
64 53
66 53
67 53
70 53
76 53
77 53
78 53
80 53
82 53
83 53
85 53
88 53
91 53
92 53
94 53
96 53
97 53
2 54
4 54
8 54
14 54
15 54
16 54
17 54
20 54
21 54
23 54
24 54
27 54
28 54
29 54
31 54
34 54
36 54
38 54
39 54
40 54
41 54
45 54
47 54
48 54
49 54
53 54
55 54
56 54
57 54
59 54
60 54
61 54
67 54
68 54
69 54
71 54
74 54
76 54
78 54
81 54
84 54
85 54
86 54
87 54
88 54
89 54
92 54
94 54
96 54
97 54
98 54
100 54
1 55
3 55
4 55
6 55
11 55
13 55
15 55
16 55
17 55
18 55
19 55
20 55
22 55
24 55
25 55
26 55
28 55
29 55
30 55
31 55
32 55
33 55
34 55
38 55
39 55
42 55
43 55
45 55
47 55
49 55
51 55
54 55
57 55
58 55
60 55
61 55
66 55
68 55
73 55
74 55
75 55
76 55
77 55
78 55
79 55
80 55
82 55
84 55
85 55
87 55
88 55
89 55
91 55
94 55
95 55
97 55
98 55
99 55
2 56
7 56
8 56
10 56
11 56
15 56
18 56
20 56
21 56
22 56
23 56
25 56
27 56
29 56
30 56
34 56
36 56
37 56
39 56
40 56
41 56
42 56
46 56
48 56
49 56
51 56
52 56
56 56
57 56
58 56
59 56
60 56
61 56
62 56
64 56
65 56
68 56
69 56
70 56
71 56
72 56
73 56
75 56
76 56
77 56
78 56
79 56
80 56
85 56
87 56
88 56
89 56
90 56
93 56
95 56
96 56
98 56
1 57
2 57
5 57
6 57
10 57
11 57
13 57
15 57
16 57
17 57
18 57
19 57
22 57
23 57
24 57
28 57
29 57
31 57
33 57
36 57
37 57
38 57
39 57
41 57
43 57
44 57
46 57
47 57
54 57
55 57
56 57
58 57
59 57
60 57
63 57
64 57
65 57
66 57
69 57
70 57
71 57
74 57
75 57
79 57
80 57
81 57
83 57
84 57
85 57
87 57
88 57
89 57
91 57
92 57
93 57
97 57
100 57
1 58
7 58
8 58
10 58
11 58
12 58
13 58
15 58
19 58
21 58
22 58
25 58
26 58
32 58
38 58
40 58
42 58
45 58
47 58
48 58
51 58
53 58
54 58
55 58
56 58
57 58
58 58
61 58
62 58
64 58
67 58
71 58
76 58
77 58
80 58
81 58
84 58
87 58
88 58
89 58
90 58
92 58
93 58
97 58
98 58
99 58
5 59
8 59
12 59
17 59
19 59
21 59
24 59
27 59
28 59
29 59
30 59
31 59
35 59
37 59
38 59
39 59
41 59
43 59
48 59
49 59
51 59
52 59
59 59
60 59
61 59
62 59
65 59
66 59
70 59
71 59
78 59
84 59
86 59
88 59
89 59
91 59
93 59
94 59
96 59
97 59
3 60
4 60
5 60
7 60
8 60
10 60
12 60
17 60
19 60
21 60
23 60
24 60
26 60
27 60
28 60
30 60
31 60
32 60
35 60
36 60
37 60
40 60
42 60
43 60
45 60
46 60
47 60
50 60
51 60
53 60
54 60
57 60
59 60
60 60
62 60
64 60
66 60
67 60
72 60
83 60
84 60
88 60
89 60
91 60
93 60
94 60
95 60
96 60
99 60
100 60
2 61
3 61
4 61
5 61
7 61
8 61
10 61
13 61
14 61
15 61
18 61
22 61
23 61
24 61
25 61
30 61
35 61
37 61
38 61
40 61
44 61
47 61
48 61
50 61
52 61
56 61
59 61
60 61
62 61
63 61
65 61
68 61
71 61
72 61
73 61
74 61
75 61
77 61
83 61
85 61
91 61
93 61
96 61
99 61
5 62
7 62
15 62
16 62
19 62
21 62
22 62
24 62
26 62
28 62
29 62
31 62
33 62
35 62
36 62
37 62
39 62
40 62
41 62
42 62
43 62
44 62
47 62
49 62
50 62
52 62
54 62
56 62
57 62
59 62
61 62
62 62
63 62
64 62
65 62
66 62
67 62
69 62
70 62
72 62
73 62
74 62
82 62
84 62
85 62
94 62
95 62
96 62
97 62
98 62
99 62
2 63
3 63
4 63
7 63
8 63
9 63
12 63
17 63
18 63
20 63
21 63
22 63
30 63
35 63
36 63
37 63
40 63
42 63
43 63
45 63
46 63
48 63
49 63
50 63
51 63
52 63
54 63
55 63
56 63
58 63
64 63
66 63
69 63
71 63
78 63
79 63
83 63
85 63
86 63
87 63
88 63
89 63
90 63
91 63
92 63
94 63
95 63
97 63
98 63
100 63
2 64
3 64
5 64
11 64
12 64
16 64
19 64
20 64
22 64
24 64
29 64
30 64
31 64
32 64
34 64
35 64
38 64
40 64
43 64
48 64
49 64
53 64
54 64
55 64
56 64
58 64
60 64
64 64
66 64
67 64
70 64
71 64
72 64
73 64
74 64
75 64
76 64
77 64
78 64
80 64
82 64
83 64
84 64
86 64
87 64
89 64
91 64
93 64
95 64
96 64
98 64
100 64
3 65
4 65
7 65
9 65
10 65
15 65
16 65
17 65
18 65
20 65
21 65
22 65
25 65
28 65
30 65
33 65
38 65
42 65
43 65
44 65
46 65
47 65
48 65
50 65
56 65
62 65
63 65
67 65
68 65
70 65
72 65
74 65
75 65
77 65
81 65
83 65
86 65
87 65
88 65
90 65
91 65
96 65
3 66
7 66
11 66
12 66
14 66
15 66
17 66
20 66
25 66
27 66
29 66
31 66
32 66
33 66
36 66
37 66
39 66
41 66
44 66
45 66
46 66
47 66
49 66
50 66
51 66
52 66
54 66
55 66
59 66
60 66
63 66
64 66
65 66
69 66
74 66
75 66
76 66
78 66
79 66
80 66
83 66
84 66
86 66
87 66
91 66
93 66
97 66
98 66
99 66
2 67
3 67
4 67
5 67
6 67
8 67
9 67
15 67
16 67
19 67
20 67
21 67
22 67
23 67
24 67
25 67
26 67
27 67
31 67
32 67
34 67
35 67
36 67
37 67
40 67
41 67
42 67
43 67
46 67
52 67
53 67
54 67
56 67
57 67
61 67
62 67
63 67
64 67
65 67
69 67
71 67
72 67
73 67
75 67
76 67
77 67
78 67
80 67
81 67
89 67
90 67
91 67
92 67
93 67
96 67
99 67
1 68
3 68
4 68
5 68
7 68
8 68
10 68
12 68
13 68
15 68
16 68
17 68
18 68
20 68
22 68
23 68
24 68
25 68
27 68
30 68
31 68
32 68
33 68
34 68
35 68
36 68
37 68
38 68
40 68
41 68
42 68
44 68
46 68
48 68
50 68
52 68
53 68
54 68
56 68
57 68
59 68
63 68
65 68
66 68
70 68
72 68
73 68
74 68
75 68
76 68
77 68
79 68
80 68
83 68
85 68
86 68
89 68
94 68
97 68
1 69
2 69
3 69
7 69
8 69
9 69
11 69
13 69
14 69
17 69
18 69
19 69
20 69
23 69
24 69
26 69
32 69
35 69
39 69
41 69
43 69
44 69
45 69
48 69
49 69
51 69
52 69
53 69
57 69
58 69
60 69
64 69
65 69
67 69
68 69
70 69
71 69
75 69
80 69
83 69
84 69
85 69
88 69
89 69
90 69
94 69
95 69
96 69
97 69
99 69
2 70
3 70
4 70
6 70
9 70
11 70
12 70
13 70
18 70
19 70
21 70
24 70
26 70
33 70
35 70
36 70
39 70
41 70
42 70
43 70
44 70
46 70
47 70
54 70
55 70
56 70
57 70
58 70
61 70
63 70
65 70
66 70
68 70
69 70
72 70
73 70
74 70
75 70
78 70
79 70
80 70
81 70
82 70
85 70
90 70
93 70
95 70
96 70
98 70
99 70
2 71
3 71
4 71
6 71
7 71
10 71
11 71
12 71
13 71
14 71
15 71
16 71
19 71
22 71
24 71
29 71
34 71
35 71
37 71
38 71
39 71
43 71
46 71
47 71
48 71
50 71
51 71
53 71
56 71
57 71
59 71
62 71
64 71
65 71
67 71
68 71
70 71
71 71
76 71
78 71
80 71
81 71
82 71
83 71
86 71
88 71
90 71
93 71
95 71
96 71
97 71
98 71
1 72
3 72
5 72
7 72
9 72
14 72
22 72
24 72
26 72
28 72
29 72
32 72
35 72
36 72
37 72
42 72
44 72
45 72
47 72
49 72
50 72
51 72
52 72
54 72
55 72
56 72
57 72
59 72
60 72
65 72
66 72
67 72
68 72
70 72
71 72
75 72
76 72
77 72
81 72
82 72
84 72
86 72
88 72
90 72
91 72
93 72
94 72
95 72
98 72
100 72
4 73
9 73
11 73
13 73
14 73
20 73
21 73
23 73
30 73
31 73
32 73
35 73
36 73
38 73
39 73
40 73
41 73
43 73
44 73
47 73
48 73
50 73
51 73
59 73
60 73
61 73
64 73
67 73
69 73
70 73
71 73
75 73
76 73
77 73
78 73
79 73
82 73
83 73
84 73
85 73
87 73
89 73
92 73
94 73
95 73
96 73
2 74
4 74
6 74
7 74
11 74
13 74
15 74
16 74
21 74
22 74
24 74
25 74
26 74
30 74
31 74
32 74
33 74
34 74
36 74
37 74
39 74
40 74
41 74
48 74
50 74
51 74
52 74
53 74
55 74
56 74
57 74
58 74
62 74
63 74
64 74
65 74
68 74
69 74
75 74
78 74
79 74
81 74
83 74
84 74
85 74
86 74
87 74
88 74
89 74
92 74
94 74
96 74
98 74
100 74
1 75
2 75
8 75
9 75
10 75
12 75
15 75
18 75
21 75
22 75
23 75
25 75
26 75
27 75
29 75
30 75
31 75
34 75
35 75
36 75
39 75
41 75
42 75
45 75
49 75
50 75
51 75
52 75
53 75
55 75
61 75
62 75
63 75
64 75
66 75
67 75
70 75
72 75
73 75
75 75
79 75
80 75
81 75
82 75
84 75
86 75
90 75
91 75
92 75
94 75
96 75
98 75
99 75
100 75
2 76
3 76
8 76
10 76
11 76
13 76
14 76
15 76
16 76
18 76
19 76
22 76
23 76
25 76
26 76
27 76
28 76
29 76
30 76
31 76
35 76
39 76
42 76
43 76
44 76
45 76
47 76
50 76
52 76
55 76
56 76
58 76
60 76
61 76
62 76
63 76
65 76
67 76
70 76
72 76
74 76
75 76
77 76
80 76
81 76
82 76
84 76
85 76
86 76
88 76
89 76
90 76
91 76
92 76
96 76
97 76
98 76
100 76
1 77
2 77
3 77
4 77
5 77
6 77
7 77
8 77
9 77
13 77
14 77
15 77
17 77
18 77
19 77
20 77
27 77
29 77
30 77
31 77
35 77
36 77
37 77
38 77
40 77
44 77
47 77
48 77
49 77
51 77
52 77
54 77
56 77
57 77
61 77
62 77
64 77
66 77
67 77
68 77
69 77
70 77
73 77
76 77
77 77
78 77
80 77
81 77
83 77
84 77
85 77
86 77
89 77
92 77
94 77
96 77
97 77
99 77
100 77
1 78
2 78
3 78
4 78
7 78
10 78
11 78
15 78
20 78
21 78
23 78
24 78
25 78
26 78
28 78
30 78
34 78
35 78
36 78
38 78
40 78
42 78
43 78
44 78
45 78
51 78
52 78
53 78
55 78
56 78
57 78
60 78
61 78
63 78
64 78
67 78
78 78
79 78
82 78
83 78
85 78
86 78
87 78
88 78
91 78
94 78
95 78
97 78
98 78
100 78
1 79
6 79
9 79
10 79
12 79
15 79
28 79
31 79
33 79
34 79
35 79
36 79
37 79
39 79
41 79
43 79
47 79
49 79
50 79
51 79
54 79
56 79
57 79
58 79
60 79
62 79
66 79
67 79
68 79
70 79
71 79
72 79
73 79
77 79
78 79
79 79
83 79
86 79
87 79
88 79
89 79
91 79
92 79
93 79
94 79
96 79
97 79
98 79
99 79
3 80
5 80
7 80
8 80
9 80
11 80
12 80
13 80
15 80
16 80
17 80
19 80
20 80
23 80
24 80
25 80
26 80
27 80
28 80
30 80
31 80
33 80
35 80
38 80
40 80
41 80
43 80
44 80
47 80
50 80
52 80
54 80
55 80
56 80
58 80
60 80
62 80
64 80
67 80
68 80
69 80
72 80
74 80
76 80
78 80
82 80
85 80
88 80
89 80
90 80
91 80
92 80
94 80
96 80
99 80
100 80
1 81
2 81
4 81
6 81
7 81
9 81
12 81
13 81
14 81
16 81
17 81
18 81
20 81
22 81
24 81
25 81
27 81
34 81
35 81
38 81
39 81
40 81
42 81
43 81
45 81
48 81
49 81
50 81
52 81
55 81
56 81
57 81
58 81
66 81
68 81
70 81
71 81
73 81
74 81
75 81
77 81
78 81
80 81
81 81
84 81
88 81
92 81
95 81
97 81
98 81
100 81
1 82
2 82
3 82
5 82
6 82
7 82
8 82
9 82
11 82
12 82
13 82
14 82
18 82
22 82
23 82
24 82
28 82
30 82
31 82
35 82
36 82
38 82
39 82
41 82
43 82
46 82
48 82
50 82
53 82
57 82
58 82
59 82
60 82
61 82
64 82
65 82
67 82
71 82
72 82
73 82
76 82
79 82
80 82
82 82
87 82
88 82
89 82
90 82
91 82
92 82
93 82
97 82
98 82
1 83
3 83
6 83
7 83
11 83
12 83
15 83
18 83
19 83
22 83
25 83
26 83
28 83
30 83
32 83
33 83
34 83
36 83
38 83
39 83
43 83
44 83
45 83
47 83
50 83
51 83
53 83
55 83
56 83
57 83
59 83
60 83
62 83
63 83
66 83
67 83
68 83
69 83
70 83
73 83
74 83
78 83
79 83
83 83
84 83
86 83
88 83
90 83
91 83
92 83
95 83
98 83
99 83
100 83
1 84
4 84
5 84
6 84
7 84
9 84
10 84
12 84
13 84
16 84
23 84
24 84
25 84
30 84
31 84
33 84
34 84
37 84
38 84
39 84
42 84
45 84
50 84
54 84
55 84
57 84
60 84
61 84
63 84
64 84
65 84
66 84
67 84
68 84
73 84
74 84
75 84
76 84
79 84
81 84
83 84
85 84
86 84
88 84
89 84
90 84
91 84
92 84
94 84
95 84
96 84
99 84
100 84
3 85
4 85
5 85
6 85
7 85
8 85
9 85
10 85
11 85
12 85
13 85
19 85
20 85
25 85
26 85
28 85
30 85
34 85
37 85
40 85
43 85
44 85
46 85
48 85
51 85
53 85
54 85
56 85
57 85
58 85
59 85
65 85
66 85
71 85
75 85
80 85
84 85
85 85
86 85
90 85
92 85
97 85
1 86
5 86
7 86
9 86
12 86
14 86
18 86
20 86
21 86
23 86
25 86
27 86
28 86
29 86
32 86
33 86
36 86
37 86
39 86
40 86
41 86
42 86
45 86
46 86
51 86
52 86
53 86
54 86
55 86
56 86
57 86
59 86
60 86
62 86
63 86
64 86
65 86
66 86
67 86
68 86
69 86
75 86
77 86
78 86
79 86
80 86
81 86
82 86
83 86
84 86
85 86
86 86
87 86
88 86
89 86
90 86
91 86
95 86
96 86
99 86
1 87
4 87
5 87
7 87
11 87
12 87
13 87
16 87
17 87
18 87
19 87
21 87
22 87
23 87
26 87
27 87
28 87
29 87
32 87
33 87
35 87
36 87
37 87
38 87
40 87
45 87
48 87
50 87
51 87
52 87
54 87
56 87
59 87
61 87
62 87
70 87
80 87
83 87
84 87
86 87
87 87
88 87
89 87
90 87
94 87
98 87
99 87
1 88
2 88
4 88
6 88
7 88
10 88
13 88
16 88
17 88
18 88
19 88
21 88
27 88
28 88
29 88
32 88
35 88
38 88
39 88
43 88
46 88
47 88
48 88
49 88
51 88
55 88
58 88
59 88
60 88
63 88
64 88
65 88
68 88
69 88
71 88
73 88
74 88
75 88
76 88
80 88
83 88
85 88
88 88
93 88
94 88
98 88
99 88
4 89
5 89
7 89
9 89
11 89
12 89
13 89
16 89
25 89
27 89
28 89
29 89
33 89
36 89
39 89
40 89
42 89
44 89
45 89
47 89
48 89
52 89
53 89
54 89
55 89
59 89
61 89
62 89
65 89
66 89
68 89
69 89
70 89
72 89
74 89
75 89
78 89
81 89
82 89
84 89
85 89
86 89
87 89
88 89
92 89
96 89
98 89
100 89
1 90
2 90
4 90
5 90
8 90
10 90
14 90
15 90
16 90
18 90
20 90
21 90
22 90
23 90
24 90
28 90
32 90
33 90
37 90
38 90
40 90
41 90
46 90
47 90
49 90
50 90
51 90
52 90
55 90
56 90
58 90
59 90
61 90
63 90
66 90
68 90
72 90
73 90
74 90
75 90
77 90
78 90
79 90
83 90
85 90
90 90
94 90
97 90
98 90
100 90
1 91
2 91
5 91
7 91
11 91
13 91
14 91
17 91
19 91
20 91
22 91
24 91
30 91
33 91
36 91
42 91
43 91
44 91
45 91
47 91
49 91
50 91
51 91
52 91
54 91
56 91
62 91
63 91
64 91
66 91
67 91
70 91
72 91
75 91
76 91
78 91
80 91
82 91
83 91
84 91
89 91
90 91
93 91
94 91
95 91
97 91
98 91
99 91
100 91
2 92
4 92
7 92
10 92
12 92
13 92
16 92
17 92
19 92
25 92
28 92
32 92
33 92
35 92
36 92
37 92
38 92
39 92
42 92
43 92
45 92
48 92
54 92
55 92
57 92
58 92
59 92
60 92
62 92
63 92
64 92
65 92
66 92
68 92
70 92
76 92
78 92
79 92
80 92
81 92
87 92
88 92
89 92
90 92
92 92
93 92
97 92
99 92
100 92
3 93
6 93
7 93
8 93
9 93
10 93
11 93
13 93
14 93
16 93
18 93
19 93
20 93
22 93
23 93
28 93
30 93
32 93
35 93
36 93
40 93
41 93
42 93
44 93
45 93
46 93
47 93
51 93
52 93
53 93
54 93
55 93
56 93
57 93
58 93
64 93
65 93
67 93
73 93
75 93
78 93
79 93
80 93
81 93
83 93
86 93
88 93
92 93
93 93
98 93
99 93
100 93
4 94
5 94
6 94
7 94
8 94
9 94
10 94
11 94
12 94
18 94
19 94
20 94
21 94
22 94
23 94
24 94
26 94
27 94
28 94
29 94
32 94
33 94
35 94
37 94
38 94
41 94
42 94
44 94
46 94
53 94
54 94
59 94
60 94
61 94
62 94
63 94
64 94
65 94
70 94
71 94
73 94
74 94
75 94
77 94
79 94
81 94
82 94
83 94
84 94
87 94
88 94
90 94
91 94
95 94
96 94
2 95
6 95
7 95
9 95
11 95
12 95
13 95
15 95
18 95
20 95
21 95
23 95
24 95
25 95
26 95
27 95
31 95
34 95
36 95
37 95
39 95
40 95
41 95
43 95
47 95
52 95
56 95
58 95
59 95
60 95
62 95
66 95
67 95
69 95
73 95
74 95
75 95
78 95
80 95
81 95
83 95
85 95
86 95
87 95
88 95
89 95
91 95
93 95
95 95
98 95
2 96
3 96
4 96
5 96
6 96
7 96
13 96
15 96
19 96
20 96
22 96
23 96
25 96
26 96
30 96
33 96
35 96
36 96
40 96
43 96
45 96
46 96
48 96
49 96
57 96
58 96
63 96
64 96
69 96
70 96
71 96
72 96
80 96
81 96
83 96
84 96
85 96
86 96
87 96
88 96
90 96
91 96
95 96
97 96
99 96
100 96
2 97
3 97
4 97
5 97
6 97
10 97
11 97
13 97
14 97
16 97
17 97
18 97
21 97
22 97
25 97
26 97
28 97
29 97
32 97
33 97
35 97
37 97
38 97
43 97
44 97
45 97
46 97
47 97
50 97
51 97
53 97
54 97
55 97
57 97
58 97
61 97
64 97
67 97
71 97
78 97
79 97
82 97
86 97
87 97
89 97
90 97
91 97
93 97
94 97
96 97
97 97
98 97
99 97
1 98
2 98
5 98
7 98
8 98
9 98
11 98
12 98
16 98
18 98
19 98
21 98
23 98
25 98
27 98
31 98
33 98
36 98
38 98
39 98
43 98
45 98
46 98
47 98
50 98
52 98
54 98
55 98
57 98
59 98
61 98
63 98
65 98
66 98
67 98
69 98
70 98
71 98
72 98
73 98
74 98
75 98
77 98
79 98
81 98
82 98
84 98
86 98
87 98
90 98
92 98
93 98
94 98
95 98
97 98
98 98
99 98
100 98
2 99
9 99
13 99
14 99
15 99
17 99
18 99
20 99
21 99
22 99
25 99
27 99
29 99
30 99
31 99
33 99
34 99
36 99
37 99
40 99
41 99
42 99
44 99
45 99
46 99
48 99
49 99
50 99
51 99
52 99
54 99
55 99
57 99
60 99
62 99
68 99
71 99
73 99
75 99
76 99
81 99
84 99
85 99
89 99
91 99
93 99
95 99
1 100
2 100
9 100
11 100
12 100
13 100
15 100
18 100
19 100
21 100
23 100
25 100
26 100
28 100
29 100
33 100
34 100
38 100
39 100
42 100
43 100
49 100
50 100
51 100
52 100
53 100
54 100
56 100
59 100
61 100
62 100
63 100
64 100
69 100
70 100
71 100
72 100
74 100
75 100
77 100
78 100
80 100
83 100
84 100
87 100
89 100
90 100
92 100
94 100
95 100
96 100
97 100
98 100
100 100
