100
3 1
5 1
8 1
12 1
20 1
22 1
24 1
26 1
32 1
33 1
35 1
38 1
39 1
42 1
43 1
44 1
45 1
46 1
48 1
49 1
50 1
51 1
52 1
54 1
59 1
61 1
62 1
64 1
67 1
72 1
73 1
74 1
76 1
79 1
81 1
82 1
84 1
87 1
89 1
99 1
100 1
1 2
3 2
4 2
5 2
7 2
8 2
9 2
10 2
11 2
14 2
17 2
22 2
23 2
29 2
30 2
31 2
35 2
38 2
40 2
43 2
50 2
52 2
53 2
54 2
55 2
58 2
60 2
61 2
62 2
63 2
67 2
68 2
69 2
72 2
74 2
76 2
78 2
80 2
84 2
86 2
89 2
90 2
96 2
98 2
99 2
4 3
5 3
6 3
7 3
9 3
10 3
11 3
13 3
14 3
15 3
16 3
18 3
19 3
23 3
25 3
26 3
27 3
29 3
30 3
31 3
32 3
34 3
35 3
37 3
39 3
42 3
44 3
45 3
47 3
50 3
56 3
57 3
58 3
65 3
68 3
69 3
71 3
74 3
76 3
79 3
80 3
83 3
86 3
87 3
89 3
90 3
91 3
93 3
96 3
97 3
99 3
100 3
1 4
2 4
3 4
4 4
6 4
7 4
9 4
11 4
12 4
13 4
15 4
19 4
21 4
22 4
25 4
29 4
30 4
31 4
32 4
34 4
35 4
36 4
38 4
41 4
43 4
44 4
46 4
47 4
49 4
50 4
51 4
53 4
55 4
56 4
57 4
58 4
59 4
60 4
61 4
64 4
65 4
69 4
71 4
72 4
73 4
74 4
76 4
78 4
79 4
80 4
84 4
85 4
89 4
90 4
96 4
100 4
2 5
5 5
6 5
9 5
10 5
13 5
14 5
15 5
17 5
20 5
22 5
23 5
24 5
27 5
30 5
32 5
33 5
34 5
35 5
36 5
37 5
44 5
45 5
49 5
52 5
57 5
58 5
60 5
61 5
63 5
67 5
68 5
70 5
71 5
72 5
73 5
75 5
77 5
79 5
80 5
81 5
82 5
84 5
86 5
87 5
88 5
89 5
91 5
94 5
96 5
98 5
99 5
100 5
1 6
2 6
3 6
4 6
6 6
8 6
10 6
16 6
19 6
20 6
22 6
23 6
24 6
26 6
27 6
28 6
31 6
36 6
38 6
41 6
42 6
43 6
46 6
49 6
51 6
52 6
55 6
56 6
57 6
58 6
59 6
64 6
66 6
71 6
72 6
73 6
74 6
75 6
77 6
78 6
84 6
86 6
87 6
88 6
89 6
91 6
92 6
95 6
96 6
99 6
1 7
2 7
4 7
5 7
10 7
11 7
12 7
17 7
18 7
20 7
21 7
22 7
23 7
24 7
25 7
30 7
31 7
33 7
36 7
37 7
39 7
41 7
43 7
46 7
48 7
49 7
50 7
58 7
59 7
60 7
64 7
66 7
69 7
70 7
71 7
73 7
74 7
75 7
77 7
79 7
81 7
82 7
83 7
88 7
89 7
90 7
91 7
96 7
97 7
98 7
1 8
2 8
5 8
6 8
7 8
8 8
14 8
15 8
17 8
21 8
22 8
27 8
29 8
32 8
33 8
36 8
37 8
38 8
44 8
45 8
48 8
52 8
53 8
55 8
58 8
59 8
61 8
63 8
65 8
66 8
67 8
68 8
69 8
71 8
74 8
75 8
79 8
81 8
83 8
85 8
88 8
90 8
91 8
94 8
95 8
96 8
99 8
2 9
3 9
5 9
6 9
7 9
11 9
15 9
16 9
18 9
19 9
20 9
22 9
23 9
27 9
32 9
39 9
41 9
44 9
45 9
46 9
48 9
51 9
52 9
54 9
55 9
56 9
57 9
59 9
64 9
65 9
68 9
69 9
72 9
73 9
75 9
79 9
80 9
81 9
83 9
84 9
85 9
89 9
90 9
91 9
96 9
98 9
99 9
5 10
6 10
7 10
12 10
13 10
14 10
15 10
16 10
20 10
21 10
22 10
23 10
24 10
25 10
27 10
30 10
31 10
35 10
36 10
37 10
38 10
39 10
41 10
43 10
50 10
51 10
53 10
55 10
59 10
61 10
63 10
66 10
69 10
70 10
72 10
78 10
81 10
85 10
90 10
94 10
96 10
97 10
99 10
100 10
10 11
11 11
12 11
14 11
16 11
21 11
22 11
24 11
30 11
31 11
35 11
39 11
40 11
44 11
45 11
46 11
51 11
57 11
59 11
60 11
61 11
65 11
66 11
67 11
72 11
73 11
75 11
76 11
79 11
80 11
81 11
83 11
85 11
87 11
90 11
92 11
95 11
97 11
1 12
2 12
3 12
8 12
11 12
12 12
16 12
17 12
20 12
21 12
25 12
28 12
29 12
30 12
31 12
33 12
36 12
42 12
43 12
44 12
45 12
46 12
47 12
48 12
49 12
50 12
51 12
53 12
54 12
57 12
60 12
64 12
65 12
66 12
71 12
72 12
74 12
76 12
79 12
80 12
81 12
82 12
84 12
89 12
91 12
92 12
96 12
97 12
98 12
99 12
100 12
1 13
2 13
3 13
8 13
10 13
13 13
14 13
16 13
21 13
22 13
23 13
24 13
25 13
26 13
27 13
28 13
29 13
32 13
34 13
36 13
38 13
39 13
40 13
41 13
47 13
49 13
51 13
53 13
54 13
57 13
63 13
69 13
70 13
72 13
74 13
78 13
80 13
81 13
82 13
83 13
84 13
85 13
86 13
87 13
92 13
93 13
94 13
98 13
2 14
4 14
5 14
8 14
9 14
12 14
14 14
15 14
16 14
17 14
18 14
19 14
20 14
23 14
25 14
27 14
28 14
29 14
30 14
32 14
34 14
36 14
40 14
42 14
43 14
45 14
46 14
47 14
49 14
50 14
53 14
55 14
56 14
59 14
60 14
64 14
66 14
67 14
69 14
71 14
73 14
75 14
77 14
78 14
79 14
81 14
83 14
84 14
96 14
97 14
98 14
100 14
1 15
6 15
8 15
11 15
13 15
14 15
16 15
19 15
20 15
23 15
24 15
25 15
26 15
27 15
29 15
30 15
31 15
32 15
33 15
35 15
36 15
38 15
39 15
40 15
41 15
42 15
46 15
47 15
48 15
49 15
50 15
53 15
54 15
55 15
56 15
57 15
58 15
61 15
63 15
69 15
71 15
73 15
74 15
80 15
81 15
88 15
89 15
91 15
92 15
94 15
98 15
99 15
100 15
1 16
3 16
6 16
7 16
9 16
10 16
13 16
14 16
17 16
20 16
21 16
23 16
24 16
26 16
27 16
29 16
30 16
31 16
33 16
36 16
38 16
41 16
42 16
43 16
47 16
48 16
51 16
52 16
54 16
55 16
62 16
63 16
64 16
66 16
67 16
68 16
71 16
72 16
73 16
76 16
77 16
80 16
83 16
85 16
86 16
87 16
88 16
89 16
90 16
91 16
92 16
93 16
94 16
95 16
96 16
99 16
100 16
1 17
2 17
3 17
5 17
6 17
7 17
9 17
10 17
11 17
13 17
14 17
15 17
16 17
17 17
18 17
20 17
22 17
24 17
27 17
28 17
29 17
30 17
31 17
34 17
39 17
43 17
44 17
47 17
48 17
50 17
51 17
53 17
55 17
56 17
61 17
65 17
66 17
68 17
69 17
71 17
72 17
79 17
81 17
84 17
86 17
87 17
89 17
90 17
91 17
92 17
93 17
94 17
96 17
99 17
2 18
4 18
6 18
9 18
10 18
12 18
15 18
17 18
18 18
21 18
25 18
26 18
27 18
29 18
30 18
33 18
37 18
41 18
42 18
44 18
46 18
47 18
51 18
52 18
53 18
54 18
56 18
58 18
59 18
61 18
63 18
72 18
73 18
77 18
79 18
80 18
86 18
89 18
91 18
93 18
95 18
96 18
97 18
99 18
100 18
1 19
3 19
5 19
6 19
12 19
16 19
18 19
19 19
21 19
24 19
25 19
28 19
29 19
31 19
35 19
36 19
38 19
40 19
43 19
44 19
47 19
50 19
51 19
52 19
54 19
55 19
58 19
59 19
60 19
61 19
63 19
64 19
65 19
66 19
68 19
76 19
79 19
80 19
84 19
85 19
86 19
90 19
94 19
97 19
98 19
99 19
100 19
1 20
2 20
7 20
8 20
9 20
10 20
11 20
14 20
15 20
16 20
21 20
24 20
29 20
32 20
33 20
37 20
39 20
40 20
42 20
44 20
46 20
48 20
49 20
51 20
52 20
55 20
57 20
59 20
62 20
66 20
68 20
74 20
75 20
76 20
81 20
82 20
83 20
84 20
86 20
91 20
98 20
99 20
2 21
3 21
4 21
5 21
6 21
9 21
10 21
11 21
14 21
16 21
18 21
20 21
25 21
26 21
29 21
31 21
32 21
36 21
39 21
41 21
42 21
43 21
44 21
45 21
48 21
50 21
51 21
52 21
56 21
57 21
65 21
67 21
69 21
71 21
73 21
74 21
77 21
79 21
81 21
84 21
85 21
87 21
89 21
92 21
93 21
98 21
99 21
100 21
1 22
2 22
3 22
4 22
5 22
9 22
10 22
11 22
13 22
17 22
18 22
22 22
27 22
35 22
36 22
37 22
38 22
41 22
44 22
53 22
54 22
57 22
58 22
62 22
65 22
68 22
69 22
70 22
74 22
75 22
76 22
77 22
78 22
85 22
86 22
87 22
88 22
89 22
90 22
91 22
93 22
95 22
1 23
2 23
8 23
11 23
14 23
15 23
16 23
18 23
19 23
20 23
22 23
23 23
24 23
25 23
26 23
32 23
33 23
34 23
35 23
42 23
43 23
44 23
45 23
46 23
48 23
49 23
50 23
58 23
63 23
65 23
66 23
67 23
69 23
70 23
73 23
76 23
78 23
79 23
81 23
82 23
83 23
85 23
87 23
88 23
91 23
93 23
95 23
96 23
97 23
98 23
100 23
2 24
4 24
6 24
8 24
11 24
14 24
16 24
17 24
21 24
22 24
23 24
24 24
25 24
26 24
27 24
28 24
32 24
35 24
37 24
38 24
39 24
41 24
45 24
46 24
47 24
51 24
52 24
56 24
58 24
59 24
61 24
63 24
64 24
65 24
66 24
69 24
71 24
72 24
73 24
75 24
78 24
80 24
81 24
82 24
83 24
85 24
87 24
88 24
89 24
90 24
99 24
100 24
2 25
3 25
4 25
5 25
8 25
9 25
12 25
13 25
14 25
16 25
18 25
19 25
20 25
25 25
30 25
31 25
35 25
36 25
37 25
38 25
39 25
40 25
41 25
45 25
48 25
51 25
52 25
53 25
54 25
55 25
56 25
57 25
58 25
59 25
62 25
67 25
68 25
70 25
71 25
72 25
74 25
75 25
76 25
78 25
82 25
83 25
85 25
86 25
87 25
88 25
89 25
90 25
91 25
92 25
93 25
98 25
99 25
100 25
1 26
6 26
7 26
11 26
12 26
13 26
14 26
15 26
16 26
17 26
21 26
22 26
23 26
24 26
26 26
28 26
31 26
33 26
34 26
37 26
38 26
39 26
43 26
44 26
45 26
46 26
47 26
48 26
49 26
50 26
51 26
55 26
57 26
59 26
61 26
65 26
70 26
75 26
79 26
80 26
81 26
82 26
83 26
85 26
87 26
89 26
90 26
91 26
92 26
93 26
96 26
97 26
99 26
100 26
1 27
2 27
7 27
9 27
10 27
14 27
15 27
19 27
21 27
23 27
26 27
29 27
31 27
32 27
36 27
37 27
39 27
40 27
43 27
44 27
45 27
52 27
53 27
54 27
55 27
57 27
60 27
61 27
62 27
63 27
71 27
72 27
74 27
75 27
76 27
79 27
82 27
84 27
85 27
88 27
89 27
92 27
93 27
95 27
96 27
97 27
99 27
1 28
2 28
4 28
8 28
14 28
15 28
22 28
23 28
24 28
25 28
26 28
28 28
39 28
40 28
41 28
42 28
43 28
44 28
45 28
47 28
48 28
53 28
57 28
58 28
59 28
60 28
61 28
62 28
63 28
64 28
66 28
67 28
68 28
69 28
71 28
72 28
74 28
77 28
82 28
84 28
85 28
86 28
87 28
89 28
91 28
92 28
93 28
94 28
95 28
98 28
99 28
100 28
2 29
3 29
5 29
6 29
7 29
12 29
14 29
21 29
23 29
24 29
29 29
31 29
33 29
34 29
35 29
36 29
37 29
38 29
40 29
41 29
43 29
44 29
45 29
47 29
50 29
51 29
54 29
58 29
61 29
63 29
65 29
66 29
67 29
69 29
70 29
72 29
73 29
76 29
80 29
81 29
84 29
85 29
87 29
89 29
92 29
97 29
98 29
3 30
6 30
7 30
8 30
10 30
15 30
19 30
20 30
21 30
23 30
24 30
25 30
29 30
30 30
31 30
32 30
34 30
37 30
38 30
40 30
42 30
43 30
45 30
47 30
50 30
51 30
56 30
57 30
58 30
60 30
61 30
62 30
63 30
65 30
66 30
67 30
72 30
73 30
78 30
81 30
83 30
84 30
85 30
91 30
93 30
95 30
96 30
98 30
99 30
2 31
5 31
7 31
8 31
9 31
10 31
13 31
14 31
15 31
16 31
17 31
19 31
20 31
21 31
22 31
27 31
28 31
29 31
30 31
36 31
39 31
40 31
43 31
45 31
49 31
50 31
53 31
55 31
57 31
59 31
61 31
64 31
66 31
67 31
70 31
71 31
73 31
74 31
75 31
77 31
78 31
82 31
83 31
84 31
87 31
88 31
90 31
91 31
92 31
93 31
95 31
2 32
5 32
7 32
8 32
9 32
10 32
11 32
14 32
16 32
18 32
19 32
24 32
26 32
27 32
30 32
33 32
35 32
37 32
38 32
39 32
42 32
49 32
53 32
55 32
56 32
57 32
60 32
62 32
67 32
70 32
71 32
73 32
77 32
79 32
80 32
83 32
85 32
86 32
87 32
88 32
89 32
91 32
93 32
94 32
96 32
100 32
1 33
2 33
4 33
7 33
10 33
11 33
13 33
15 33
19 33
20 33
21 33
23 33
24 33
27 33
28 33
30 33
32 33
33 33
34 33
36 33
39 33
40 33
45 33
46 33
47 33
48 33
49 33
50 33
62 33
64 33
65 33
66 33
69 33
75 33
76 33
77 33
78 33
81 33
82 33
84 33
89 33
93 33
94 33
98 33
100 33
1 34
2 34
3 34
4 34
6 34
7 34
8 34
9 34
15 34
16 34
17 34
18 34
19 34
20 34
21 34
24 34
27 34
28 34
29 34
30 34
33 34
35 34
36 34
40 34
45 34
48 34
49 34
50 34
52 34
53 34
55 34
56 34
57 34
58 34
59 34
63 34
64 34
66 34
67 34
69 34
72 34
75 34
77 34
79 34
80 34
81 34
84 34
85 34
87 34
88 34
90 34
95 34
100 34
1 35
2 35
3 35
5 35
7 35
8 35
10 35
12 35
13 35
14 35
16 35
18 35
19 35
23 35
24 35
29 35
31 35
32 35
33 35
34 35
36 35
37 35
38 35
39 35
40 35
41 35
44 35
48 35
49 35
50 35
55 35
56 35
57 35
58 35
60 35
63 35
70 35
73 35
74 35
76 35
78 35
80 35
81 35
82 35
87 35
88 35
90 35
91 35
93 35
96 35
98 35
1 36
3 36
4 36
7 36
8 36
10 36
12 36
14 36
15 36
16 36
20 36
22 36
24 36
25 36
26 36
29 36
30 36
31 36
32 36
34 36
36 36
37 36
38 36
41 36
42 36
43 36
44 36
47 36
48 36
49 36
51 36
52 36
53 36
54 36
57 36
58 36
59 36
60 36
63 36
65 36
66 36
67 36
68 36
71 36
72 36
74 36
76 36
80 36
81 36
85 36
87 36
91 36
93 36
99 36
1 37
2 37
5 37
14 37
16 37
17 37
18 37
22 37
23 37
25 37
26 37
27 37
31 37
32 37
33 37
36 37
37 37
40 37
42 37
43 37
46 37
47 37
48 37
49 37
51 37
56 37
57 37
59 37
62 37
65 37
69 37
72 37
77 37
80 37
81 37
84 37
85 37
86 37
88 37
89 37
92 37
95 37
96 37
100 37
5 38
6 38
7 38
8 38
10 38
11 38
14 38
18 38
19 38
21 38
24 38
26 38
29 38
30 38
31 38
33 38
35 38
36 38
37 38
39 38
42 38
43 38
44 38
45 38
46 38
51 38
53 38
54 38
56 38
58 38
60 38
61 38
62 38
64 38
65 38
67 38
68 38
69 38
71 38
72 38
73 38
74 38
75 38
78 38
79 38
80 38
84 38
85 38
88 38
90 38
95 38
97 38
98 38
100 38
1 39
2 39
3 39
4 39
5 39
6 39
8 39
11 39
14 39
16 39
17 39
20 39
22 39
23 39
27 39
31 39
32 39
34 39
35 39
37 39
38 39
39 39
44 39
46 39
49 39
50 39
51 39
54 39
56 39
57 39
58 39
59 39
60 39
61 39
63 39
65 39
66 39
68 39
71 39
74 39
75 39
77 39
80 39
85 39
87 39
89 39
93 39
96 39
97 39
98 39
99 39
100 39
3 40
5 40
6 40
8 40
9 40
13 40
16 40
21 40
23 40
24 40
25 40
26 40
27 40
28 40
29 40
30 40
31 40
32 40
34 40
35 40
36 40
40 40
41 40
42 40
45 40
46 40
49 40
52 40
54 40
59 40
62 40
63 40
66 40
67 40
70 40
72 40
74 40
75 40
76 40
77 40
78 40
81 40
83 40
85 40
89 40
94 40
96 40
98 40
99 40
1 41
2 41
3 41
4 41
5 41
6 41
10 41
22 41
24 41
29 41
30 41
33 41
35 41
36 41
37 41
38 41
40 41
41 41
42 41
45 41
46 41
47 41
50 41
51 41
55 41
58 41
59 41
60 41
62 41
63 41
64 41
65 41
67 41
68 41
70 41
71 41
77 41
78 41
79 41
86 41
90 41
91 41
93 41
94 41
95 41
97 41
99 41
1 42
3 42
5 42
9 42
10 42
11 42
12 42
13 42
15 42
22 42
24 42
27 42
29 42
33 42
34 42
35 42
36 42
38 42
39 42
45 42
47 42
48 42
50 42
51 42
53 42
54 42
59 42
61 42
63 42
64 42
65 42
66 42
69 42
70 42
72 42
73 42
74 42
77 42
82 42
85 42
87 42
90 42
92 42
96 42
97 42
98 42
100 42
2 43
3 43
5 43
6 43
9 43
10 43
12 43
14 43
19 43
20 43
22 43
23 43
24 43
25 43
26 43
27 43
28 43
31 43
32 43
37 43
40 43
41 43
42 43
44 43
45 43
47 43
49 43
52 43
53 43
58 43
59 43
63 43
65 43
66 43
69 43
70 43
71 43
73 43
74 43
75 43
77 43
79 43
80 43
81 43
83 43
85 43
86 43
88 43
89 43
90 43
91 43
92 43
96 43
97 43
98 43
99 43
1 44
8 44
9 44
11 44
15 44
17 44
18 44
20 44
21 44
22 44
24 44
25 44
26 44
27 44
29 44
30 44
36 44
38 44
39 44
42 44
43 44
44 44
46 44
47 44
48 44
51 44
53 44
55 44
57 44
58 44
59 44
61 44
63 44
66 44
67 44
71 44
72 44
73 44
74 44
76 44
77 44
79 44
80 44
83 44
84 44
87 44
88 44
90 44
92 44
95 44
97 44
98 44
100 44
4 45
9 45
11 45
13 45
15 45
16 45
17 45
18 45
20 45
21 45
24 45
25 45
26 45
27 45
29 45
39 45
40 45
42 45
43 45
44 45
45 45
46 45
50 45
51 45
55 45
56 45
57 45
58 45
59 45
64 45
67 45
68 45
70 45
72 45
73 45
78 45
80 45
85 45
87 45
89 45
90 45
91 45
94 45
95 45
96 45
99 45
100 45
1 46
4 46
5 46
6 46
7 46
10 46
13 46
15 46
16 46
17 46
18 46
21 46
22 46
24 46
25 46
28 46
34 46
37 46
38 46
44 46
45 46
46 46
47 46
48 46
50 46
52 46
54 46
55 46
58 46
59 46
63 46
67 46
68 46
70 46
71 46
72 46
76 46
78 46
80 46
84 46
85 46
88 46
95 46
96 46
97 46
98 46
99 46
1 47
2 47
3 47
4 47
6 47
8 47
11 47
14 47
15 47
17 47
22 47
26 47
27 47
30 47
33 47
34 47
35 47
38 47
40 47
44 47
46 47
51 47
52 47
54 47
56 47
57 47
58 47
60 47
62 47
63 47
65 47
66 47
67 47
74 47
75 47
76 47
78 47
80 47
81 47
82 47
84 47
86 47
87 47
88 47
90 47
92 47
93 47
97 47
98 47
99 47
1 48
2 48
5 48
6 48
10 48
12 48
13 48
14 48
15 48
16 48
18 48
19 48
22 48
24 48
25 48
27 48
28 48
29 48
31 48
34 48
35 48
37 48
46 48
47 48
48 48
49 48
58 48
59 48
62 48
64 48
65 48
66 48
67 48
68 48
69 48
74 48
77 48
79 48
81 48
84 48
89 48
94 48
96 48
97 48
99 48
100 48
1 49
2 49
4 49
6 49
8 49
9 49
10 49
12 49
13 49
14 49
15 49
17 49
18 49
19 49
20 49
21 49
22 49
23 49
25 49
26 49
28 49
30 49
35 49
36 49
40 49
41 49
45 49
46 49
47 49
48 49
50 49
52 49
53 49
54 49
57 49
59 49
60 49
62 49
64 49
66 49
68 49
69 49
70 49
71 49
74 49
75 49
76 49
82 49
83 49
84 49
85 49
86 49
87 49
90 49
92 49
94 49
95 49
2 50
3 50
5 50
6 50
7 50
8 50
10 50
11 50
12 50
16 50
17 50
18 50
19 50
21 50
23 50
24 50
26 50
27 50
28 50
33 50
34 50
36 50
38 50
39 50
41 50
42 50
44 50
47 50
48 50
49 50
51 50
52 50
53 50
54 50
55 50
59 50
62 50
64 50
65 50
66 50
67 50
71 50
73 50
74 50
75 50
84 50
88 50
89 50
90 50
91 50
92 50
93 50
94 50
96 50
99 50
100 50
1 51
2 51
3 51
5 51
12 51
13 51
14 51
16 51
18 51
20 51
22 51
23 51
24 51
25 51
26 51
27 51
28 51
29 51
30 51
31 51
39 51
41 51
42 51
45 51
46 51
48 51
49 51
51 51
52 51
55 51
56 51
59 51
60 51
64 51
66 51
68 51
70 51
71 51
73 51
74 51
76 51
77 51
78 51
81 51
83 51
85 51
88 51
89 51
90 51
91 51
94 51
95 51
96 51
97 51
99 51
100 51
2 52
4 52
7 52
8 52
10 52
11 52
12 52
16 52
17 52
19 52
20 52
25 52
27 52
30 52
33 52
34 52
38 52
40 52
43 52
44 52
45 52
51 52
52 52
53 52
54 52
59 52
60 52
61 52
62 52
64 52
65 52
69 52
70 52
72 52
73 52
74 52
75 52
76 52
80 52
81 52
82 52
84 52
85 52
86 52
88 52
91 52
92 52
93 52
94 52
97 52
2 53
5 53
7 53
8 53
9 53
11 53
15 53
16 53
17 53
19 53
20 53
22 53
30 53
33 53
34 53
37 53
40 53
42 53
43 53
45 53
48 53
49 53
50 53
52 53
54 53
57 53
61 53
62 53
63 53
64 53
65 53
66 53
69 53
70 53
73 53
75 53
77 53
81 53
82 53
83 53
84 53
86 53
90 53
92 53
96 53
97 53
100 53
1 54
7 54
11 54
16 54
17 54
21 54
22 54
26 54
30 54
31 54
32 54
34 54
35 54
36 54
38 54
41 54
42 54
43 54
44 54
47 54
48 54
50 54
51 54
57 54
58 54
59 54
62 54
65 54
70 54
71 54
72 54
74 54
75 54
77 54
78 54
80 54
81 54
87 54
89 54
90 54
95 54
98 54
99 54
100 54
2 55
4 55
6 55
7 55
9 55
13 55
16 55
18 55
19 55
22 55
24 55
25 55
30 55
31 55
36 55
37 55
38 55
39 55
41 55
44 55
45 55
46 55
48 55
50 55
52 55
54 55
56 55
57 55
59 55
60 55
62 55
63 55
64 55
66 55
67 55
69 55
70 55
71 55
73 55
77 55
78 55
80 55
83 55
87 55
89 55
91 55
93 55
94 55
96 55
97 55
98 55
99 55
1 56
5 56
6 56
10 56
14 56
17 56
18 56
19 56
20 56
21 56
25 56
28 56
29 56
33 56
34 56
41 56
43 56
45 56
49 56
52 56
54 56
55 56
56 56
60 56
61 56
63 56
65 56
66 56
67 56
68 56
69 56
71 56
72 56
73 56
75 56
78 56
79 56
80 56
82 56
84 56
85 56
87 56
88 56
89 56
91 56
93 56
96 56
97 56
98 56
100 56
3 57
6 57
7 57
8 57
10 57
11 57
14 57
15 57
17 57
18 57
25 57
26 57
27 57
28 57
32 57
33 57
35 57
39 57
40 57
43 57
44 57
45 57
46 57
48 57
49 57
50 57
52 57
53 57
55 57
57 57
58 57
59 57
60 57
62 57
65 57
66 57
67 57
68 57
70 57
71 57
73 57
74 57
75 57
76 57
77 57
78 57
80 57
83 57
87 57
88 57
91 57
93 57
94 57
96 57
97 57
98 57
100 57
4 58
6 58
7 58
8 58
11 58
14 58
16 58
18 58
20 58
23 58
26 58
27 58
28 58
31 58
33 58
39 58
42 58
43 58
45 58
46 58
49 58
52 58
53 58
56 58
61 58
63 58
64 58
65 58
67 58
71 58
72 58
74 58
75 58
78 58
82 58
88 58
89 58
90 58
91 58
92 58
94 58
97 58
98 58
100 58
1 59
5 59
7 59
9 59
10 59
11 59
14 59
18 59
19 59
20 59
21 59
22 59
23 59
25 59
26 59
27 59
28 59
29 59
30 59
33 59
35 59
36 59
37 59
38 59
41 59
43 59
45 59
46 59
47 59
48 59
49 59
51 59
52 59
54 59
55 59
56 59
57 59
58 59
61 59
62 59
65 59
71 59
74 59
77 59
78 59
83 59
85 59
86 59
88 59
91 59
92 59
94 59
96 59
97 59
98 59
99 59
100 59
1 60
2 60
3 60
4 60
8 60
9 60
10 60
12 60
14 60
15 60
18 60
19 60
21 60
24 60
25 60
28 60
31 60
32 60
33 60
34 60
36 60
38 60
39 60
41 60
42 60
46 60
51 60
56 60
60 60
64 60
67 60
68 60
69 60
73 60
74 60
75 60
78 60
79 60
80 60
82 60
83 60
88 60
89 60
92 60
96 60
97 60
98 60
1 61
2 61
3 61
5 61
8 61
9 61
10 61
11 61
12 61
15 61
16 61
18 61
19 61
22 61
24 61
25 61
26 61
27 61
28 61
29 61
30 61
31 61
32 61
34 61
36 61
38 61
39 61
42 61
43 61
45 61
49 61
54 61
55 61
61 61
63 61
66 61
68 61
70 61
72 61
73 61
74 61
77 61
82 61
83 61
84 61
86 61
87 61
89 61
90 61
92 61
97 61
98 61
100 61
1 62
2 62
4 62
6 62
10 62
11 62
12 62
15 62
22 62
24 62
27 62
28 62
29 62
37 62
38 62
41 62
42 62
44 62
45 62
47 62
49 62
51 62
54 62
55 62
56 62
59 62
63 62
65 62
66 62
69 62
70 62
71 62
73 62
74 62
75 62
76 62
77 62
78 62
80 62
81 62
82 62
84 62
86 62
87 62
88 62
90 62
91 62
92 62
95 62
98 62
1 63
4 63
8 63
9 63
11 63
13 63
14 63
18 63
19 63
21 63
22 63
23 63
25 63
26 63
30 63
32 63
33 63
34 63
35 63
38 63
39 63
40 63
42 63
44 63
45 63
46 63
48 63
52 63
53 63
54 63
60 63
63 63
64 63
65 63
66 63
67 63
68 63
69 63
70 63
71 63
73 63
75 63
76 63
81 63
84 63
85 63
88 63
89 63
91 63
92 63
93 63
96 63
97 63
98 63
100 63
2 64
3 64
9 64
11 64
12 64
13 64
15 64
19 64
23 64
24 64
30 64
31 64
32 64
33 64
37 64
38 64
39 64
42 64
43 64
44 64
46 64
48 64
49 64
53 64
54 64
55 64
56 64
57 64
59 64
60 64
61 64
62 64
63 64
68 64
69 64
74 64
76 64
78 64
80 64
81 64
85 64
88 64
89 64
91 64
92 64
95 64
96 64
97 64
99 64
100 64
1 65
3 65
6 65
7 65
9 65
11 65
14 65
15 65
18 65
19 65
23 65
26 65
27 65
28 65
29 65
31 65
35 65
36 65
37 65
42 65
44 65
45 65
46 65
47 65
48 65
51 65
53 65
54 65
55 65
56 65
58 65
62 65
63 65
64 65
65 65
67 65
69 65
72 65
73 65
74 65
75 65
76 65
77 65
79 65
80 65
81 65
84 65
85 65
87 65
88 65
89 65
92 65
95 65
96 65
97 65
98 65
100 65
2 66
5 66
7 66
8 66
15 66
16 66
20 66
21 66
22 66
23 66
26 66
27 66
28 66
31 66
33 66
34 66
36 66
38 66
40 66
45 66
47 66
49 66
50 66
51 66
52 66
53 66
55 66
56 66
58 66
60 66
61 66
64 66
65 66
66 66
67 66
68 66
70 66
75 66
78 66
81 66
82 66
83 66
85 66
86 66
87 66
92 66
93 66
94 66
95 66
99 66
2 67
4 67
5 67
6 67
7 67
9 67
11 67
13 67
16 67
19 67
21 67
26 67
28 67
29 67
31 67
33 67
35 67
36 67
37 67
38 67
40 67
42 67
43 67
45 67
47 67
49 67
50 67
55 67
57 67
59 67
66 67
67 67
72 67
73 67
74 67
78 67
80 67
83 67
90 67
91 67
92 67
93 67
94 67
95 67
97 67
98 67
100 67
1 68
2 68
4 68
7 68
8 68
11 68
12 68
13 68
17 68
19 68
20 68
21 68
22 68
24 68
29 68
30 68
31 68
33 68
35 68
40 68
46 68
47 68
49 68
51 68
52 68
57 68
59 68
61 68
63 68
64 68
69 68
70 68
71 68
72 68
74 68
76 68
78 68
80 68
82 68
90 68
91 68
93 68
94 68
95 68
97 68
98 68
99 68
100 68
1 69
4 69
6 69
8 69
9 69
11 69
12 69
13 69
16 69
17 69
18 69
21 69
25 69
26 69
30 69
33 69
34 69
36 69
37 69
38 69
40 69
42 69
43 69
45 69
47 69
49 69
50 69
52 69
56 69
57 69
60 69
62 69
63 69
64 69
65 69
66 69
68 69
69 69
70 69
71 69
72 69
73 69
75 69
76 69
77 69
79 69
80 69
81 69
82 69
83 69
86 69
87 69
89 69
91 69
92 69
95 69
97 69
98 69
1 70
3 70
5 70
6 70
7 70
9 70
10 70
12 70
13 70
17 70
21 70
22 70
23 70
25 70
26 70
27 70
36 70
39 70
40 70
41 70
42 70
52 70
53 70
56 70
57 70
59 70
61 70
69 70
70 70
72 70
73 70
77 70
79 70
81 70
85 70
95 70
98 70
2 71
4 71
13 71
15 71
16 71
17 71
18 71
19 71
21 71
24 71
27 71
29 71
30 71
33 71
34 71
36 71
40 71
41 71
47 71
48 71
50 71
51 71
56 71
57 71
59 71
60 71
61 71
63 71
68 71
70 71
71 71
72 71
73 71
75 71
77 71
78 71
81 71
83 71
91 71
92 71
96 71
98 71
2 72
3 72
6 72
7 72
8 72
11 72
16 72
17 72
18 72
20 72
21 72
22 72
26 72
27 72
28 72
29 72
30 72
31 72
32 72
36 72
37 72
38 72
39 72
41 72
42 72
44 72
50 72
51 72
53 72
54 72
55 72
56 72
59 72
61 72
63 72
64 72
66 72
67 72
69 72
72 72
75 72
79 72
81 72
82 72
83 72
84 72
87 72
88 72
89 72
90 72
93 72
94 72
95 72
96 72
97 72
99 72
100 72
1 73
3 73
4 73
5 73
8 73
10 73
11 73
12 73
15 73
17 73
18 73
19 73
20 73
23 73
25 73
26 73
27 73
28 73
29 73
32 73
35 73
38 73
39 73
40 73
41 73
42 73
43 73
44 73
47 73
51 73
52 73
55 73
56 73
57 73
58 73
59 73
63 73
65 73
68 73
71 73
72 73
73 73
74 73
76 73
77 73
78 73
79 73
81 73
83 73
84 73
85 73
86 73
87 73
91 73
92 73
94 73
96 73
97 73
1 74
5 74
6 74
7 74
10 74
12 74
14 74
15 74
16 74
18 74
20 74
22 74
26 74
28 74
30 74
31 74
34 74
35 74
38 74
39 74
40 74
41 74
42 74
46 74
47 74
49 74
51 74
52 74
53 74
54 74
55 74
59 74
60 74
62 74
64 74
65 74
66 74
69 74
71 74
72 74
74 74
75 74
77 74
78 74
79 74
81 74
82 74
83 74
84 74
86 74
87 74
89 74
90 74
91 74
92 74
93 74
94 74
98 74
99 74
2 75
5 75
7 75
9 75
11 75
20 75
21 75
22 75
24 75
27 75
28 75
29 75
31 75
32 75
33 75
35 75
41 75
42 75
43 75
47 75
50 75
52 75
54 75
57 75
58 75
61 75
62 75
63 75
64 75
66 75
68 75
69 75
71 75
73 75
74 75
75 75
76 75
77 75
78 75
79 75
80 75
82 75
83 75
84 75
87 75
88 75
90 75
91 75
92 75
94 75
97 75
98 75
99 75
4 76
5 76
7 76
9 76
10 76
12 76
13 76
18 76
19 76
20 76
23 76
24 76
28 76
32 76
35 76
36 76
37 76
38 76
39 76
41 76
43 76
44 76
46 76
50 76
51 76
53 76
54 76
57 76
58 76
59 76
60 76
63 76
64 76
66 76
67 76
70 76
71 76
74 76
77 76
81 76
85 76
86 76
87 76
88 76
89 76
91 76
92 76
93 76
94 76
100 76
3 77
4 77
8 77
15 77
20 77
21 77
25 77
28 77
31 77
32 77
33 77
34 77
36 77
37 77
39 77
40 77
42 77
43 77
46 77
48 77
49 77
50 77
51 77
52 77
54 77
55 77
58 77
59 77
60 77
64 77
65 77
67 77
68 77
72 77
74 77
75 77
76 77
77 77
79 77
84 77
85 77
88 77
89 77
93 77
95 77
96 77
100 77
2 78
4 78
7 78
9 78
10 78
11 78
12 78
13 78
14 78
15 78
16 78
18 78
19 78
21 78
22 78
24 78
26 78
27 78
28 78
29 78
30 78
31 78
32 78
33 78
34 78
35 78
36 78
39 78
40 78
44 78
46 78
48 78
49 78
51 78
52 78
54 78
55 78
56 78
58 78
59 78
60 78
62 78
63 78
67 78
69 78
70 78
71 78
72 78
73 78
74 78
75 78
78 78
79 78
81 78
82 78
84 78
85 78
87 78
88 78
89 78
90 78
91 78
93 78
95 78
99 78
100 78
1 79
2 79
3 79
4 79
5 79
7 79
10 79
12 79
13 79
15 79
16 79
21 79
24 79
25 79
26 79
27 79
29 79
31 79
32 79
33 79
34 79
37 79
38 79
39 79
41 79
42 79
44 79
45 79
46 79
47 79
49 79
50 79
53 79
54 79
55 79
57 79
58 79
59 79
62 79
63 79
67 79
70 79
71 79
72 79
74 79
79 79
84 79
86 79
87 79
88 79
89 79
91 79
94 79
95 79
97 79
98 79
100 79
3 80
5 80
7 80
8 80
11 80
16 80
17 80
22 80
24 80
26 80
27 80
31 80
33 80
37 80
38 80
41 80
42 80
43 80
44 80
47 80
49 80
50 80
51 80
56 80
57 80
58 80
59 80
60 80
61 80
62 80
63 80
67 80
68 80
69 80
70 80
72 80
74 80
75 80
79 80
80 80
82 80
84 80
86 80
87 80
92 80
93 80
94 80
95 80
96 80
97 80
1 81
2 81
5 81
6 81
7 81
9 81
12 81
14 81
17 81
19 81
21 81
23 81
24 81
25 81
26 81
28 81
30 81
32 81
36 81
37 81
39 81
40 81
42 81
45 81
46 81
48 81
49 81
50 81
52 81
54 81
59 81
60 81
61 81
62 81
63 81
65 81
67 81
69 81
70 81
71 81
72 81
73 81
76 81
77 81
79 81
80 81
82 81
84 81
87 81
90 81
92 81
93 81
98 81
99 81
100 81
1 82
3 82
4 82
6 82
7 82
8 82
9 82
10 82
13 82
14 82
15 82
22 82
23 82
24 82
27 82
28 82
29 82
30 82
31 82
33 82
36 82
38 82
39 82
40 82
41 82
45 82
46 82
50 82
51 82
53 82
54 82
55 82
56 82
57 82
59 82
60 82
62 82
63 82
66 82
68 82
69 82
72 82
73 82
75 82
76 82
79 82
80 82
87 82
93 82
94 82
96 82
97 82
100 82
1 83
2 83
3 83
4 83
6 83
7 83
9 83
10 83
21 83
23 83
25 83
27 83
31 83
32 83
33 83
34 83
35 83
36 83
38 83
40 83
46 83
47 83
48 83
49 83
55 83
56 83
58 83
59 83
60 83
65 83
66 83
67 83
68 83
70 83
71 83
73 83
75 83
76 83
78 83
79 83
80 83
81 83
83 83
89 83
90 83
92 83
99 83
100 83
1 84
2 84
3 84
4 84
9 84
10 84
12 84
14 84
17 84
18 84
20 84
21 84
23 84
24 84
26 84
27 84
28 84
29 84
33 84
34 84
35 84
36 84
38 84
40 84
42 84
58 84
61 84
62 84
63 84
67 84
68 84
71 84
72 84
75 84
80 84
87 84
91 84
92 84
95 84
96 84
97 84
99 84
2 85
3 85
4 85
6 85
7 85
8 85
9 85
10 85
11 85
13 85
14 85
22 85
24 85
26 85
28 85
31 85
33 85
34 85
36 85
38 85
39 85
41 85
44 85
50 85
53 85
55 85
56 85
58 85
59 85
61 85
62 85
63 85
65 85
66 85
67 85
69 85
70 85
71 85
80 85
81 85
82 85
83 85
86 85
88 85
89 85
90 85
93 85
95 85
98 85
1 86
3 86
4 86
5 86
6 86
7 86
9 86
12 86
15 86
16 86
17 86
18 86
20 86
23 86
24 86
25 86
27 86
30 86
31 86
32 86
35 86
36 86
37 86
39 86
40 86
42 86
43 86
45 86
46 86
48 86
52 86
58 86
59 86
62 86
64 86
67 86
69 86
70 86
71 86
72 86
73 86
77 86
78 86
81 86
82 86
84 86
86 86
88 86
90 86
92 86
93 86
94 86
98 86
99 86
100 86
3 87
6 87
11 87
12 87
13 87
14 87
15 87
17 87
21 87
22 87
23 87
25 87
26 87
30 87
32 87
33 87
34 87
39 87
41 87
42 87
45 87
46 87
50 87
52 87
54 87
57 87
58 87
59 87
60 87
62 87
64 87
65 87
69 87
70 87
71 87
72 87
76 87
79 87
80 87
81 87
82 87
83 87
85 87
86 87
87 87
89 87
90 87
91 87
94 87
96 87
98 87
99 87
1 88
2 88
6 88
12 88
14 88
15 88
17 88
18 88
19 88
26 88
27 88
28 88
29 88
32 88
33 88
34 88
35 88
38 88
40 88
41 88
45 88
48 88
49 88
50 88
51 88
53 88
55 88
56 88
58 88
60 88
63 88
66 88
70 88
71 88
73 88
77 88
78 88
80 88
87 88
90 88
91 88
92 88
93 88
96 88
99 88
100 88
4 89
6 89
7 89
9 89
11 89
12 89
13 89
17 89
19 89
20 89
22 89
25 89
26 89
27 89
28 89
29 89
31 89
32 89
34 89
36 89
38 89
45 89
46 89
50 89
51 89
53 89
54 89
60 89
61 89
63 89
65 89
67 89
68 89
69 89
72 89
75 89
80 89
84 89
86 89
88 89
89 89
94 89
99 89
100 89
2 90
5 90
6 90
7 90
10 90
11 90
12 90
14 90
18 90
19 90
22 90
26 90
29 90
30 90
32 90
36 90
37 90
38 90
40 90
41 90
42 90
43 90
44 90
48 90
49 90
51 90
53 90
54 90
55 90
56 90
57 90
58 90
59 90
60 90
62 90
64 90
66 90
67 90
69 90
71 90
72 90
74 90
76 90
77 90
79 90
81 90
82 90
83 90
84 90
86 90
88 90
90 90
91 90
92 90
93 90
95 90
96 90
98 90
99 90
100 90
1 91
4 91
11 91
13 91
15 91
16 91
17 91
18 91
19 91
20 91
22 91
24 91
26 91
31 91
33 91
36 91
37 91
39 91
42 91
43 91
44 91
47 91
48 91
49 91
53 91
55 91
56 91
59 91
65 91
67 91
70 91
71 91
72 91
74 91
75 91
76 91
77 91
78 91
80 91
82 91
83 91
86 91
88 91
89 91
90 91
91 91
94 91
95 91
97 91
1 92
2 92
3 92
5 92
6 92
14 92
16 92
17 92
19 92
20 92
23 92
25 92
28 92
29 92
30 92
32 92
37 92
38 92
42 92
43 92
45 92
47 92
49 92
51 92
54 92
56 92
58 92
59 92
63 92
64 92
65 92
67 92
69 92
70 92
71 92
72 92
74 92
77 92
80 92
82 92
83 92
85 92
86 92
89 92
90 92
92 92
93 92
96 92
97 92
99 92
100 92
3 93
4 93
8 93
12 93
13 93
16 93
17 93
19 93
20 93
21 93
22 93
26 93
27 93
29 93
30 93
32 93
34 93
36 93
37 93
39 93
40 93
44 93
48 93
52 93
55 93
57 93
59 93
60 93
61 93
62 93
63 93
65 93
67 93
70 93
71 93
72 93
74 93
75 93
78 93
80 93
82 93
83 93
85 93
87 93
88 93
90 93
91 93
93 93
95 93
96 93
98 93
99 93
100 93
1 94
4 94
5 94
6 94
7 94
8 94
11 94
15 94
19 94
20 94
21 94
22 94
24 94
26 94
33 94
34 94
35 94
37 94
40 94
41 94
42 94
44 94
49 94
50 94
51 94
53 94
54 94
56 94
58 94
60 94
61 94
62 94
65 94
66 94
67 94
68 94
69 94
70 94
73 94
74 94
76 94
78 94
81 94
83 94
84 94
85 94
90 94
91 94
92 94
94 94
100 94
1 95
2 95
3 95
9 95
11 95
17 95
20 95
23 95
24 95
26 95
27 95
29 95
31 95
32 95
33 95
35 95
36 95
38 95
39 95
41 95
42 95
43 95
44 95
45 95
46 95
48 95
51 95
54 95
56 95
61 95
62 95
63 95
68 95
69 95
72 95
77 95
78 95
79 95
83 95
86 95
89 95
90 95
91 95
92 95
94 95
96 95
97 95
4 96
5 96
7 96
9 96
13 96
14 96
19 96
22 96
23 96
24 96
25 96
27 96
31 96
33 96
34 96
35 96
37 96
40 96
41 96
42 96
43 96
45 96
46 96
47 96
49 96
50 96
51 96
52 96
53 96
54 96
58 96
62 96
63 96
64 96
65 96
66 96
67 96
70 96
71 96
74 96
75 96
76 96
77 96
79 96
80 96
82 96
84 96
87 96
90 96
92 96
93 96
97 96
99 96
3 97
4 97
7 97
8 97
11 97
14 97
20 97
22 97
23 97
25 97
30 97
33 97
34 97
35 97
38 97
39 97
40 97
41 97
43 97
44 97
46 97
47 97
53 97
55 97
56 97
62 97
65 97
66 97
67 97
71 97
72 97
73 97
75 97
76 97
82 97
83 97
84 97
87 97
88 97
90 97
91 97
94 97
95 97
96 97
3 98
5 98
11 98
12 98
14 98
15 98
16 98
17 98
20 98
21 98
22 98
23 98
24 98
28 98
31 98
32 98
34 98
36 98
39 98
40 98
44 98
46 98
47 98
51 98
54 98
55 98
56 98
57 98
58 98
60 98
61 98
62 98
64 98
67 98
68 98
70 98
72 98
73 98
79 98
82 98
85 98
87 98
88 98
89 98
92 98
93 98
95 98
96 98
97 98
98 98
99 98
2 99
4 99
6 99
8 99
11 99
13 99
14 99
17 99
18 99
19 99
21 99
23 99
25 99
29 99
31 99
32 99
33 99
37 99
41 99
43 99
44 99
45 99
46 99
48 99
49 99
54 99
55 99
57 99
62 99
65 99
66 99
67 99
70 99
73 99
74 99
76 99
77 99
80 99
81 99
82 99
84 99
87 99
88 99
91 99
94 99
96 99
98 99
99 99
4 100
5 100
7 100
10 100
15 100
21 100
25 100
26 100
28 100
29 100
30 100
31 100
32 100
33 100
35 100
36 100
38 100
40 100
44 100
45 100
46 100
48 100
49 100
50 100
53 100
54 100
55 100
59 100
60 100
61 100
62 100
64 100
65 100
69 100
70 100
74 100
77 100
82 100
83 100
85 100
88 100
89 100
90 100
91 100
92 100
93 100
95 100
98 100
99 100
100 100
