100
2 1
3 1
4 1
5 1
6 1
16 1
17 1
18 1
19 1
25 1
27 1
29 1
30 1
31 1
32 1
33 1
39 1
40 1
44 1
47 1
48 1
52 1
59 1
61 1
62 1
64 1
65 1
67 1
70 1
71 1
75 1
77 1
78 1
79 1
87 1
90 1
92 1
95 1
98 1
99 1
2 2
3 2
4 2
5 2
6 2
8 2
9 2
12 2
14 2
16 2
19 2
23 2
24 2
26 2
28 2
29 2
31 2
33 2
38 2
41 2
47 2
48 2
49 2
50 2
52 2
53 2
54 2
55 2
56 2
58 2
61 2
62 2
63 2
65 2
66 2
67 2
69 2
70 2
71 2
76 2
79 2
80 2
81 2
83 2
86 2
91 2
93 2
96 2
98 2
100 2
1 3
2 3
3 3
4 3
5 3
8 3
12 3
20 3
25 3
26 3
27 3
29 3
32 3
33 3
36 3
37 3
38 3
41 3
42 3
43 3
44 3
47 3
49 3
50 3
51 3
53 3
55 3
58 3
59 3
61 3
62 3
64 3
66 3
67 3
69 3
70 3
71 3
72 3
75 3
78 3
81 3
82 3
83 3
84 3
88 3
90 3
91 3
93 3
95 3
98 3
1 4
5 4
9 4
10 4
11 4
12 4
13 4
14 4
15 4
18 4
19 4
21 4
24 4
27 4
28 4
29 4
30 4
33 4
38 4
41 4
42 4
44 4
46 4
49 4
50 4
53 4
55 4
56 4
57 4
58 4
63 4
64 4
65 4
66 4
67 4
70 4
71 4
75 4
76 4
77 4
79 4
80 4
81 4
82 4
84 4
85 4
88 4
90 4
94 4
97 4
98 4
100 4
1 5
2 5
3 5
5 5
6 5
8 5
9 5
10 5
11 5
12 5
14 5
15 5
17 5
22 5
26 5
27 5
30 5
35 5
39 5
40 5
41 5
42 5
44 5
45 5
47 5
49 5
50 5
51 5
52 5
53 5
55 5
59 5
61 5
63 5
67 5
68 5
71 5
72 5
75 5
76 5
81 5
85 5
86 5
88 5
89 5
92 5
94 5
97 5
1 6
2 6
5 6
7 6
8 6
9 6
11 6
12 6
21 6
25 6
26 6
28 6
33 6
34 6
35 6
36 6
39 6
47 6
48 6
50 6
52 6
54 6
55 6
57 6
58 6
60 6
61 6
63 6
64 6
65 6
66 6
68 6
69 6
70 6
71 6
74 6
77 6
78 6
80 6
82 6
84 6
85 6
88 6
90 6
93 6
95 6
100 6
1 7
3 7
6 7
9 7
11 7
13 7
14 7
15 7
17 7
19 7
20 7
21 7
23 7
24 7
27 7
28 7
30 7
31 7
32 7
33 7
39 7
40 7
41 7
43 7
44 7
45 7
48 7
49 7
50 7
54 7
55 7
56 7
57 7
58 7
61 7
62 7
63 7
64 7
65 7
69 7
70 7
72 7
75 7
77 7
78 7
84 7
86 7
89 7
90 7
91 7
93 7
95 7
97 7
1 8
3 8
4 8
5 8
9 8
10 8
11 8
12 8
13 8
16 8
17 8
20 8
21 8
22 8
23 8
25 8
28 8
29 8
32 8
33 8
34 8
36 8
37 8
38 8
44 8
46 8
49 8
50 8
51 8
53 8
55 8
60 8
65 8
67 8
73 8
77 8
82 8
83 8
86 8
89 8
90 8
91 8
96 8
97 8
99 8
100 8
2 9
3 9
4 9
5 9
6 9
10 9
11 9
12 9
14 9
15 9
18 9
20 9
21 9
24 9
25 9
26 9
29 9
30 9
32 9
35 9
37 9
38 9
40 9
41 9
42 9
48 9
50 9
51 9
52 9
54 9
55 9
57 9
58 9
61 9
62 9
63 9
64 9
66 9
67 9
70 9
73 9
75 9
76 9
78 9
79 9
82 9
83 9
85 9
87 9
88 9
89 9
91 9
92 9
93 9
94 9
95 9
97 9
98 9
99 9
100 9
1 10
2 10
4 10
9 10
10 10
11 10
12 10
15 10
17 10
18 10
19 10
21 10
22 10
23 10
24 10
26 10
27 10
29 10
32 10
33 10
35 10
36 10
37 10
38 10
40 10
41 10
46 10
47 10
49 10
50 10
52 10
55 10
57 10
58 10
60 10
61 10
67 10
68 10
73 10
76 10
77 10
78 10
80 10
81 10
85 10
88 10
89 10
92 10
96 10
97 10
99 10
1 11
2 11
6 11
7 11
9 11
10 11
15 11
19 11
22 11
24 11
28 11
32 11
33 11
34 11
36 11
37 11
41 11
43 11
44 11
46 11
47 11
48 11
49 11
53 11
54 11
56 11
57 11
58 11
65 11
67 11
69 11
70 11
73 11
75 11
81 11
82 11
83 11
84 11
85 11
87 11
90 11
91 11
93 11
97 11
98 11
99 11
100 11
3 12
5 12
6 12
7 12
8 12
9 12
10 12
12 12
16 12
21 12
23 12
26 12
27 12
29 12
30 12
33 12
35 12
38 12
39 12
40 12
41 12
43 12
44 12
45 12
46 12
47 12
48 12
49 12
50 12
51 12
52 12
53 12
56 12
60 12
61 12
62 12
63 12
64 12
66 12
67 12
68 12
69 12
72 12
75 12
78 12
81 12
82 12
85 12
88 12
89 12
92 12
94 12
95 12
99 12
100 12
4 13
5 13
6 13
7 13
8 13
9 13
10 13
11 13
17 13
18 13
22 13
23 13
27 13
28 13
29 13
32 13
33 13
39 13
40 13
41 13
43 13
44 13
45 13
46 13
47 13
49 13
51 13
52 13
54 13
55 13
56 13
57 13
59 13
60 13
62 13
66 13
72 13
73 13
74 13
77 13
78 13
79 13
81 13
82 13
83 13
85 13
88 13
89 13
92 13
94 13
96 13
97 13
98 13
100 13
2 14
4 14
5 14
6 14
8 14
9 14
10 14
11 14
12 14
13 14
14 14
17 14
22 14
23 14
24 14
26 14
29 14
31 14
33 14
34 14
35 14
36 14
37 14
38 14
39 14
41 14
42 14
44 14
46 14
49 14
61 14
62 14
63 14
65 14
66 14
71 14
72 14
73 14
74 14
75 14
78 14
80 14
81 14
83 14
85 14
86 14
88 14
89 14
92 14
95 14
98 14
100 14
1 15
2 15
4 15
9 15
13 15
14 15
16 15
17 15
18 15
22 15
23 15
31 15
33 15
35 15
36 15
37 15
40 15
43 15
46 15
47 15
48 15
51 15
53 15
54 15
57 15
58 15
59 15
60 15
62 15
65 15
67 15
70 15
71 15
72 15
73 15
77 15
78 15
79 15
81 15
83 15
85 15
86 15
87 15
88 15
96 15
97 15
98 15
99 15
2 16
5 16
6 16
9 16
11 16
13 16
17 16
18 16
21 16
22 16
23 16
24 16
30 16
33 16
35 16
37 16
38 16
39 16
41 16
43 16
45 16
47 16
48 16
49 16
51 16
53 16
55 16
59 16
60 16
63 16
65 16
67 16
69 16
71 16
73 16
74 16
76 16
77 16
78 16
79 16
80 16
81 16
82 16
84 16
87 16
92 16
93 16
95 16
97 16
98 16
100 16
4 17
6 17
9 17
10 17
12 17
16 17
20 17
22 17
27 17
28 17
29 17
35 17
36 17
38 17
40 17
43 17
44 17
48 17
50 17
51 17
53 17
54 17
56 17
58 17
59 17
60 17
62 17
63 17
64 17
65 17
68 17
69 17
72 17
73 17
74 17
75 17
76 17
77 17
78 17
79 17
81 17
82 17
86 17
87 17
88 17
89 17
90 17
91 17
95 17
97 17
98 17
99 17
1 18
3 18
4 18
6 18
7 18
9 18
13 18
16 18
17 18
19 18
20 18
21 18
24 18
25 18
26 18
28 18
32 18
34 18
35 18
37 18
40 18
41 18
45 18
49 18
55 18
57 18
58 18
65 18
68 18
70 18
72 18
74 18
77 18
79 18
80 18
82 18
83 18
86 18
87 18
89 18
94 18
96 18
97 18
98 18
99 18
6 19
7 19
8 19
9 19
12 19
14 19
17 19
22 19
23 19
25 19
27 19
30 19
31 19
33 19
34 19
35 19
38 19
39 19
40 19
44 19
45 19
46 19
53 19
54 19
55 19
56 19
57 19
61 19
62 19
63 19
64 19
65 19
66 19
67 19
69 19
70 19
74 19
75 19
78 19
83 19
84 19
85 19
86 19
88 19
89 19
90 19
93 19
94 19
96 19
98 19
100 19
1 20
2 20
3 20
6 20
10 20
11 20
14 20
15 20
16 20
19 20
23 20
24 20
25 20
31 20
32 20
33 20
34 20
38 20
39 20
41 20
47 20
48 20
50 20
52 20
53 20
54 20
55 20
56 20
57 20
62 20
64 20
67 20
68 20
69 20
70 20
71 20
75 20
78 20
79 20
80 20
83 20
86 20
87 20
88 20
91 20
92 20
93 20
97 20
99 20
100 20
1 21
3 21
6 21
7 21
10 21
14 21
15 21
17 21
18 21
19 21
22 21
23 21
24 21
25 21
26 21
27 21
29 21
31 21
32 21
33 21
34 21
36 21
39 21
40 21
46 21
47 21
49 21
50 21
52 21
53 21
54 21
57 21
58 21
60 21
61 21
62 21
63 21
64 21
65 21
66 21
67 21
68 21
71 21
72 21
73 21
75 21
76 21
77 21
78 21
79 21
80 21
81 21
82 21
85 21
86 21
89 21
90 21
91 21
92 21
94 21
97 21
98 21
99 21
1 22
5 22
7 22
8 22
10 22
11 22
12 22
13 22
14 22
16 22
17 22
18 22
21 22
26 22
27 22
28 22
29 22
32 22
35 22
38 22
39 22
40 22
48 22
49 22
50 22
53 22
55 22
57 22
63 22
65 22
66 22
67 22
69 22
73 22
80 22
81 22
82 22
83 22
84 22
86 22
87 22
89 22
90 22
93 22
95 22
1 23
2 23
3 23
4 23
5 23
6 23
9 23
12 23
13 23
14 23
15 23
18 23
19 23
21 23
24 23
25 23
29 23
30 23
32 23
33 23
34 23
36 23
37 23
39 23
42 23
43 23
47 23
48 23
55 23
56 23
57 23
58 23
59 23
60 23
62 23
65 23
66 23
68 23
74 23
75 23
76 23
78 23
79 23
81 23
83 23
84 23
88 23
89 23
90 23
91 23
92 23
93 23
94 23
97 23
98 23
99 23
100 23
5 24
7 24
8 24
9 24
12 24
13 24
14 24
21 24
25 24
31 24
36 24
38 24
39 24
41 24
44 24
47 24
51 24
52 24
54 24
55 24
57 24
63 24
64 24
65 24
71 24
72 24
78 24
79 24
80 24
84 24
85 24
87 24
88 24
91 24
92 24
94 24
95 24
98 24
99 24
100 24
1 25
3 25
4 25
6 25
7 25
8 25
9 25
11 25
13 25
14 25
15 25
16 25
17 25
21 25
23 25
25 25
30 25
31 25
32 25
33 25
39 25
42 25
44 25
45 25
48 25
49 25
53 25
55 25
56 25
57 25
61 25
64 25
65 25
66 25
70 25
71 25
72 25
78 25
81 25
83 25
85 25
87 25
91 25
92 25
95 25
97 25
1 26
2 26
3 26
6 26
7 26
8 26
9 26
12 26
13 26
14 26
16 26
19 26
22 26
24 26
25 26
26 26
27 26
29 26
31 26
32 26
34 26
39 26
41 26
42 26
43 26
44 26
45 26
46 26
48 26
51 26
53 26
54 26
55 26
57 26
59 26
61 26
64 26
66 26
71 26
72 26
73 26
75 26
76 26
77 26
78 26
81 26
83 26
86 26
87 26
88 26
89 26
91 26
92 26
93 26
94 26
95 26
96 26
97 26
98 26
8 27
9 27
11 27
12 27
16 27
18 27
19 27
23 27
25 27
26 27
27 27
28 27
30 27
31 27
32 27
35 27
41 27
42 27
43 27
47 27
49 27
52 27
55 27
58 27
59 27
60 27
68 27
70 27
71 27
72 27
73 27
74 27
76 27
78 27
79 27
82 27
84 27
88 27
89 27
90 27
91 27
92 27
93 27
95 27
96 27
98 27
99 27
100 27
1 28
6 28
9 28
14 28
15 28
17 28
18 28
22 28
23 28
24 28
25 28
26 28
27 28
30 28
33 28
34 28
35 28
36 28
37 28
40 28
42 28
43 28
44 28
46 28
48 28
49 28
50 28
51 28
52 28
53 28
54 28
55 28
58 28
59 28
62 28
63 28
66 28
67 28
68 28
70 28
71 28
75 28
76 28
78 28
79 28
80 28
81 28
82 28
86 28
88 28
90 28
93 28
3 29
6 29
7 29
8 29
10 29
13 29
15 29
17 29
18 29
20 29
21 29
22 29
23 29
24 29
25 29
26 29
27 29
29 29
34 29
37 29
38 29
39 29
40 29
42 29
43 29
44 29
46 29
47 29
48 29
50 29
51 29
54 29
55 29
57 29
59 29
60 29
61 29
62 29
65 29
66 29
67 29
69 29
70 29
73 29
79 29
80 29
81 29
83 29
84 29
87 29
88 29
90 29
91 29
92 29
95 29
96 29
97 29
98 29
99 29
2 30
3 30
4 30
6 30
8 30
11 30
12 30
14 30
15 30
16 30
17 30
18 30
19 30
20 30
21 30
24 30
29 30
30 30
31 30
32 30
33 30
36 30
37 30
39 30
41 30
43 30
45 30
46 30
47 30
50 30
51 30
56 30
58 30
61 30
62 30
63 30
64 30
66 30
67 30
69 30
70 30
71 30
73 30
75 30
76 30
77 30
79 30
80 30
82 30
88 30
89 30
91 30
96 30
97 30
98 30
99 30
100 30
2 31
6 31
7 31
10 31
13 31
14 31
15 31
16 31
17 31
18 31
20 31
22 31
25 31
27 31
28 31
29 31
32 31
33 31
34 31
35 31
38 31
39 31
41 31
43 31
49 31
50 31
53 31
55 31
56 31
57 31
61 31
62 31
63 31
65 31
66 31
69 31
70 31
71 31
72 31
74 31
75 31
76 31
77 31
78 31
82 31
83 31
85 31
87 31
88 31
90 31
94 31
96 31
97 31
99 31
100 31
1 32
4 32
7 32
8 32
9 32
11 32
12 32
13 32
14 32
16 32
17 32
20 32
21 32
22 32
25 32
26 32
27 32
28 32
32 32
35 32
36 32
40 32
42 32
45 32
46 32
47 32
51 32
52 32
55 32
56 32
57 32
59 32
60 32
61 32
64 32
65 32
67 32
69 32
70 32
71 32
72 32
74 32
75 32
77 32
78 32
80 32
83 32
85 32
87 32
88 32
89 32
90 32
91 32
93 32
95 32
98 32
2 33
3 33
5 33
6 33
8 33
9 33
10 33
11 33
14 33
16 33
19 33
20 33
22 33
25 33
26 33
28 33
29 33
32 33
33 33
34 33
36 33
37 33
39 33
41 33
47 33
49 33
52 33
53 33
54 33
58 33
59 33
60 33
63 33
65 33
71 33
74 33
77 33
79 33
81 33
82 33
83 33
84 33
87 33
91 33
92 33
97 33
98 33
100 33
1 34
6 34
7 34
8 34
10 34
12 34
15 34
17 34
19 34
20 34
25 34
26 34
29 34
31 34
33 34
34 34
35 34
36 34
37 34
38 34
40 34
42 34
44 34
45 34
49 34
51 34
52 34
53 34
54 34
55 34
57 34
59 34
64 34
65 34
66 34
67 34
68 34
70 34
73 34
74 34
75 34
76 34
78 34
79 34
80 34
81 34
82 34
85 34
86 34
89 34
90 34
92 34
94 34
98 34
2 35
4 35
5 35
6 35
9 35
11 35
12 35
14 35
17 35
19 35
21 35
22 35
23 35
25 35
34 35
35 35
36 35
37 35
39 35
40 35
41 35
43 35
46 35
49 35
51 35
53 35
55 35
57 35
59 35
61 35
62 35
64 35
66 35
67 35
68 35
69 35
70 35
71 35
74 35
78 35
79 35
83 35
85 35
87 35
88 35
89 35
91 35
95 35
97 35
98 35
99 35
100 35
2 36
3 36
4 36
6 36
10 36
15 36
18 36
19 36
22 36
24 36
25 36
26 36
29 36
30 36
31 36
32 36
35 36
37 36
38 36
39 36
40 36
42 36
43 36
45 36
46 36
48 36
52 36
55 36
60 36
62 36
63 36
65 36
69 36
74 36
77 36
78 36
81 36
83 36
85 36
86 36
90 36
91 36
92 36
95 36
96 36
97 36
99 36
100 36
2 37
5 37
7 37
10 37
11 37
15 37
16 37
18 37
19 37
20 37
22 37
24 37
25 37
27 37
28 37
29 37
33 37
34 37
38 37
39 37
40 37
44 37
47 37
53 37
54 37
56 37
57 37
58 37
61 37
62 37
65 37
73 37
74 37
75 37
76 37
79 37
80 37
82 37
83 37
84 37
86 37
87 37
89 37
94 37
95 37
97 37
4 38
5 38
7 38
8 38
13 38
14 38
15 38
16 38
18 38
20 38
22 38
23 38
27 38
28 38
30 38
33 38
34 38
35 38
36 38
40 38
42 38
43 38
46 38
48 38
49 38
55 38
57 38
59 38
61 38
63 38
65 38
69 38
70 38
72 38
73 38
75 38
76 38
78 38
79 38
80 38
81 38
82 38
83 38
88 38
91 38
92 38
94 38
98 38
2 39
3 39
5 39
7 39
8 39
10 39
11 39
12 39
13 39
17 39
20 39
22 39
27 39
28 39
30 39
32 39
33 39
35 39
37 39
38 39
40 39
41 39
42 39
43 39
44 39
45 39
47 39
48 39
49 39
51 39
54 39
55 39
58 39
59 39
60 39
62 39
64 39
66 39
70 39
74 39
75 39
76 39
79 39
80 39
81 39
85 39
86 39
92 39
93 39
95 39
96 39
98 39
100 39
2 40
5 40
8 40
9 40
10 40
13 40
14 40
19 40
20 40
21 40
24 40
26 40
28 40
33 40
34 40
35 40
36 40
45 40
49 40
50 40
52 40
53 40
54 40
56 40
59 40
65 40
66 40
68 40
69 40
70 40
71 40
75 40
77 40
85 40
87 40
88 40
89 40
93 40
96 40
99 40
1 41
3 41
6 41
9 41
10 41
11 41
12 41
13 41
15 41
16 41
19 41
21 41
23 41
24 41
31 41
33 41
34 41
35 41
38 41
39 41
40 41
42 41
45 41
47 41
49 41
51 41
56 41
57 41
58 41
61 41
63 41
66 41
71 41
73 41
75 41
78 41
79 41
80 41
82 41
85 41
86 41
87 41
88 41
89 41
90 41
92 41
97 41
100 41
1 42
4 42
6 42
7 42
8 42
10 42
11 42
13 42
14 42
15 42
20 42
26 42
28 42
29 42
34 42
39 42
41 42
42 42
44 42
46 42
47 42
48 42
49 42
51 42
52 42
53 42
54 42
55 42
57 42
59 42
60 42
61 42
62 42
66 42
70 42
72 42
73 42
74 42
75 42
77 42
79 42
80 42
82 42
84 42
88 42
90 42
91 42
96 42
98 42
99 42
100 42
1 43
2 43
4 43
9 43
10 43
11 43
14 43
15 43
17 43
18 43
19 43
20 43
21 43
29 43
31 43
32 43
34 43
37 43
39 43
42 43
43 43
44 43
48 43
49 43
52 43
54 43
56 43
60 43
62 43
63 43
65 43
66 43
69 43
70 43
71 43
72 43
73 43
74 43
76 43
77 43
79 43
80 43
82 43
83 43
84 43
89 43
90 43
92 43
94 43
95 43
98 43
1 44
7 44
11 44
12 44
14 44
15 44
17 44
19 44
20 44
26 44
28 44
29 44
30 44
31 44
33 44
34 44
38 44
40 44
42 44
43 44
44 44
46 44
47 44
51 44
52 44
54 44
56 44
64 44
65 44
68 44
69 44
70 44
71 44
73 44
76 44
80 44
81 44
85 44
90 44
91 44
92 44
94 44
95 44
96 44
97 44
98 44
99 44
100 44
4 45
6 45
7 45
8 45
12 45
13 45
14 45
22 45
24 45
25 45
27 45
33 45
34 45
35 45
36 45
37 45
38 45
40 45
41 45
42 45
45 45
47 45
49 45
52 45
54 45
59 45
60 45
61 45
67 45
69 45
72 45
74 45
78 45
79 45
80 45
81 45
84 45
85 45
88 45
89 45
91 45
93 45
94 45
96 45
98 45
99 45
100 45
1 46
3 46
4 46
10 46
11 46
12 46
13 46
14 46
15 46
16 46
17 46
20 46
24 46
28 46
29 46
30 46
32 46
34 46
35 46
37 46
38 46
39 46
41 46
45 46
48 46
49 46
50 46
51 46
53 46
54 46
57 46
61 46
62 46
64 46
65 46
67 46
68 46
69 46
70 46
71 46
72 46
73 46
75 46
81 46
83 46
84 46
85 46
86 46
87 46
92 46
93 46
97 46
98 46
99 46
1 47
2 47
5 47
12 47
14 47
16 47
17 47
20 47
22 47
23 47
24 47
27 47
28 47
29 47
33 47
34 47
35 47
36 47
37 47
38 47
41 47
44 47
45 47
49 47
50 47
52 47
54 47
57 47
58 47
63 47
64 47
67 47
71 47
72 47
74 47
75 47
76 47
79 47
80 47
82 47
83 47
84 47
87 47
88 47
89 47
90 47
92 47
93 47
94 47
95 47
96 47
97 47
98 47
99 47
4 48
6 48
7 48
8 48
9 48
10 48
11 48
12 48
13 48
15 48
16 48
19 48
20 48
21 48
24 48
25 48
26 48
28 48
29 48
37 48
40 48
45 48
48 48
50 48
52 48
55 48
56 48
64 48
67 48
69 48
70 48
71 48
72 48
75 48
76 48
79 48
81 48
84 48
86 48
87 48
88 48
93 48
94 48
95 48
96 48
97 48
98 48
99 48
1 49
4 49
7 49
8 49
11 49
12 49
16 49
18 49
20 49
23 49
24 49
28 49
30 49
32 49
33 49
34 49
36 49
37 49
38 49
40 49
43 49
45 49
46 49
48 49
50 49
51 49
52 49
57 49
58 49
60 49
61 49
63 49
64 49
68 49
69 49
71 49
72 49
74 49
75 49
76 49
77 49
84 49
89 49
90 49
91 49
92 49
93 49
94 49
97 49
99 49
100 49
1 50
2 50
5 50
6 50
13 50
15 50
17 50
18 50
27 50
28 50
32 50
33 50
35 50
36 50
37 50
38 50
43 50
44 50
46 50
49 50
50 50
54 50
57 50
61 50
63 50
65 50
67 50
68 50
70 50
71 50
72 50
73 50
75 50
80 50
81 50
83 50
84 50
90 50
91 50
93 50
94 50
95 50
97 50
1 51
2 51
3 51
4 51
7 51
14 51
15 51
17 51
18 51
20 51
21 51
22 51
23 51
26 51
27 51
28 51
30 51
34 51
35 51
36 51
37 51
39 51
42 51
43 51
45 51
46 51
47 51
48 51
49 51
52 51
53 51
54 51
56 51
57 51
60 51
62 51
65 51
66 51
67 51
69 51
71 51
74 51
75 51
76 51
79 51
81 51
82 51
83 51
84 51
86 51
87 51
89 51
90 51
91 51
94 51
97 51
98 51
100 51
1 52
3 52
4 52
6 52
7 52
8 52
9 52
11 52
12 52
14 52
15 52
16 52
17 52
18 52
19 52
21 52
22 52
23 52
24 52
25 52
28 52
31 52
33 52
34 52
35 52
37 52
42 52
43 52
45 52
46 52
47 52
48 52
49 52
51 52
55 52
59 52
60 52
61 52
64 52
65 52
68 52
70 52
72 52
74 52
75 52
76 52
77 52
78 52
81 52
90 52
91 52
92 52
94 52
95 52
96 52
98 52
100 52
2 53
4 53
5 53
7 53
10 53
12 53
19 53
20 53
22 53
23 53
24 53
26 53
27 53
29 53
30 53
37 53
38 53
39 53
41 53
42 53
47 53
50 53
52 53
53 53
54 53
55 53
56 53
57 53
60 53
61 53
62 53
75 53
78 53
79 53
80 53
86 53
87 53
89 53
90 53
92 53
93 53
95 53
96 53
1 54
6 54
12 54
14 54
16 54
19 54
20 54
21 54
22 54
27 54
28 54
30 54
31 54
32 54
33 54
34 54
36 54
37 54
39 54
41 54
44 54
45 54
48 54
51 54
57 54
59 54
60 54
61 54
62 54
63 54
66 54
69 54
76 54
80 54
81 54
83 54
85 54
86 54
88 54
90 54
98 54
1 55
4 55
5 55
6 55
7 55
10 55
12 55
16 55
17 55
20 55
21 55
23 55
25 55
26 55
28 55
31 55
32 55
33 55
34 55
35 55
36 55
37 55
41 55
42 55
44 55
45 55
53 55
57 55
66 55
69 55
70 55
71 55
72 55
73 55
74 55
76 55
81 55
82 55
83 55
84 55
87 55
89 55
90 55
91 55
92 55
93 55
94 55
96 55
97 55
98 55
99 55
4 56
8 56
9 56
10 56
16 56
17 56
18 56
20 56
21 56
24 56
26 56
27 56
29 56
34 56
36 56
37 56
38 56
39 56
40 56
41 56
42 56
46 56
48 56
50 56
51 56
52 56
54 56
55 56
56 56
57 56
60 56
61 56
63 56
64 56
65 56
66 56
68 56
71 56
72 56
73 56
74 56
76 56
77 56
78 56
81 56
83 56
84 56
85 56
86 56
87 56
89 56
93 56
96 56
97 56
98 56
99 56
100 56
1 57
8 57
11 57
12 57
16 57
21 57
23 57
24 57
26 57
27 57
28 57
29 57
31 57
32 57
37 57
39 57
41 57
42 57
44 57
46 57
48 57
49 57
51 57
53 57
54 57
58 57
60 57
63 57
64 57
65 57
66 57
68 57
70 57
77 57
78 57
80 57
82 57
87 57
88 57
90 57
91 57
95 57
98 57
100 57
1 58
3 58
5 58
7 58
8 58
15 58
16 58
19 58
21 58
22 58
24 58
28 58
30 58
31 58
32 58
35 58
37 58
39 58
41 58
42 58
43 58
46 58
49 58
51 58
52 58
53 58
61 58
63 58
70 58
71 58
74 58
77 58
78 58
79 58
81 58
82 58
86 58
88 58
90 58
91 58
93 58
94 58
98 58
1 59
3 59
5 59
7 59
8 59
9 59
11 59
14 59
16 59
17 59
19 59
21 59
22 59
23 59
24 59
25 59
27 59
28 59
29 59
31 59
35 59
36 59
37 59
39 59
40 59
41 59
42 59
43 59
44 59
48 59
49 59
51 59
52 59
55 59
57 59
59 59
60 59
62 59
66 59
70 59
75 59
77 59
81 59
84 59
88 59
89 59
90 59
92 59
95 59
97 59
99 59
100 59
2 60
4 60
5 60
6 60
7 60
10 60
14 60
16 60
17 60
18 60
19 60
20 60
28 60
31 60
32 60
33 60
35 60
39 60
40 60
41 60
43 60
45 60
46 60
47 60
48 60
49 60
52 60
59 60
60 60
61 60
62 60
63 60
64 60
65 60
66 60
68 60
71 60
72 60
75 60
78 60
80 60
81 60
84 60
85 60
88 60
89 60
91 60
92 60
93 60
94 60
98 60
99 60
3 61
5 61
6 61
7 61
9 61
10 61
17 61
19 61
21 61
22 61
23 61
24 61
26 61
27 61
28 61
31 61
32 61
35 61
43 61
44 61
45 61
51 61
53 61
54 61
56 61
59 61
60 61
61 61
64 61
68 61
71 61
72 61
74 61
75 61
77 61
81 61
82 61
84 61
85 61
86 61
87 61
88 61
90 61
91 61
92 61
93 61
98 61
99 61
100 61
1 62
2 62
4 62
5 62
7 62
8 62
9 62
10 62
14 62
15 62
20 62
21 62
23 62
25 62
28 62
29 62
31 62
32 62
34 62
35 62
36 62
39 62
40 62
44 62
45 62
46 62
48 62
50 62
51 62
52 62
54 62
58 62
59 62
60 62
62 62
63 62
65 62
67 62
68 62
71 62
76 62
79 62
80 62
81 62
84 62
87 62
88 62
89 62
90 62
94 62
95 62
96 62
97 62
2 63
5 63
8 63
10 63
11 63
12 63
14 63
15 63
16 63
17 63
22 63
24 63
26 63
27 63
31 63
32 63
33 63
35 63
39 63
40 63
42 63
43 63
47 63
48 63
50 63
53 63
54 63
59 63
62 63
63 63
64 63
65 63
68 63
69 63
71 63
73 63
78 63
80 63
83 63
84 63
85 63
86 63
87 63
92 63
95 63
100 63
3 64
4 64
5 64
9 64
13 64
21 64
24 64
25 64
26 64
29 64
31 64
32 64
33 64
34 64
36 64
41 64
47 64
49 64
52 64
53 64
60 64
62 64
63 64
65 64
67 64
73 64
81 64
82 64
83 64
85 64
86 64
87 64
88 64
89 64
90 64
92 64
93 64
94 64
95 64
97 64
98 64
100 64
5 65
8 65
10 65
12 65
13 65
14 65
15 65
16 65
22 65
23 65
24 65
29 65
30 65
32 65
33 65
36 65
37 65
41 65
44 65
45 65
49 65
52 65
54 65
55 65
56 65
60 65
61 65
62 65
66 65
68 65
71 65
72 65
74 65
75 65
77 65
78 65
81 65
83 65
84 65
85 65
88 65
90 65
91 65
93 65
94 65
96 65
97 65
99 65
1 66
5 66
6 66
7 66
8 66
13 66
14 66
16 66
17 66
18 66
20 66
21 66
23 66
25 66
28 66
29 66
30 66
31 66
32 66
33 66
34 66
35 66
38 66
41 66
42 66
47 66
48 66
53 66
55 66
56 66
57 66
58 66
60 66
62 66
63 66
64 66
66 66
69 66
72 66
76 66
77 66
82 66
83 66
87 66
89 66
91 66
96 66
98 66
100 66
3 67
8 67
9 67
10 67
12 67
14 67
15 67
16 67
17 67
19 67
22 67
23 67
24 67
25 67
27 67
29 67
35 67
39 67
41 67
43 67
44 67
46 67
51 67
52 67
54 67
56 67
58 67
59 67
60 67
61 67
63 67
64 67
67 67
71 67
73 67
74 67
75 67
78 67
80 67
82 67
83 67
84 67
85 67
88 67
89 67
90 67
92 67
93 67
94 67
96 67
98 67
99 67
100 67
3 68
4 68
15 68
21 68
22 68
23 68
25 68
26 68
27 68
28 68
31 68
34 68
45 68
48 68
52 68
54 68
58 68
59 68
60 68
63 68
65 68
68 68
69 68
71 68
75 68
76 68
77 68
80 68
81 68
83 68
84 68
85 68
86 68
88 68
92 68
94 68
95 68
97 68
1 69
8 69
12 69
16 69
17 69
18 69
23 69
24 69
25 69
27 69
28 69
29 69
30 69
33 69
35 69
36 69
37 69
39 69
40 69
44 69
46 69
47 69
51 69
54 69
55 69
56 69
57 69
61 69
62 69
63 69
64 69
65 69
70 69
72 69
73 69
74 69
75 69
78 69
81 69
83 69
85 69
87 69
88 69
89 69
91 69
94 69
95 69
96 69
98 69
100 69
1 70
2 70
4 70
6 70
8 70
11 70
13 70
18 70
19 70
23 70
25 70
27 70
29 70
33 70
35 70
36 70
41 70
42 70
43 70
45 70
49 70
50 70
53 70
54 70
59 70
62 70
64 70
65 70
66 70
72 70
73 70
74 70
78 70
82 70
83 70
84 70
85 70
87 70
88 70
90 70
91 70
92 70
96 70
97 70
98 70
3 71
4 71
5 71
8 71
11 71
12 71
13 71
17 71
19 71
20 71
21 71
23 71
25 71
27 71
29 71
30 71
31 71
37 71
38 71
39 71
46 71
53 71
54 71
55 71
57 71
59 71
60 71
61 71
63 71
64 71
65 71
68 71
69 71
72 71
74 71
75 71
76 71
79 71
81 71
83 71
86 71
89 71
90 71
93 71
94 71
96 71
97 71
1 72
3 72
7 72
13 72
15 72
16 72
21 72
23 72
26 72
29 72
31 72
32 72
35 72
36 72
37 72
38 72
40 72
44 72
45 72
47 72
49 72
50 72
51 72
52 72
55 72
57 72
58 72
60 72
61 72
62 72
64 72
67 72
69 72
70 72
71 72
72 72
76 72
77 72
78 72
80 72
82 72
85 72
86 72
87 72
88 72
90 72
91 72
94 72
96 72
99 72
100 72
1 73
5 73
6 73
10 73
11 73
12 73
13 73
15 73
18 73
19 73
20 73
21 73
22 73
23 73
24 73
26 73
27 73
29 73
31 73
33 73
35 73
36 73
38 73
41 73
43 73
44 73
45 73
46 73
47 73
48 73
52 73
53 73
55 73
56 73
57 73
59 73
61 73
68 73
71 73
72 73
76 73
78 73
80 73
82 73
83 73
85 73
89 73
90 73
92 73
100 73
1 74
2 74
4 74
6 74
10 74
12 74
13 74
15 74
18 74
19 74
20 74
21 74
25 74
26 74
29 74
30 74
33 74
35 74
37 74
38 74
39 74
40 74
41 74
46 74
47 74
48 74
49 74
50 74
52 74
53 74
54 74
55 74
57 74
58 74
60 74
61 74
63 74
66 74
69 74
71 74
72 74
73 74
74 74
77 74
78 74
80 74
81 74
83 74
86 74
87 74
90 74
92 74
94 74
2 75
6 75
8 75
9 75
10 75
12 75
14 75
15 75
16 75
17 75
19 75
20 75
23 75
25 75
28 75
29 75
30 75
33 75
34 75
35 75
36 75
37 75
39 75
40 75
42 75
44 75
45 75
46 75
49 75
51 75
59 75
61 75
62 75
63 75
64 75
67 75
68 75
69 75
70 75
72 75
73 75
74 75
75 75
77 75
78 75
80 75
81 75
82 75
83 75
84 75
85 75
87 75
88 75
89 75
90 75
91 75
94 75
96 75
97 75
100 75
2 76
4 76
5 76
6 76
11 76
13 76
14 76
15 76
16 76
18 76
19 76
21 76
23 76
25 76
28 76
31 76
33 76
36 76
37 76
41 76
43 76
47 76
50 76
56 76
57 76
58 76
60 76
61 76
62 76
64 76
65 76
66 76
67 76
70 76
71 76
72 76
73 76
74 76
78 76
80 76
81 76
85 76
86 76
89 76
90 76
91 76
92 76
93 76
94 76
95 76
98 76
100 76
1 77
3 77
4 77
7 77
9 77
11 77
13 77
14 77
15 77
16 77
17 77
19 77
22 77
26 77
27 77
28 77
30 77
32 77
36 77
37 77
39 77
40 77
41 77
45 77
46 77
48 77
49 77
50 77
51 77
52 77
53 77
56 77
58 77
60 77
65 77
66 77
70 77
71 77
73 77
76 77
77 77
78 77
80 77
82 77
83 77
84 77
86 77
87 77
88 77
89 77
97 77
99 77
1 78
2 78
3 78
6 78
7 78
8 78
11 78
14 78
16 78
17 78
19 78
20 78
22 78
27 78
28 78
31 78
33 78
34 78
35 78
37 78
38 78
40 78
41 78
46 78
47 78
48 78
51 78
53 78
54 78
55 78
57 78
60 78
61 78
63 78
67 78
70 78
71 78
73 78
74 78
75 78
77 78
80 78
86 78
92 78
93 78
94 78
95 78
96 78
4 79
6 79
7 79
10 79
12 79
14 79
17 79
20 79
21 79
22 79
23 79
26 79
27 79
28 79
30 79
31 79
32 79
35 79
37 79
39 79
41 79
42 79
45 79
46 79
47 79
49 79
50 79
52 79
55 79
56 79
59 79
62 79
63 79
66 79
68 79
72 79
73 79
75 79
79 79
81 79
82 79
85 79
89 79
98 79
99 79
100 79
1 80
3 80
5 80
6 80
11 80
13 80
15 80
17 80
19 80
20 80
21 80
22 80
23 80
24 80
26 80
30 80
31 80
35 80
38 80
39 80
42 80
44 80
46 80
47 80
48 80
49 80
52 80
57 80
59 80
60 80
61 80
63 80
64 80
65 80
69 80
70 80
75 80
76 80
77 80
79 80
84 80
85 80
86 80
87 80
89 80
90 80
92 80
96 80
100 80
1 81
2 81
3 81
5 81
7 81
8 81
11 81
15 81
18 81
19 81
20 81
23 81
24 81
26 81
27 81
28 81
29 81
30 81
31 81
39 81
40 81
41 81
42 81
43 81
44 81
47 81
51 81
52 81
54 81
57 81
65 81
66 81
70 81
73 81
76 81
78 81
79 81
81 81
82 81
86 81
87 81
89 81
90 81
91 81
95 81
97 81
98 81
99 81
3 82
8 82
9 82
12 82
13 82
15 82
19 82
24 82
25 82
27 82
28 82
31 82
32 82
33 82
34 82
37 82
39 82
41 82
42 82
44 82
47 82
48 82
50 82
55 82
57 82
59 82
60 82
62 82
66 82
68 82
69 82
72 82
76 82
79 82
80 82
82 82
84 82
85 82
86 82
87 82
89 82
90 82
91 82
92 82
93 82
96 82
99 82
100 82
2 83
3 83
4 83
6 83
7 83
9 83
10 83
13 83
18 83
19 83
20 83
22 83
23 83
26 83
27 83
31 83
33 83
34 83
37 83
40 83
41 83
43 83
50 83
51 83
54 83
57 83
60 83
64 83
66 83
67 83
71 83
73 83
77 83
80 83
81 83
83 83
88 83
93 83
94 83
95 83
96 83
98 83
99 83
100 83
3 84
5 84
6 84
9 84
10 84
11 84
12 84
14 84
16 84
17 84
22 84
25 84
27 84
28 84
29 84
30 84
32 84
33 84
35 84
37 84
41 84
42 84
43 84
44 84
47 84
48 84
49 84
50 84
51 84
53 84
56 84
57 84
58 84
59 84
60 84
61 84
63 84
64 84
66 84
69 84
70 84
71 84
73 84
76 84
78 84
79 84
82 84
83 84
84 84
87 84
88 84
89 84
90 84
94 84
98 84
1 85
5 85
12 85
13 85
15 85
21 85
23 85
24 85
27 85
28 85
30 85
35 85
37 85
40 85
42 85
43 85
47 85
48 85
54 85
55 85
60 85
61 85
62 85
63 85
64 85
65 85
67 85
68 85
69 85
70 85
71 85
72 85
73 85
74 85
75 85
76 85
80 85
83 85
84 85
87 85
91 85
92 85
94 85
96 85
98 85
100 85
3 86
4 86
6 86
8 86
9 86
12 86
14 86
17 86
18 86
19 86
20 86
21 86
22 86
24 86
25 86
29 86
31 86
32 86
33 86
35 86
36 86
38 86
42 86
45 86
47 86
49 86
51 86
52 86
54 86
57 86
59 86
60 86
62 86
63 86
66 86
68 86
75 86
76 86
77 86
81 86
83 86
84 86
88 86
89 86
91 86
92 86
93 86
95 86
98 86
99 86
100 86
1 87
2 87
6 87
8 87
9 87
12 87
13 87
14 87
15 87
16 87
17 87
18 87
20 87
21 87
23 87
26 87
29 87
30 87
31 87
33 87
34 87
35 87
38 87
41 87
42 87
44 87
45 87
46 87
48 87
51 87
54 87
56 87
57 87
61 87
62 87
65 87
67 87
70 87
71 87
72 87
73 87
76 87
78 87
80 87
81 87
83 87
85 87
86 87
88 87
90 87
94 87
95 87
98 87
99 87
100 87
1 88
2 88
3 88
4 88
8 88
9 88
10 88
11 88
12 88
15 88
16 88
17 88
18 88
19 88
21 88
22 88
30 88
32 88
33 88
34 88
35 88
38 88
40 88
41 88
42 88
46 88
47 88
48 88
50 88
51 88
55 88
56 88
57 88
58 88
59 88
61 88
65 88
68 88
69 88
70 88
71 88
76 88
77 88
78 88
79 88
80 88
82 88
83 88
84 88
86 88
88 88
90 88
91 88
93 88
94 88
95 88
97 88
98 88
99 88
100 88
3 89
6 89
7 89
12 89
13 89
14 89
15 89
16 89
17 89
21 89
22 89
23 89
24 89
25 89
26 89
29 89
30 89
32 89
34 89
36 89
40 89
44 89
46 89
48 89
49 89
50 89
52 89
54 89
56 89
57 89
59 89
61 89
62 89
63 89
67 89
68 89
69 89
71 89
72 89
73 89
75 89
79 89
81 89
83 89
84 89
86 89
87 89
88 89
91 89
92 89
95 89
96 89
100 89
3 90
4 90
5 90
6 90
14 90
15 90
17 90
18 90
20 90
21 90
22 90
23 90
24 90
25 90
27 90
29 90
30 90
31 90
34 90
36 90
37 90
38 90
40 90
43 90
44 90
45 90
46 90
49 90
50 90
52 90
55 90
59 90
61 90
62 90
63 90
64 90
65 90
67 90
73 90
74 90
75 90
77 90
78 90
79 90
82 90
89 90
91 90
93 90
96 90
97 90
100 90
2 91
3 91
5 91
7 91
8 91
10 91
11 91
12 91
14 91
16 91
17 91
18 91
20 91
21 91
27 91
31 91
35 91
39 91
40 91
41 91
42 91
47 91
48 91
49 91
50 91
51 91
55 91
57 91
61 91
62 91
64 91
67 91
68 91
73 91
75 91
76 91
77 91
78 91
83 91
85 91
86 91
91 91
92 91
93 91
94 91
95 91
98 91
100 91
4 92
6 92
7 92
9 92
10 92
11 92
12 92
14 92
16 92
20 92
22 92
23 92
24 92
26 92
27 92
28 92
30 92
32 92
33 92
34 92
35 92
36 92
38 92
39 92
41 92
43 92
44 92
47 92
52 92
53 92
54 92
55 92
56 92
60 92
62 92
63 92
65 92
66 92
67 92
69 92
75 92
76 92
77 92
79 92
81 92
82 92
83 92
84 92
86 92
89 92
90 92
91 92
94 92
95 92
96 92
97 92
98 92
100 92
1 93
3 93
4 93
5 93
6 93
7 93
8 93
9 93
12 93
14 93
17 93
19 93
20 93
25 93
27 93
29 93
30 93
32 93
33 93
35 93
38 93
39 93
40 93
42 93
43 93
45 93
46 93
50 93
52 93
56 93
60 93
61 93
63 93
65 93
67 93
68 93
75 93
76 93
77 93
78 93
79 93
80 93
81 93
85 93
89 93
92 93
93 93
94 93
95 93
2 94
5 94
7 94
8 94
12 94
16 94
17 94
18 94
19 94
21 94
22 94
23 94
24 94
25 94
27 94
28 94
29 94
31 94
32 94
33 94
39 94
40 94
42 94
43 94
44 94
46 94
47 94
50 94
51 94
52 94
56 94
57 94
59 94
60 94
61 94
62 94
65 94
67 94
74 94
75 94
77 94
78 94
79 94
81 94
83 94
84 94
88 94
94 94
96 94
4 95
5 95
9 95
10 95
12 95
15 95
22 95
24 95
28 95
29 95
35 95
36 95
38 95
39 95
40 95
42 95
45 95
46 95
47 95
54 95
55 95
56 95
60 95
63 95
64 95
65 95
67 95
69 95
70 95
73 95
74 95
78 95
79 95
81 95
82 95
83 95
84 95
87 95
89 95
91 95
95 95
98 95
8 96
10 96
11 96
13 96
15 96
16 96
17 96
19 96
21 96
24 96
28 96
29 96
30 96
34 96
36 96
37 96
39 96
42 96
44 96
45 96
46 96
47 96
48 96
49 96
51 96
54 96
55 96
56 96
58 96
61 96
62 96
65 96
66 96
68 96
69 96
70 96
77 96
81 96
82 96
83 96
86 96
88 96
90 96
91 96
93 96
94 96
96 96
99 96
100 96
3 97
4 97
6 97
7 97
8 97
10 97
11 97
12 97
14 97
17 97
20 97
22 97
23 97
26 97
27 97
33 97
35 97
36 97
38 97
40 97
41 97
42 97
47 97
49 97
51 97
52 97
53 97
56 97
57 97
60 97
61 97
63 97
64 97
67 97
68 97
69 97
74 97
76 97
79 97
80 97
82 97
84 97
90 97
92 97
95 97
98 97
100 97
1 98
4 98
5 98
6 98
7 98
8 98
10 98
11 98
12 98
18 98
20 98
21 98
22 98
24 98
28 98
32 98
36 98
41 98
42 98
44 98
48 98
49 98
51 98
52 98
54 98
56 98
57 98
58 98
62 98
63 98
65 98
67 98
68 98
70 98
75 98
76 98
78 98
81 98
83 98
84 98
88 98
89 98
92 98
96 98
97 98
98 98
99 98
1 99
4 99
8 99
10 99
11 99
18 99
19 99
20 99
21 99
22 99
23 99
25 99
27 99
28 99
29 99
35 99
36 99
37 99
39 99
40 99
45 99
46 99
47 99
50 99
52 99
53 99
58 99
63 99
69 99
70 99
71 99
72 99
73 99
74 99
75 99
77 99
79 99
81 99
82 99
85 99
86 99
89 99
94 99
95 99
96 99
98 99
99 99
6 100
7 100
9 100
10 100
11 100
12 100
14 100
15 100
16 100
20 100
21 100
25 100
27 100
28 100
30 100
31 100
34 100
35 100
36 100
38 100
41 100
42 100
44 100
45 100
47 100
49 100
50 100
53 100
55 100
57 100
58 100
63 100
66 100
68 100
69 100
70 100
72 100
73 100
74 100
75 100
77 100
78 100
81 100
82 100
84 100
85 100
86 100
87 100
89 100
90 100
93 100
94 100
95 100
