100
1 1
2 1
3 1
8 1
11 1
12 1
14 1
16 1
17 1
18 1
19 1
20 1
24 1
25 1
26 1
27 1
28 1
29 1
32 1
34 1
35 1
36 1
37 1
38 1
40 1
41 1
43 1
45 1
48 1
50 1
52 1
53 1
54 1
57 1
59 1
62 1
64 1
65 1
66 1
70 1
71 1
72 1
73 1
74 1
75 1
76 1
78 1
81 1
83 1
89 1
90 1
92 1
93 1
94 1
95 1
96 1
97 1
100 1
3 2
4 2
5 2
6 2
8 2
9 2
16 2
18 2
21 2
22 2
24 2
25 2
26 2
27 2
28 2
30 2
34 2
35 2
37 2
41 2
44 2
46 2
47 2
48 2
50 2
52 2
54 2
55 2
56 2
60 2
61 2
63 2
65 2
67 2
68 2
69 2
70 2
72 2
76 2
78 2
79 2
83 2
84 2
86 2
90 2
92 2
96 2
8 3
9 3
10 3
12 3
13 3
14 3
15 3
16 3
18 3
20 3
23 3
24 3
25 3
28 3
36 3
37 3
38 3
39 3
41 3
43 3
46 3
47 3
49 3
50 3
52 3
54 3
56 3
58 3
59 3
61 3
62 3
65 3
71 3
72 3
75 3
76 3
78 3
80 3
81 3
82 3
83 3
84 3
87 3
88 3
89 3
93 3
94 3
95 3
97 3
99 3
1 4
3 4
4 4
5 4
7 4
9 4
10 4
11 4
13 4
14 4
15 4
16 4
17 4
18 4
19 4
22 4
24 4
27 4
28 4
29 4
31 4
32 4
36 4
37 4
40 4
42 4
46 4
47 4
48 4
51 4
53 4
54 4
55 4
56 4
57 4
58 4
61 4
62 4
64 4
66 4
67 4
69 4
71 4
76 4
77 4
78 4
81 4
82 4
83 4
85 4
86 4
88 4
93 4
94 4
96 4
98 4
100 4
1 5
2 5
5 5
6 5
8 5
9 5
10 5
11 5
13 5
15 5
22 5
23 5
26 5
27 5
28 5
29 5
34 5
35 5
37 5
38 5
40 5
42 5
44 5
47 5
49 5
51 5
53 5
54 5
56 5
57 5
61 5
65 5
67 5
68 5
70 5
71 5
74 5
75 5
78 5
82 5
83 5
87 5
89 5
90 5
91 5
93 5
98 5
99 5
100 5
4 6
8 6
9 6
13 6
14 6
16 6
17 6
26 6
28 6
30 6
34 6
35 6
37 6
41 6
44 6
45 6
46 6
47 6
48 6
49 6
50 6
51 6
54 6
55 6
60 6
64 6
65 6
71 6
72 6
73 6
77 6
78 6
81 6
83 6
87 6
88 6
89 6
92 6
95 6
96 6
97 6
98 6
99 6
2 7
8 7
10 7
11 7
13 7
17 7
18 7
19 7
21 7
23 7
25 7
26 7
29 7
30 7
33 7
35 7
36 7
37 7
38 7
39 7
40 7
47 7
54 7
55 7
56 7
57 7
59 7
60 7
61 7
62 7
64 7
65 7
67 7
70 7
71 7
75 7
76 7
77 7
80 7
81 7
82 7
83 7
84 7
85 7
91 7
92 7
95 7
96 7
97 7
98 7
4 8
6 8
7 8
10 8
13 8
14 8
15 8
17 8
18 8
24 8
26 8
33 8
38 8
39 8
40 8
41 8
43 8
44 8
48 8
51 8
52 8
55 8
56 8
57 8
58 8
61 8
62 8
65 8
66 8
69 8
71 8
72 8
73 8
74 8
75 8
76 8
85 8
86 8
87 8
88 8
89 8
90 8
92 8
93 8
94 8
95 8
98 8
99 8
1 9
2 9
4 9
5 9
7 9
10 9
12 9
14 9
15 9
16 9
17 9
20 9
21 9
22 9
25 9
26 9
29 9
31 9
33 9
34 9
35 9
36 9
39 9
41 9
42 9
46 9
47 9
49 9
52 9
53 9
57 9
58 9
59 9
60 9
63 9
66 9
67 9
70 9
71 9
75 9
76 9
78 9
80 9
81 9
82 9
83 9
85 9
86 9
89 9
90 9
91 9
93 9
94 9
96 9
97 9
98 9
1 10
2 10
3 10
5 10
6 10
10 10
11 10
12 10
13 10
27 10
28 10
29 10
33 10
34 10
36 10
39 10
45 10
46 10
47 10
49 10
50 10
52 10
53 10
54 10
57 10
59 10
60 10
61 10
62 10
67 10
68 10
71 10
76 10
78 10
79 10
80 10
82 10
83 10
85 10
86 10
88 10
89 10
96 10
100 10
1 11
3 11
4 11
6 11
7 11
8 11
11 11
14 11
15 11
16 11
17 11
21 11
26 11
27 11
28 11
29 11
31 11
33 11
34 11
35 11
37 11
38 11
39 11
41 11
43 11
49 11
50 11
51 11
52 11
53 11
54 11
55 11
57 11
58 11
60 11
63 11
67 11
69 11
72 11
73 11
74 11
76 11
77 11
79 11
80 11
83 11
84 11
87 11
89 11
91 11
92 11
93 11
94 11
95 11
97 11
100 11
1 12
3 12
5 12
7 12
10 12
13 12
14 12
16 12
18 12
19 12
22 12
23 12
24 12
27 12
32 12
36 12
37 12
42 12
43 12
46 12
48 12
51 12
55 12
56 12
57 12
58 12
60 12
61 12
62 12
64 12
66 12
70 12
71 12
72 12
76 12
78 12
81 12
85 12
86 12
87 12
88 12
90 12
91 12
92 12
93 12
94 12
2 13
3 13
8 13
10 13
11 13
12 13
16 13
19 13
20 13
21 13
27 13
28 13
29 13
33 13
34 13
36 13
38 13
39 13
45 13
46 13
50 13
51 13
53 13
55 13
57 13
58 13
60 13
62 13
64 13
65 13
66 13
68 13
70 13
71 13
73 13
75 13
77 13
80 13
83 13
85 13
86 13
87 13
88 13
92 13
95 13
97 13
98 13
100 13
1 14
3 14
4 14
5 14
6 14
7 14
9 14
11 14
13 14
18 14
19 14
22 14
25 14
26 14
28 14
29 14
30 14
31 14
32 14
34 14
37 14
40 14
44 14
45 14
47 14
48 14
49 14
51 14
53 14
54 14
55 14
56 14
57 14
58 14
59 14
60 14
63 14
66 14
68 14
70 14
77 14
78 14
79 14
81 14
82 14
83 14
84 14
89 14
90 14
91 14
92 14
94 14
95 14
96 14
99 14
100 14
2 15
5 15
6 15
7 15
11 15
17 15
18 15
19 15
20 15
22 15
25 15
26 15
27 15
28 15
29 15
32 15
35 15
40 15
41 15
43 15
46 15
50 15
53 15
54 15
56 15
57 15
58 15
59 15
60 15
63 15
70 15
71 15
72 15
75 15
76 15
77 15
78 15
80 15
81 15
82 15
83 15
84 15
85 15
88 15
91 15
92 15
97 15
98 15
99 15
100 15
1 16
2 16
5 16
7 16
9 16
12 16
14 16
16 16
17 16
18 16
22 16
23 16
28 16
29 16
30 16
33 16
35 16
36 16
38 16
42 16
47 16
48 16
49 16
50 16
52 16
53 16
55 16
56 16
58 16
60 16
63 16
64 16
70 16
72 16
74 16
75 16
76 16
79 16
85 16
87 16
94 16
97 16
98 16
99 16
100 16
1 17
2 17
4 17
7 17
14 17
16 17
17 17
20 17
21 17
22 17
26 17
33 17
34 17
36 17
37 17
39 17
42 17
43 17
44 17
47 17
48 17
51 17
53 17
55 17
58 17
61 17
66 17
68 17
70 17
71 17
77 17
79 17
83 17
84 17
85 17
92 17
93 17
96 17
100 17
1 18
2 18
3 18
4 18
5 18
7 18
11 18
14 18
16 18
17 18
18 18
19 18
22 18
27 18
28 18
30 18
31 18
32 18
36 18
37 18
38 18
39 18
41 18
42 18
44 18
50 18
51 18
54 18
56 18
58 18
59 18
62 18
63 18
64 18
66 18
67 18
68 18
70 18
71 18
72 18
73 18
74 18
76 18
77 18
78 18
79 18
82 18
85 18
86 18
87 18
88 18
91 18
92 18
93 18
95 18
96 18
99 18
1 19
4 19
6 19
7 19
8 19
10 19
22 19
23 19
28 19
33 19
34 19
35 19
36 19
38 19
42 19
43 19
47 19
48 19
52 19
54 19
57 19
58 19
59 19
60 19
61 19
64 19
66 19
70 19
72 19
73 19
74 19
76 19
77 19
78 19
82 19
83 19
84 19
85 19
86 19
87 19
88 19
89 19
90 19
91 19
92 19
95 19
1 20
2 20
3 20
5 20
7 20
9 20
11 20
15 20
19 20
20 20
21 20
24 20
25 20
26 20
27 20
28 20
30 20
32 20
34 20
36 20
38 20
39 20
41 20
42 20
43 20
45 20
46 20
49 20
51 20
53 20
54 20
56 20
57 20
60 20
61 20
63 20
65 20
69 20
72 20
73 20
80 20
81 20
84 20
86 20
89 20
90 20
91 20
92 20
94 20
95 20
96 20
98 20
99 20
100 20
4 21
6 21
7 21
10 21
11 21
12 21
14 21
15 21
16 21
17 21
19 21
20 21
22 21
24 21
26 21
28 21
29 21
30 21
31 21
33 21
34 21
35 21
44 21
45 21
50 21
55 21
56 21
57 21
59 21
60 21
62 21
63 21
64 21
65 21
66 21
67 21
70 21
74 21
75 21
77 21
78 21
81 21
84 21
86 21
90 21
93 21
94 21
97 21
99 21
1 22
2 22
5 22
8 22
11 22
14 22
15 22
16 22
17 22
20 22
21 22
24 22
25 22
26 22
29 22
32 22
33 22
35 22
39 22
49 22
50 22
51 22
52 22
54 22
55 22
58 22
60 22
61 22
62 22
64 22
65 22
66 22
68 22
70 22
76 22
77 22
78 22
79 22
82 22
84 22
86 22
87 22
88 22
90 22
93 22
98 22
99 22
2 23
3 23
4 23
5 23
6 23
8 23
10 23
15 23
17 23
18 23
20 23
22 23
24 23
26 23
27 23
31 23
32 23
34 23
35 23
38 23
39 23
40 23
43 23
44 23
45 23
48 23
50 23
52 23
54 23
55 23
56 23
57 23
59 23
60 23
62 23
64 23
65 23
67 23
69 23
70 23
73 23
74 23
75 23
76 23
77 23
78 23
80 23
85 23
87 23
88 23
89 23
90 23
91 23
93 23
95 23
96 23
97 23
3 24
8 24
9 24
14 24
17 24
18 24
19 24
21 24
22 24
24 24
26 24
28 24
32 24
33 24
37 24
44 24
48 24
49 24
51 24
52 24
54 24
55 24
58 24
59 24
62 24
63 24
64 24
66 24
67 24
70 24
71 24
73 24
74 24
78 24
80 24
83 24
84 24
85 24
87 24
88 24
90 24
93 24
95 24
96 24
97 24
99 24
100 24
4 25
5 25
8 25
11 25
13 25
14 25
15 25
16 25
18 25
20 25
21 25
22 25
26 25
27 25
28 25
29 25
31 25
32 25
33 25
34 25
35 25
36 25
37 25
42 25
43 25
45 25
48 25
51 25
53 25
54 25
55 25
57 25
62 25
63 25
69 25
70 25
72 25
78 25
79 25
80 25
81 25
82 25
83 25
85 25
91 25
94 25
95 25
98 25
99 25
1 26
4 26
9 26
12 26
17 26
21 26
22 26
25 26
26 26
28 26
30 26
32 26
33 26
35 26
36 26
37 26
41 26
44 26
48 26
52 26
57 26
58 26
60 26
61 26
63 26
64 26
65 26
67 26
69 26
70 26
72 26
74 26
75 26
80 26
82 26
83 26
84 26
85 26
89 26
97 26
100 26
1 27
2 27
3 27
4 27
8 27
9 27
12 27
13 27
15 27
16 27
17 27
19 27
20 27
21 27
22 27
24 27
25 27
26 27
28 27
29 27
32 27
33 27
34 27
36 27
38 27
43 27
45 27
46 27
48 27
49 27
52 27
53 27
54 27
57 27
58 27
59 27
60 27
63 27
65 27
66 27
67 27
71 27
73 27
76 27
77 27
80 27
82 27
84 27
85 27
87 27
90 27
91 27
92 27
93 27
94 27
96 27
98 27
100 27
1 28
2 28
9 28
11 28
13 28
15 28
17 28
19 28
22 28
24 28
25 28
27 28
28 28
29 28
30 28
34 28
35 28
38 28
40 28
41 28
42 28
43 28
44 28
47 28
49 28
53 28
57 28
59 28
61 28
62 28
63 28
64 28
65 28
70 28
71 28
78 28
79 28
86 28
88 28
89 28
90 28
93 28
94 28
96 28
98 28
99 28
1 29
2 29
5 29
7 29
8 29
9 29
11 29
12 29
13 29
15 29
19 29
20 29
21 29
24 29
25 29
28 29
30 29
31 29
32 29
37 29
39 29
40 29
41 29
43 29
44 29
45 29
49 29
51 29
52 29
53 29
54 29
56 29
59 29
63 29
64 29
65 29
66 29
67 29
68 29
71 29
76 29
78 29
80 29
81 29
82 29
84 29
86 29
87 29
88 29
90 29
92 29
94 29
98 29
1 30
2 30
7 30
8 30
9 30
12 30
13 30
15 30
18 30
19 30
23 30
26 30
30 30
32 30
33 30
34 30
37 30
41 30
47 30
49 30
50 30
51 30
52 30
55 30
56 30
57 30
59 30
61 30
63 30
65 30
66 30
67 30
68 30
71 30
72 30
73 30
76 30
80 30
81 30
83 30
85 30
91 30
92 30
94 30
96 30
97 30
99 30
100 30
2 31
3 31
5 31
7 31
10 31
11 31
14 31
19 31
20 31
22 31
24 31
26 31
28 31
30 31
31 31
32 31
33 31
35 31
40 31
41 31
44 31
48 31
49 31
50 31
51 31
63 31
65 31
68 31
70 31
71 31
75 31
83 31
84 31
85 31
86 31
87 31
89 31
90 31
92 31
93 31
97 31
98 31
99 31
1 32
2 32
7 32
8 32
9 32
10 32
11 32
12 32
13 32
14 32
15 32
20 32
22 32
23 32
24 32
25 32
28 32
31 32
32 32
33 32
35 32
36 32
38 32
40 32
41 32
42 32
43 32
44 32
47 32
48 32
50 32
51 32
53 32
54 32
55 32
57 32
62 32
64 32
65 32
67 32
68 32
69 32
71 32
73 32
75 32
76 32
79 32
82 32
85 32
87 32
88 32
89 32
93 32
95 32
2 33
6 33
7 33
8 33
9 33
12 33
14 33
18 33
22 33
23 33
26 33
28 33
29 33
32 33
33 33
35 33
36 33
38 33
40 33
41 33
42 33
43 33
46 33
47 33
49 33
50 33
52 33
56 33
58 33
66 33
68 33
69 33
70 33
71 33
73 33
75 33
76 33
79 33
81 33
83 33
84 33
87 33
88 33
89 33
90 33
93 33
95 33
97 33
1 34
2 34
3 34
4 34
5 34
6 34
9 34
10 34
11 34
12 34
13 34
16 34
17 34
23 34
24 34
25 34
27 34
29 34
32 34
33 34
38 34
40 34
41 34
44 34
46 34
49 34
51 34
52 34
53 34
55 34
58 34
59 34
60 34
61 34
63 34
66 34
68 34
69 34
70 34
71 34
75 34
76 34
77 34
78 34
82 34
84 34
85 34
89 34
91 34
92 34
94 34
95 34
96 34
99 34
1 35
2 35
4 35
5 35
6 35
8 35
10 35
11 35
12 35
13 35
14 35
17 35
22 35
23 35
24 35
28 35
29 35
36 35
38 35
39 35
44 35
45 35
48 35
51 35
54 35
56 35
59 35
61 35
62 35
63 35
65 35
66 35
67 35
68 35
69 35
70 35
73 35
74 35
76 35
77 35
78 35
79 35
81 35
86 35
87 35
88 35
89 35
90 35
92 35
94 35
96 35
100 35
1 36
3 36
5 36
6 36
10 36
12 36
15 36
19 36
22 36
23 36
25 36
28 36
30 36
32 36
33 36
34 36
37 36
38 36
41 36
42 36
43 36
44 36
46 36
47 36
54 36
55 36
56 36
57 36
58 36
59 36
60 36
61 36
62 36
63 36
64 36
66 36
67 36
69 36
72 36
73 36
74 36
81 36
83 36
85 36
86 36
87 36
88 36
90 36
91 36
92 36
95 36
98 36
100 36
2 37
4 37
5 37
6 37
8 37
10 37
11 37
12 37
13 37
18 37
19 37
20 37
21 37
23 37
24 37
25 37
27 37
28 37
35 37
41 37
42 37
46 37
48 37
49 37
53 37
54 37
55 37
56 37
58 37
59 37
63 37
64 37
65 37
67 37
72 37
73 37
75 37
76 37
77 37
78 37
84 37
85 37
86 37
87 37
88 37
89 37
90 37
92 37
93 37
94 37
6 38
7 38
8 38
9 38
12 38
14 38
17 38
20 38
21 38
22 38
23 38
24 38
27 38
31 38
32 38
33 38
34 38
35 38
38 38
39 38
40 38
41 38
42 38
44 38
47 38
48 38
50 38
51 38
53 38
54 38
55 38
57 38
58 38
59 38
61 38
63 38
66 38
68 38
69 38
70 38
71 38
74 38
75 38
77 38
78 38
79 38
80 38
81 38
83 38
85 38
86 38
87 38
88 38
90 38
91 38
93 38
94 38
100 38
1 39
4 39
8 39
11 39
13 39
14 39
16 39
17 39
19 39
20 39
21 39
26 39
27 39
28 39
30 39
31 39
32 39
33 39
34 39
42 39
44 39
45 39
47 39
50 39
51 39
54 39
55 39
58 39
59 39
60 39
63 39
65 39
68 39
73 39
74 39
75 39
76 39
78 39
81 39
83 39
84 39
85 39
86 39
87 39
88 39
92 39
93 39
98 39
99 39
100 39
1 40
2 40
3 40
7 40
10 40
11 40
12 40
14 40
15 40
16 40
22 40
24 40
25 40
26 40
27 40
30 40
32 40
34 40
35 40
36 40
37 40
38 40
39 40
40 40
44 40
45 40
49 40
50 40
52 40
53 40
55 40
57 40
60 40
62 40
63 40
65 40
66 40
70 40
71 40
77 40
78 40
80 40
82 40
83 40
84 40
87 40
88 40
89 40
91 40
93 40
94 40
95 40
96 40
97 40
1 41
4 41
6 41
10 41
12 41
15 41
17 41
20 41
21 41
23 41
24 41
27 41
28 41
29 41
33 41
36 41
37 41
39 41
50 41
53 41
54 41
55 41
56 41
57 41
58 41
59 41
62 41
69 41
70 41
71 41
72 41
73 41
77 41
79 41
81 41
83 41
85 41
86 41
88 41
89 41
91 41
93 41
94 41
95 41
97 41
100 41
1 42
6 42
8 42
10 42
11 42
13 42
14 42
15 42
18 42
21 42
23 42
26 42
27 42
29 42
31 42
32 42
35 42
41 42
43 42
45 42
46 42
47 42
50 42
51 42
54 42
55 42
56 42
57 42
58 42
61 42
62 42
63 42
65 42
66 42
70 42
73 42
77 42
78 42
80 42
81 42
82 42
83 42
84 42
85 42
88 42
89 42
90 42
91 42
93 42
94 42
100 42
2 43
8 43
11 43
12 43
13 43
15 43
17 43
18 43
20 43
21 43
22 43
26 43
28 43
29 43
34 43
36 43
37 43
39 43
41 43
42 43
43 43
48 43
52 43
53 43
54 43
56 43
58 43
62 43
64 43
65 43
66 43
67 43
68 43
69 43
70 43
72 43
76 43
77 43
79 43
81 43
83 43
85 43
88 43
93 43
94 43
99 43
100 43
2 44
3 44
4 44
5 44
7 44
13 44
16 44
17 44
18 44
19 44
20 44
22 44
23 44
24 44
26 44
27 44
28 44
29 44
31 44
32 44
33 44
34 44
36 44
39 44
43 44
44 44
46 44
47 44
48 44
49 44
50 44
51 44
53 44
56 44
58 44
59 44
60 44
61 44
62 44
64 44
68 44
69 44
70 44
71 44
72 44
74 44
75 44
77 44
78 44
80 44
82 44
83 44
84 44
86 44
87 44
88 44
90 44
91 44
92 44
99 44
100 44
3 45
5 45
6 45
8 45
9 45
11 45
12 45
13 45
14 45
17 45
18 45
25 45
27 45
28 45
29 45
30 45
32 45
33 45
34 45
35 45
39 45
41 45
45 45
48 45
49 45
50 45
51 45
54 45
55 45
56 45
57 45
58 45
59 45
64 45
65 45
66 45
67 45
71 45
73 45
75 45
76 45
77 45
83 45
84 45
85 45
86 45
89 45
95 45
99 45
1 46
5 46
13 46
15 46
16 46
17 46
18 46
24 46
25 46
26 46
27 46
33 46
34 46
40 46
41 46
44 46
45 46
49 46
50 46
51 46
53 46
54 46
55 46
56 46
62 46
63 46
64 46
65 46
66 46
67 46
68 46
72 46
73 46
74 46
76 46
77 46
78 46
80 46
81 46
93 46
95 46
99 46
100 46
3 47
4 47
7 47
8 47
9 47
10 47
11 47
12 47
13 47
14 47
16 47
20 47
23 47
24 47
27 47
28 47
29 47
30 47
33 47
35 47
36 47
38 47
39 47
40 47
41 47
42 47
46 47
47 47
48 47
49 47
51 47
52 47
53 47
55 47
58 47
64 47
65 47
67 47
68 47
73 47
77 47
80 47
81 47
86 47
88 47
89 47
92 47
97 47
99 47
100 47
1 48
6 48
7 48
10 48
12 48
13 48
15 48
16 48
18 48
27 48
28 48
31 48
32 48
39 48
43 48
44 48
45 48
46 48
47 48
48 48
50 48
53 48
54 48
56 48
57 48
58 48
59 48
60 48
62 48
64 48
68 48
70 48
72 48
76 48
78 48
79 48
81 48
86 48
87 48
90 48
92 48
93 48
94 48
96 48
98 48
1 49
7 49
12 49
18 49
21 49
23 49
24 49
27 49
28 49
29 49
32 49
34 49
37 49
38 49
41 49
44 49
46 49
49 49
50 49
51 49
53 49
55 49
59 49
60 49
61 49
62 49
65 49
67 49
68 49
72 49
74 49
75 49
76 49
77 49
78 49
84 49
88 49
91 49
93 49
95 49
97 49
99 49
1 50
5 50
6 50
9 50
11 50
13 50
14 50
18 50
19 50
20 50
22 50
23 50
24 50
26 50
27 50
29 50
30 50
32 50
33 50
36 50
37 50
39 50
40 50
42 50
45 50
49 50
51 50
52 50
53 50
55 50
58 50
60 50
61 50
67 50
70 50
75 50
77 50
78 50
79 50
81 50
82 50
83 50
85 50
86 50
89 50
91 50
94 50
95 50
96 50
98 50
99 50
100 50
2 51
3 51
7 51
9 51
10 51
11 51
16 51
18 51
19 51
21 51
23 51
26 51
29 51
30 51
31 51
34 51
35 51
37 51
39 51
40 51
42 51
43 51
44 51
45 51
48 51
50 51
54 51
60 51
65 51
67 51
70 51
71 51
76 51
78 51
79 51
81 51
83 51
85 51
87 51
92 51
93 51
94 51
95 51
96 51
2 52
3 52
4 52
5 52
10 52
11 52
12 52
17 52
20 52
21 52
22 52
24 52
26 52
27 52
28 52
29 52
35 52
37 52
40 52
42 52
44 52
45 52
46 52
48 52
49 52
53 52
58 52
63 52
64 52
65 52
66 52
67 52
68 52
69 52
72 52
73 52
76 52
78 52
80 52
81 52
83 52
84 52
86 52
88 52
90 52
91 52
92 52
93 52
99 52
100 52
1 53
2 53
4 53
5 53
6 53
7 53
8 53
9 53
11 53
12 53
14 53
16 53
21 53
22 53
24 53
25 53
26 53
27 53
28 53
30 53
33 53
34 53
36 53
39 53
40 53
41 53
42 53
43 53
44 53
45 53
46 53
47 53
55 53
56 53
57 53
59 53
60 53
62 53
66 53
67 53
68 53
69 53
72 53
76 53
77 53
79 53
80 53
81 53
86 53
87 53
88 53
91 53
93 53
94 53
96 53
98 53
99 53
3 54
4 54
5 54
14 54
17 54
18 54
19 54
20 54
21 54
22 54
23 54
24 54
25 54
26 54
27 54
29 54
30 54
33 54
34 54
35 54
36 54
39 54
40 54
44 54
46 54
47 54
49 54
50 54
53 54
54 54
56 54
58 54
61 54
64 54
65 54
67 54
68 54
69 54
71 54
72 54
73 54
74 54
79 54
80 54
86 54
94 54
95 54
100 54
1 55
2 55
3 55
5 55
7 55
9 55
10 55
13 55
14 55
16 55
17 55
20 55
22 55
23 55
32 55
39 55
40 55
41 55
46 55
48 55
49 55
50 55
51 55
53 55
55 55
57 55
58 55
61 55
65 55
66 55
67 55
71 55
72 55
73 55
75 55
76 55
77 55
78 55
79 55
80 55
81 55
85 55
86 55
89 55
91 55
93 55
94 55
97 55
99 55
1 56
3 56
4 56
5 56
10 56
11 56
15 56
16 56
18 56
19 56
20 56
21 56
22 56
24 56
27 56
30 56
31 56
32 56
34 56
35 56
36 56
37 56
38 56
41 56
43 56
45 56
49 56
52 56
53 56
55 56
58 56
61 56
64 56
65 56
66 56
69 56
70 56
71 56
74 56
75 56
81 56
82 56
84 56
85 56
88 56
89 56
91 56
92 56
93 56
1 57
2 57
4 57
5 57
6 57
9 57
12 57
13 57
14 57
17 57
18 57
19 57
23 57
26 57
31 57
35 57
38 57
39 57
40 57
45 57
46 57
47 57
48 57
51 57
53 57
56 57
58 57
59 57
61 57
63 57
64 57
65 57
66 57
70 57
71 57
72 57
75 57
76 57
77 57
82 57
83 57
84 57
86 57
87 57
89 57
91 57
92 57
94 57
95 57
98 57
1 58
2 58
3 58
4 58
5 58
6 58
9 58
11 58
12 58
13 58
16 58
17 58
18 58
20 58
22 58
27 58
29 58
33 58
34 58
36 58
37 58
38 58
39 58
40 58
41 58
42 58
44 58
47 58
49 58
50 58
52 58
54 58
55 58
58 58
60 58
61 58
68 58
72 58
73 58
77 58
79 58
80 58
81 58
82 58
89 58
91 58
92 58
94 58
95 58
100 58
4 59
5 59
7 59
10 59
12 59
15 59
18 59
20 59
22 59
25 59
26 59
27 59
28 59
33 59
35 59
37 59
38 59
39 59
40 59
43 59
46 59
47 59
48 59
49 59
53 59
56 59
57 59
58 59
59 59
61 59
62 59
67 59
68 59
69 59
76 59
78 59
83 59
85 59
86 59
88 59
91 59
94 59
99 59
2 60
3 60
4 60
6 60
7 60
11 60
12 60
13 60
14 60
17 60
18 60
19 60
21 60
22 60
23 60
24 60
25 60
29 60
30 60
34 60
37 60
38 60
41 60
43 60
44 60
46 60
47 60
52 60
55 60
56 60
57 60
58 60
59 60
62 60
64 60
65 60
66 60
69 60
72 60
73 60
74 60
75 60
78 60
80 60
81 60
82 60
86 60
87 60
88 60
89 60
91 60
93 60
94 60
95 60
96 60
99 60
1 61
2 61
3 61
7 61
8 61
12 61
13 61
14 61
18 61
20 61
22 61
24 61
28 61
30 61
31 61
32 61
33 61
36 61
39 61
42 61
44 61
45 61
46 61
47 61
55 61
63 61
67 61
68 61
73 61
74 61
84 61
87 61
88 61
89 61
91 61
94 61
95 61
97 61
98 61
1 62
2 62
4 62
5 62
6 62
9 62
12 62
13 62
18 62
19 62
20 62
22 62
25 62
27 62
29 62
31 62
33 62
35 62
36 62
37 62
38 62
39 62
42 62
44 62
45 62
47 62
51 62
54 62
55 62
57 62
58 62
59 62
63 62
64 62
65 62
66 62
67 62
69 62
70 62
71 62
75 62
76 62
77 62
78 62
81 62
86 62
87 62
88 62
89 62
90 62
91 62
93 62
94 62
95 62
96 62
98 62
99 62
1 63
2 63
3 63
6 63
10 63
11 63
13 63
14 63
16 63
17 63
18 63
19 63
24 63
25 63
26 63
27 63
28 63
29 63
31 63
32 63
33 63
34 63
35 63
38 63
40 63
42 63
46 63
48 63
49 63
50 63
51 63
52 63
53 63
56 63
57 63
58 63
59 63
60 63
61 63
62 63
64 63
66 63
67 63
68 63
69 63
70 63
72 63
76 63
78 63
79 63
80 63
81 63
82 63
83 63
86 63
90 63
93 63
97 63
1 64
3 64
7 64
8 64
9 64
14 64
16 64
17 64
18 64
19 64
20 64
21 64
28 64
30 64
31 64
32 64
33 64
34 64
37 64
38 64
40 64
42 64
45 64
46 64
48 64
50 64
51 64
54 64
56 64
57 64
58 64
59 64
60 64
73 64
75 64
78 64
80 64
81 64
84 64
86 64
87 64
88 64
90 64
93 64
95 64
96 64
98 64
100 64
5 65
6 65
8 65
9 65
10 65
11 65
13 65
14 65
22 65
24 65
25 65
26 65
30 65
32 65
33 65
34 65
36 65
39 65
40 65
43 65
49 65
52 65
53 65
56 65
59 65
60 65
61 65
64 65
67 65
70 65
72 65
73 65
76 65
79 65
81 65
83 65
84 65
86 65
88 65
89 65
93 65
95 65
97 65
1 66
7 66
13 66
14 66
18 66
22 66
24 66
27 66
28 66
31 66
33 66
34 66
36 66
39 66
40 66
42 66
43 66
44 66
48 66
49 66
50 66
51 66
52 66
53 66
54 66
55 66
57 66
58 66
60 66
62 66
63 66
65 66
68 66
69 66
71 66
72 66
73 66
74 66
76 66
77 66
78 66
79 66
81 66
82 66
84 66
87 66
89 66
90 66
93 66
95 66
96 66
4 67
7 67
8 67
9 67
10 67
11 67
13 67
14 67
17 67
18 67
19 67
20 67
22 67
23 67
27 67
31 67
32 67
33 67
35 67
40 67
41 67
42 67
43 67
45 67
47 67
49 67
51 67
52 67
55 67
57 67
58 67
59 67
60 67
66 67
67 67
69 67
70 67
72 67
73 67
74 67
76 67
77 67
80 67
84 67
86 67
89 67
90 67
92 67
93 67
94 67
95 67
96 67
97 67
99 67
2 68
3 68
5 68
6 68
8 68
10 68
11 68
13 68
14 68
15 68
16 68
18 68
21 68
22 68
28 68
30 68
31 68
33 68
34 68
35 68
36 68
38 68
39 68
40 68
43 68
44 68
48 68
51 68
52 68
56 68
59 68
60 68
61 68
63 68
67 68
68 68
69 68
71 68
72 68
73 68
74 68
75 68
76 68
78 68
79 68
80 68
82 68
83 68
87 68
89 68
92 68
95 68
96 68
97 68
99 68
100 68
2 69
4 69
7 69
9 69
10 69
12 69
14 69
16 69
17 69
21 69
23 69
25 69
26 69
28 69
32 69
34 69
37 69
38 69
40 69
41 69
43 69
45 69
47 69
49 69
50 69
51 69
52 69
57 69
59 69
64 69
66 69
67 69
68 69
70 69
82 69
85 69
90 69
94 69
96 69
97 69
99 69
100 69
2 70
5 70
8 70
9 70
12 70
14 70
15 70
18 70
22 70
23 70
24 70
25 70
26 70
29 70
30 70
31 70
34 70
35 70
36 70
38 70
40 70
41 70
42 70
43 70
44 70
45 70
49 70
50 70
54 70
55 70
58 70
64 70
65 70
69 70
73 70
74 70
75 70
76 70
77 70
78 70
79 70
81 70
85 70
87 70
91 70
92 70
94 70
96 70
98 70
100 70
1 71
6 71
8 71
9 71
10 71
12 71
21 71
23 71
25 71
27 71
29 71
30 71
32 71
33 71
34 71
37 71
38 71
39 71
40 71
41 71
42 71
43 71
45 71
46 71
47 71
48 71
50 71
54 71
55 71
56 71
60 71
61 71
65 71
66 71
67 71
68 71
72 71
74 71
75 71
76 71
81 71
82 71
83 71
84 71
89 71
90 71
91 71
93 71
94 71
95 71
96 71
97 71
98 71
99 71
3 72
4 72
5 72
10 72
12 72
14 72
15 72
16 72
17 72
19 72
21 72
23 72
26 72
27 72
28 72
32 72
35 72
36 72
37 72
38 72
39 72
43 72
44 72
46 72
48 72
49 72
50 72
54 72
56 72
58 72
62 72
63 72
67 72
68 72
69 72
72 72
74 72
77 72
78 72
80 72
81 72
83 72
85 72
86 72
87 72
89 72
90 72
91 72
94 72
98 72
99 72
100 72
1 73
2 73
5 73
6 73
9 73
11 73
12 73
13 73
14 73
15 73
17 73
19 73
21 73
28 73
30 73
31 73
34 73
35 73
38 73
42 73
43 73
44 73
45 73
47 73
48 73
50 73
52 73
55 73
56 73
57 73
58 73
59 73
60 73
64 73
67 73
69 73
72 73
73 73
74 73
75 73
76 73
77 73
78 73
82 73
83 73
85 73
89 73
92 73
94 73
95 73
96 73
99 73
2 74
4 74
7 74
11 74
13 74
14 74
15 74
17 74
21 74
22 74
25 74
26 74
27 74
30 74
31 74
32 74
35 74
36 74
38 74
39 74
41 74
42 74
43 74
47 74
51 74
53 74
54 74
56 74
59 74
60 74
61 74
63 74
66 74
68 74
70 74
72 74
73 74
74 74
76 74
79 74
81 74
82 74
84 74
85 74
86 74
87 74
88 74
90 74
91 74
92 74
93 74
94 74
95 74
96 74
99 74
3 75
5 75
6 75
7 75
11 75
13 75
15 75
17 75
19 75
20 75
22 75
24 75
27 75
28 75
29 75
31 75
32 75
33 75
36 75
39 75
45 75
47 75
49 75
52 75
55 75
56 75
58 75
63 75
64 75
65 75
68 75
69 75
71 75
73 75
74 75
78 75
80 75
81 75
82 75
83 75
84 75
85 75
87 75
88 75
89 75
91 75
96 75
97 75
98 75
3 76
10 76
11 76
13 76
16 76
17 76
18 76
19 76
20 76
22 76
25 76
26 76
27 76
29 76
30 76
32 76
35 76
36 76
37 76
38 76
40 76
41 76
42 76
46 76
48 76
49 76
51 76
52 76
53 76
54 76
59 76
61 76
62 76
63 76
64 76
69 76
70 76
71 76
72 76
77 76
78 76
79 76
80 76
83 76
85 76
86 76
89 76
90 76
93 76
96 76
97 76
98 76
99 76
2 77
6 77
7 77
15 77
16 77
20 77
23 77
24 77
26 77
27 77
29 77
30 77
32 77
33 77
35 77
38 77
40 77
42 77
44 77
46 77
48 77
50 77
51 77
53 77
54 77
56 77
57 77
59 77
60 77
61 77
64 77
65 77
66 77
67 77
70 77
75 77
79 77
80 77
81 77
83 77
84 77
85 77
88 77
94 77
97 77
99 77
4 78
5 78
6 78
8 78
9 78
10 78
11 78
14 78
15 78
18 78
22 78
24 78
25 78
30 78
31 78
32 78
35 78
36 78
39 78
41 78
43 78
45 78
46 78
47 78
48 78
51 78
52 78
53 78
54 78
55 78
56 78
57 78
58 78
59 78
60 78
61 78
65 78
67 78
69 78
70 78
72 78
74 78
75 78
76 78
79 78
81 78
83 78
87 78
88 78
91 78
93 78
94 78
96 78
97 78
98 78
100 78
2 79
3 79
4 79
6 79
8 79
10 79
13 79
16 79
17 79
18 79
21 79
22 79
23 79
24 79
29 79
34 79
35 79
38 79
40 79
43 79
45 79
47 79
48 79
51 79
53 79
56 79
59 79
60 79
62 79
63 79
64 79
67 79
68 79
70 79
72 79
73 79
74 79
75 79
77 79
78 79
79 79
80 79
81 79
83 79
84 79
89 79
90 79
91 79
92 79
93 79
94 79
95 79
96 79
98 79
1 80
4 80
7 80
8 80
9 80
11 80
12 80
13 80
14 80
15 80
16 80
18 80
19 80
21 80
22 80
23 80
24 80
25 80
26 80
28 80
29 80
30 80
37 80
38 80
41 80
42 80
44 80
45 80
47 80
48 80
52 80
55 80
59 80
61 80
62 80
65 80
71 80
72 80
73 80
77 80
78 80
80 80
83 80
87 80
97 80
100 80
1 81
4 81
6 81
8 81
10 81
11 81
14 81
19 81
20 81
21 81
22 81
29 81
31 81
32 81
35 81
37 81
38 81
39 81
41 81
42 81
43 81
46 81
47 81
48 81
49 81
50 81
55 81
57 81
59 81
60 81
62 81
65 81
66 81
67 81
69 81
74 81
81 81
82 81
84 81
88 81
89 81
91 81
94 81
96 81
97 81
99 81
1 82
2 82
4 82
6 82
7 82
9 82
11 82
12 82
13 82
15 82
16 82
21 82
22 82
28 82
29 82
30 82
31 82
32 82
34 82
36 82
38 82
39 82
41 82
42 82
44 82
48 82
50 82
51 82
53 82
54 82
60 82
63 82
64 82
66 82
70 82
72 82
73 82
74 82
75 82
78 82
79 82
82 82
87 82
88 82
89 82
90 82
92 82
94 82
95 82
96 82
99 82
3 83
4 83
7 83
9 83
11 83
13 83
15 83
16 83
17 83
20 83
27 83
28 83
29 83
35 83
37 83
38 83
40 83
44 83
45 83
46 83
48 83
51 83
52 83
53 83
56 83
57 83
64 83
65 83
67 83
69 83
70 83
71 83
72 83
73 83
75 83
78 83
80 83
81 83
82 83
83 83
84 83
85 83
86 83
88 83
89 83
93 83
95 83
96 83
97 83
98 83
99 83
100 83
2 84
3 84
4 84
5 84
7 84
14 84
16 84
19 84
21 84
25 84
26 84
27 84
28 84
29 84
32 84
34 84
36 84
38 84
39 84
40 84
41 84
42 84
44 84
45 84
46 84
47 84
48 84
49 84
50 84
56 84
59 84
60 84
61 84
63 84
67 84
68 84
70 84
71 84
74 84
77 84
80 84
81 84
87 84
89 84
90 84
91 84
92 84
93 84
94 84
97 84
1 85
3 85
4 85
5 85
6 85
8 85
9 85
17 85
20 85
21 85
22 85
24 85
25 85
26 85
28 85
30 85
31 85
32 85
33 85
34 85
35 85
36 85
37 85
38 85
43 85
44 85
47 85
52 85
53 85
54 85
55 85
57 85
59 85
60 85
61 85
64 85
66 85
67 85
68 85
71 85
72 85
76 85
77 85
78 85
81 85
83 85
85 85
88 85
89 85
91 85
94 85
95 85
99 85
1 86
2 86
4 86
5 86
6 86
7 86
8 86
9 86
10 86
11 86
12 86
13 86
15 86
18 86
20 86
21 86
25 86
26 86
27 86
29 86
30 86
38 86
40 86
44 86
46 86
47 86
49 86
55 86
56 86
58 86
59 86
60 86
62 86
63 86
64 86
68 86
69 86
70 86
71 86
72 86
75 86
77 86
78 86
82 86
83 86
84 86
85 86
86 86
88 86
90 86
91 86
92 86
93 86
96 86
97 86
100 86
1 87
2 87
3 87
4 87
5 87
6 87
8 87
9 87
11 87
13 87
15 87
16 87
17 87
18 87
19 87
21 87
28 87
29 87
30 87
31 87
33 87
34 87
40 87
43 87
44 87
48 87
50 87
54 87
55 87
59 87
60 87
66 87
67 87
68 87
71 87
72 87
75 87
80 87
81 87
85 87
88 87
91 87
92 87
94 87
95 87
97 87
98 87
100 87
1 88
2 88
3 88
4 88
5 88
9 88
11 88
14 88
16 88
18 88
20 88
22 88
23 88
24 88
25 88
27 88
31 88
33 88
36 88
38 88
40 88
46 88
50 88
51 88
52 88
53 88
54 88
55 88
56 88
58 88
59 88
60 88
61 88
64 88
65 88
68 88
70 88
76 88
78 88
79 88
80 88
84 88
85 88
89 88
90 88
91 88
93 88
95 88
96 88
1 89
2 89
6 89
7 89
9 89
10 89
11 89
15 89
16 89
23 89
25 89
27 89
28 89
29 89
30 89
34 89
35 89
39 89
42 89
43 89
45 89
47 89
48 89
49 89
50 89
51 89
52 89
55 89
56 89
57 89
58 89
60 89
61 89
62 89
63 89
65 89
66 89
67 89
68 89
69 89
70 89
71 89
73 89
76 89
77 89
78 89
81 89
82 89
84 89
85 89
86 89
87 89
90 89
92 89
94 89
97 89
99 89
1 90
3 90
7 90
8 90
10 90
13 90
15 90
16 90
17 90
18 90
19 90
20 90
23 90
24 90
29 90
31 90
33 90
41 90
43 90
45 90
46 90
49 90
50 90
52 90
55 90
56 90
58 90
60 90
62 90
65 90
66 90
67 90
71 90
73 90
74 90
76 90
81 90
82 90
86 90
88 90
93 90
97 90
100 90
3 91
5 91
6 91
8 91
10 91
11 91
14 91
15 91
19 91
23 91
24 91
31 91
32 91
34 91
35 91
41 91
42 91
43 91
44 91
53 91
54 91
56 91
57 91
58 91
60 91
61 91
63 91
64 91
66 91
67 91
70 91
74 91
77 91
79 91
81 91
84 91
85 91
86 91
87 91
88 91
89 91
90 91
91 91
92 91
100 91
1 92
2 92
4 92
7 92
10 92
12 92
15 92
16 92
18 92
19 92
21 92
22 92
24 92
27 92
28 92
33 92
38 92
42 92
43 92
48 92
50 92
51 92
53 92
54 92
56 92
58 92
59 92
60 92
62 92
63 92
65 92
66 92
67 92
68 92
69 92
70 92
71 92
74 92
79 92
80 92
83 92
85 92
88 92
90 92
91 92
93 92
94 92
95 92
96 92
99 92
100 92
1 93
2 93
3 93
5 93
7 93
9 93
10 93
15 93
16 93
17 93
18 93
19 93
21 93
24 93
29 93
30 93
33 93
35 93
39 93
40 93
41 93
42 93
43 93
44 93
45 93
47 93
50 93
51 93
53 93
54 93
56 93
58 93
59 93
60 93
62 93
63 93
64 93
65 93
66 93
67 93
68 93
71 93
74 93
76 93
77 93
78 93
83 93
84 93
85 93
87 93
89 93
90 93
93 93
94 93
95 93
97 93
100 93
1 94
3 94
5 94
7 94
8 94
9 94
11 94
12 94
14 94
15 94
18 94
19 94
22 94
23 94
24 94
29 94
31 94
32 94
34 94
35 94
36 94
38 94
40 94
45 94
46 94
47 94
48 94
49 94
53 94
55 94
56 94
57 94
58 94
60 94
61 94
62 94
63 94
66 94
67 94
71 94
73 94
74 94
79 94
81 94
84 94
86 94
88 94
89 94
91 94
93 94
94 94
95 94
98 94
100 94
1 95
4 95
5 95
7 95
10 95
16 95
18 95
20 95
21 95
22 95
24 95
27 95
29 95
32 95
33 95
34 95
35 95
36 95
37 95
38 95
41 95
43 95
46 95
47 95
49 95
51 95
52 95
55 95
57 95
58 95
59 95
60 95
62 95
63 95
64 95
67 95
69 95
70 95
73 95
75 95
78 95
79 95
80 95
81 95
82 95
84 95
85 95
90 95
92 95
93 95
94 95
95 95
97 95
98 95
100 95
1 96
5 96
6 96
8 96
9 96
10 96
12 96
15 96
16 96
17 96
18 96
21 96
22 96
25 96
29 96
34 96
37 96
38 96
40 96
43 96
47 96
49 96
51 96
52 96
57 96
59 96
60 96
61 96
63 96
65 96
67 96
68 96
71 96
72 96
75 96
76 96
77 96
78 96
79 96
84 96
88 96
90 96
92 96
93 96
95 96
97 96
98 96
99 96
100 96
2 97
4 97
6 97
7 97
8 97
9 97
10 97
13 97
15 97
17 97
19 97
20 97
22 97
26 97
28 97
29 97
31 97
32 97
34 97
36 97
37 97
38 97
39 97
40 97
41 97
45 97
46 97
49 97
50 97
51 97
53 97
56 97
57 97
59 97
60 97
61 97
62 97
63 97
64 97
65 97
67 97
68 97
69 97
74 97
77 97
80 97
82 97
83 97
87 97
90 97
91 97
92 97
95 97
96 97
97 97
98 97
99 97
100 97
1 98
2 98
5 98
7 98
8 98
9 98
10 98
11 98
14 98
18 98
22 98
23 98
24 98
26 98
29 98
32 98
33 98
35 98
36 98
37 98
38 98
40 98
44 98
45 98
46 98
47 98
48 98
53 98
56 98
57 98
58 98
59 98
61 98
63 98
64 98
67 98
68 98
74 98
75 98
77 98
78 98
79 98
80 98
81 98
84 98
85 98
88 98
90 98
94 98
95 98
97 98
100 98
1 99
2 99
5 99
7 99
10 99
12 99
13 99
16 99
17 99
19 99
23 99
24 99
25 99
27 99
28 99
29 99
33 99
35 99
36 99
40 99
42 99
43 99
45 99
46 99
47 99
48 99
49 99
51 99
53 99
54 99
55 99
56 99
58 99
61 99
64 99
66 99
67 99
68 99
69 99
70 99
71 99
73 99
75 99
78 99
81 99
82 99
84 99
86 99
87 99
94 99
97 99
98 99
100 99
2 100
3 100
7 100
10 100
11 100
12 100
13 100
15 100
16 100
23 100
24 100
27 100
28 100
29 100
30 100
32 100
33 100
34 100
36 100
39 100
40 100
41 100
42 100
43 100
46 100
49 100
50 100
51 100
53 100
55 100
56 100
57 100
58 100
59 100
62 100
66 100
67 100
70 100
71 100
73 100
79 100
80 100
86 100
89 100
90 100
94 100
96 100
100 100
