100
1 1
5 1
7 1
8 1
9 1
12 1
14 1
15 1
16 1
17 1
20 1
22 1
24 1
25 1
26 1
27 1
29 1
31 1
32 1
33 1
34 1
38 1
40 1
43 1
44 1
45 1
46 1
47 1
48 1
49 1
50 1
52 1
54 1
55 1
57 1
58 1
59 1
62 1
63 1
66 1
67 1
68 1
73 1
74 1
75 1
77 1
79 1
80 1
82 1
83 1
84 1
87 1
88 1
89 1
90 1
92 1
96 1
98 1
1 2
2 2
3 2
5 2
6 2
7 2
8 2
9 2
11 2
14 2
15 2
17 2
18 2
22 2
23 2
26 2
27 2
28 2
30 2
32 2
34 2
35 2
36 2
37 2
40 2
41 2
42 2
43 2
46 2
47 2
48 2
49 2
50 2
51 2
52 2
53 2
55 2
59 2
61 2
62 2
63 2
67 2
68 2
70 2
71 2
73 2
74 2
75 2
76 2
77 2
78 2
80 2
81 2
84 2
86 2
87 2
89 2
90 2
91 2
92 2
94 2
96 2
100 2
2 3
4 3
5 3
8 3
11 3
15 3
21 3
23 3
27 3
29 3
30 3
31 3
33 3
34 3
36 3
38 3
39 3
42 3
43 3
45 3
46 3
48 3
49 3
50 3
52 3
58 3
60 3
62 3
63 3
65 3
66 3
70 3
71 3
75 3
85 3
87 3
88 3
89 3
91 3
93 3
94 3
96 3
97 3
98 3
99 3
2 4
3 4
11 4
13 4
14 4
17 4
18 4
20 4
21 4
22 4
23 4
29 4
30 4
31 4
33 4
34 4
37 4
41 4
43 4
48 4
50 4
52 4
53 4
58 4
59 4
60 4
61 4
62 4
64 4
65 4
66 4
67 4
69 4
71 4
78 4
79 4
81 4
83 4
86 4
87 4
88 4
90 4
91 4
92 4
96 4
97 4
2 5
5 5
6 5
7 5
8 5
11 5
12 5
13 5
14 5
18 5
20 5
22 5
23 5
24 5
27 5
29 5
30 5
31 5
33 5
34 5
36 5
38 5
43 5
44 5
45 5
52 5
55 5
56 5
57 5
63 5
69 5
70 5
72 5
73 5
77 5
80 5
81 5
83 5
84 5
85 5
86 5
88 5
91 5
92 5
94 5
96 5
98 5
99 5
1 6
3 6
5 6
6 6
9 6
10 6
12 6
18 6
22 6
23 6
27 6
30 6
31 6
32 6
33 6
38 6
39 6
41 6
51 6
52 6
53 6
55 6
60 6
64 6
65 6
66 6
69 6
72 6
74 6
75 6
76 6
77 6
78 6
82 6
83 6
85 6
87 6
89 6
91 6
99 6
100 6
1 7
5 7
6 7
7 7
8 7
9 7
13 7
14 7
15 7
18 7
21 7
26 7
27 7
29 7
30 7
31 7
33 7
34 7
35 7
37 7
39 7
41 7
42 7
45 7
46 7
47 7
49 7
50 7
51 7
52 7
54 7
57 7
58 7
59 7
61 7
69 7
70 7
73 7
74 7
78 7
80 7
82 7
83 7
86 7
88 7
90 7
93 7
94 7
98 7
99 7
100 7
1 8
2 8
8 8
9 8
10 8
13 8
15 8
16 8
17 8
20 8
21 8
24 8
25 8
34 8
35 8
41 8
42 8
44 8
48 8
50 8
51 8
52 8
55 8
58 8
60 8
62 8
64 8
65 8
66 8
68 8
76 8
81 8
82 8
83 8
84 8
86 8
87 8
90 8
92 8
94 8
95 8
100 8
2 9
3 9
13 9
15 9
17 9
19 9
22 9
23 9
25 9
29 9
34 9
38 9
39 9
40 9
44 9
45 9
46 9
47 9
49 9
52 9
54 9
56 9
57 9
58 9
59 9
64 9
66 9
67 9
68 9
69 9
70 9
73 9
74 9
75 9
76 9
80 9
81 9
83 9
84 9
85 9
86 9
87 9
90 9
92 9
94 9
95 9
97 9
100 9
1 10
5 10
6 10
9 10
10 10
14 10
16 10
20 10
21 10
22 10
23 10
25 10
28 10
33 10
35 10
37 10
38 10
41 10
42 10
43 10
46 10
48 10
51 10
57 10
58 10
59 10
60 10
62 10
63 10
65 10
66 10
69 10
70 10
78 10
81 10
85 10
86 10
88 10
90 10
91 10
93 10
94 10
1 11
2 11
9 11
12 11
13 11
17 11
19 11
21 11
22 11
23 11
26 11
29 11
31 11
32 11
33 11
34 11
35 11
36 11
37 11
38 11
44 11
45 11
48 11
50 11
54 11
56 11
57 11
58 11
59 11
61 11
64 11
65 11
67 11
69 11
72 11
73 11
74 11
75 11
78 11
80 11
81 11
85 11
86 11
87 11
88 11
90 11
91 11
92 11
94 11
95 11
96 11
97 11
98 11
100 11
1 12
2 12
6 12
10 12
11 12
12 12
14 12
17 12
19 12
20 12
23 12
24 12
27 12
31 12
32 12
33 12
35 12
37 12
38 12
39 12
40 12
42 12
48 12
49 12
50 12
53 12
54 12
55 12
57 12
60 12
64 12
67 12
69 12
70 12
71 12
72 12
73 12
74 12
75 12
78 12
79 12
80 12
83 12
84 12
85 12
87 12
89 12
91 12
92 12
95 12
96 12
100 12
4 13
6 13
9 13
12 13
13 13
14 13
15 13
16 13
19 13
23 13
25 13
26 13
28 13
31 13
32 13
37 13
39 13
44 13
45 13
52 13
53 13
54 13
55 13
56 13
58 13
61 13
65 13
66 13
67 13
71 13
72 13
75 13
76 13
77 13
80 13
81 13
82 13
83 13
84 13
85 13
86 13
87 13
88 13
89 13
90 13
91 13
93 13
95 13
97 13
100 13
1 14
2 14
3 14
4 14
7 14
8 14
9 14
10 14
11 14
12 14
14 14
20 14
21 14
24 14
25 14
28 14
29 14
30 14
32 14
33 14
39 14
44 14
45 14
47 14
48 14
51 14
52 14
54 14
59 14
64 14
65 14
67 14
70 14
71 14
72 14
73 14
75 14
76 14
77 14
78 14
79 14
80 14
83 14
86 14
87 14
88 14
89 14
90 14
95 14
1 15
5 15
7 15
8 15
9 15
10 15
12 15
15 15
16 15
17 15
18 15
19 15
22 15
23 15
24 15
25 15
26 15
27 15
28 15
29 15
31 15
32 15
33 15
40 15
41 15
44 15
45 15
49 15
51 15
53 15
54 15
55 15
56 15
60 15
64 15
65 15
66 15
67 15
68 15
70 15
78 15
79 15
83 15
85 15
86 15
87 15
88 15
89 15
90 15
91 15
92 15
95 15
98 15
2 16
6 16
7 16
10 16
11 16
12 16
13 16
15 16
18 16
20 16
23 16
28 16
29 16
32 16
33 16
35 16
37 16
39 16
40 16
42 16
49 16
50 16
51 16
55 16
57 16
58 16
59 16
60 16
63 16
65 16
69 16
71 16
72 16
77 16
78 16
80 16
81 16
82 16
83 16
85 16
87 16
88 16
91 16
92 16
94 16
1 17
5 17
7 17
10 17
14 17
15 17
16 17
17 17
18 17
19 17
20 17
22 17
23 17
24 17
28 17
30 17
31 17
34 17
35 17
38 17
39 17
40 17
42 17
43 17
44 17
46 17
48 17
49 17
52 17
54 17
56 17
59 17
61 17
65 17
66 17
67 17
70 17
72 17
77 17
78 17
81 17
84 17
86 17
88 17
90 17
91 17
92 17
95 17
96 17
98 17
100 17
1 18
3 18
4 18
5 18
11 18
12 18
13 18
15 18
17 18
18 18
20 18
21 18
22 18
26 18
27 18
30 18
32 18
34 18
35 18
37 18
39 18
40 18
42 18
45 18
47 18
48 18
50 18
54 18
56 18
59 18
60 18
61 18
65 18
69 18
73 18
74 18
75 18
76 18
77 18
79 18
81 18
82 18
83 18
85 18
86 18
88 18
94 18
95 18
96 18
97 18
98 18
99 18
2 19
4 19
6 19
11 19
12 19
15 19
16 19
17 19
18 19
20 19
22 19
23 19
25 19
26 19
27 19
28 19
29 19
30 19
31 19
33 19
38 19
39 19
40 19
41 19
42 19
44 19
45 19
48 19
50 19
51 19
53 19
54 19
55 19
56 19
57 19
58 19
60 19
64 19
65 19
72 19
74 19
78 19
80 19
81 19
82 19
83 19
85 19
86 19
87 19
88 19
90 19
94 19
96 19
98 19
1 20
4 20
5 20
6 20
9 20
12 20
14 20
16 20
19 20
20 20
21 20
23 20
26 20
27 20
28 20
29 20
30 20
32 20
35 20
36 20
39 20
41 20
43 20
45 20
46 20
47 20
50 20
51 20
53 20
55 20
57 20
59 20
61 20
65 20
67 20
68 20
69 20
70 20
75 20
77 20
78 20
80 20
81 20
83 20
85 20
87 20
88 20
89 20
94 20
95 20
98 20
99 20
100 20
1 21
2 21
3 21
4 21
5 21
6 21
9 21
10 21
11 21
12 21
13 21
14 21
20 21
24 21
25 21
26 21
29 21
30 21
31 21
33 21
34 21
35 21
38 21
39 21
40 21
43 21
48 21
49 21
51 21
53 21
54 21
55 21
56 21
57 21
58 21
60 21
61 21
63 21
66 21
69 21
72 21
75 21
77 21
82 21
83 21
85 21
88 21
91 21
92 21
93 21
94 21
95 21
96 21
97 21
98 21
99 21
100 21
1 22
2 22
4 22
5 22
7 22
9 22
11 22
13 22
14 22
16 22
18 22
19 22
20 22
21 22
23 22
27 22
30 22
32 22
34 22
40 22
41 22
42 22
43 22
45 22
46 22
47 22
48 22
49 22
50 22
53 22
56 22
60 22
61 22
62 22
64 22
65 22
66 22
67 22
68 22
73 22
74 22
75 22
78 22
80 22
81 22
83 22
84 22
86 22
87 22
88 22
89 22
92 22
93 22
94 22
96 22
3 23
5 23
9 23
10 23
11 23
13 23
16 23
20 23
22 23
24 23
25 23
26 23
27 23
30 23
32 23
36 23
38 23
40 23
43 23
45 23
46 23
50 23
51 23
52 23
53 23
54 23
55 23
56 23
57 23
58 23
59 23
60 23
61 23
64 23
65 23
67 23
68 23
71 23
72 23
73 23
76 23
77 23
78 23
80 23
82 23
84 23
86 23
88 23
93 23
94 23
97 23
98 23
99 23
100 23
1 24
4 24
5 24
6 24
7 24
9 24
10 24
11 24
13 24
16 24
19 24
20 24
21 24
24 24
25 24
26 24
27 24
29 24
34 24
37 24
41 24
43 24
44 24
45 24
49 24
51 24
52 24
54 24
55 24
56 24
60 24
61 24
64 24
65 24
66 24
67 24
69 24
70 24
71 24
73 24
76 24
78 24
82 24
83 24
84 24
86 24
87 24
88 24
91 24
93 24
95 24
96 24
99 24
100 24
3 25
4 25
6 25
7 25
9 25
13 25
15 25
16 25
18 25
24 25
26 25
28 25
30 25
32 25
33 25
35 25
36 25
40 25
42 25
43 25
44 25
46 25
47 25
48 25
51 25
53 25
55 25
57 25
59 25
60 25
61 25
64 25
67 25
69 25
72 25
73 25
74 25
77 25
79 25
82 25
84 25
85 25
86 25
87 25
90 25
92 25
94 25
95 25
96 25
97 25
98 25
99 25
1 26
4 26
5 26
7 26
8 26
15 26
16 26
18 26
20 26
22 26
24 26
27 26
29 26
32 26
33 26
41 26
44 26
46 26
48 26
50 26
53 26
55 26
56 26
58 26
60 26
63 26
64 26
67 26
68 26
70 26
73 26
78 26
79 26
80 26
82 26
83 26
85 26
86 26
87 26
89 26
90 26
91 26
92 26
95 26
96 26
97 26
98 26
1 27
2 27
6 27
10 27
12 27
13 27
14 27
15 27
17 27
19 27
20 27
21 27
23 27
25 27
26 27
30 27
32 27
36 27
37 27
40 27
41 27
42 27
44 27
45 27
46 27
47 27
49 27
54 27
55 27
58 27
59 27
61 27
62 27
63 27
64 27
67 27
68 27
74 27
78 27
80 27
81 27
82 27
85 27
86 27
91 27
92 27
94 27
96 27
98 27
100 27
3 28
5 28
7 28
9 28
12 28
13 28
16 28
18 28
19 28
20 28
21 28
23 28
26 28
28 28
29 28
30 28
33 28
34 28
37 28
38 28
41 28
44 28
45 28
46 28
47 28
48 28
49 28
50 28
52 28
53 28
54 28
55 28
56 28
60 28
62 28
64 28
67 28
69 28
71 28
73 28
75 28
77 28
79 28
80 28
82 28
83 28
85 28
87 28
88 28
90 28
91 28
92 28
97 28
98 28
1 29
5 29
6 29
7 29
8 29
9 29
10 29
11 29
12 29
15 29
17 29
19 29
25 29
26 29
30 29
31 29
32 29
35 29
37 29
38 29
40 29
41 29
43 29
48 29
50 29
51 29
53 29
57 29
58 29
59 29
61 29
62 29
63 29
65 29
66 29
69 29
71 29
74 29
75 29
78 29
79 29
80 29
81 29
83 29
85 29
87 29
88 29
94 29
95 29
96 29
97 29
98 29
99 29
100 29
2 30
8 30
9 30
10 30
11 30
21 30
23 30
24 30
25 30
29 30
32 30
33 30
34 30
36 30
38 30
40 30
41 30
44 30
48 30
49 30
53 30
54 30
55 30
57 30
61 30
62 30
65 30
67 30
68 30
74 30
75 30
78 30
86 30
88 30
89 30
90 30
91 30
92 30
94 30
96 30
99 30
100 30
1 31
2 31
5 31
8 31
9 31
10 31
11 31
12 31
14 31
16 31
17 31
19 31
20 31
22 31
23 31
24 31
26 31
28 31
29 31
32 31
34 31
37 31
38 31
41 31
43 31
45 31
48 31
49 31
52 31
56 31
58 31
60 31
62 31
63 31
66 31
68 31
71 31
72 31
74 31
76 31
77 31
78 31
79 31
80 31
81 31
82 31
83 31
84 31
85 31
86 31
87 31
88 31
91 31
94 31
95 31
97 31
98 31
99 31
100 31
1 32
2 32
4 32
7 32
8 32
10 32
11 32
14 32
15 32
19 32
21 32
22 32
25 32
26 32
27 32
34 32
35 32
36 32
39 32
42 32
43 32
44 32
47 32
50 32
51 32
52 32
53 32
54 32
56 32
57 32
58 32
59 32
61 32
62 32
63 32
65 32
67 32
68 32
70 32
72 32
74 32
76 32
83 32
85 32
86 32
89 32
90 32
93 32
94 32
98 32
99 32
100 32
2 33
5 33
7 33
8 33
11 33
14 33
15 33
16 33
23 33
24 33
25 33
26 33
28 33
29 33
30 33
36 33
37 33
43 33
47 33
48 33
52 33
53 33
55 33
56 33
58 33
59 33
61 33
62 33
63 33
65 33
67 33
71 33
74 33
75 33
77 33
78 33
81 33
85 33
87 33
91 33
93 33
97 33
98 33
100 33
1 34
5 34
11 34
13 34
17 34
18 34
19 34
20 34
21 34
22 34
23 34
24 34
26 34
28 34
29 34
30 34
34 34
35 34
38 34
39 34
44 34
45 34
46 34
48 34
50 34
52 34
54 34
57 34
58 34
62 34
64 34
65 34
68 34
69 34
71 34
73 34
74 34
75 34
77 34
79 34
83 34
85 34
86 34
92 34
97 34
100 34
1 35
4 35
5 35
7 35
9 35
10 35
13 35
14 35
19 35
20 35
25 35
27 35
30 35
31 35
32 35
35 35
37 35
40 35
41 35
42 35
43 35
45 35
46 35
47 35
49 35
52 35
53 35
56 35
57 35
58 35
60 35
65 35
67 35
68 35
69 35
72 35
76 35
78 35
79 35
80 35
82 35
83 35
84 35
93 35
97 35
98 35
99 35
1 36
2 36
4 36
7 36
11 36
13 36
15 36
17 36
18 36
25 36
27 36
28 36
29 36
30 36
32 36
34 36
35 36
37 36
38 36
41 36
42 36
43 36
44 36
47 36
50 36
57 36
60 36
61 36
62 36
63 36
64 36
65 36
66 36
67 36
71 36
73 36
76 36
77 36
81 36
82 36
84 36
89 36
92 36
94 36
96 36
97 36
99 36
2 37
7 37
8 37
10 37
12 37
13 37
15 37
17 37
18 37
20 37
24 37
25 37
26 37
27 37
29 37
30 37
34 37
37 37
39 37
40 37
42 37
46 37
53 37
55 37
58 37
59 37
62 37
63 37
64 37
66 37
68 37
72 37
73 37
74 37
75 37
77 37
79 37
80 37
83 37
87 37
92 37
94 37
97 37
99 37
100 37
1 38
3 38
4 38
6 38
7 38
8 38
9 38
10 38
12 38
13 38
15 38
17 38
18 38
19 38
20 38
22 38
23 38
24 38
26 38
29 38
30 38
31 38
33 38
35 38
36 38
38 38
39 38
40 38
43 38
44 38
45 38
46 38
47 38
50 38
51 38
52 38
53 38
55 38
56 38
61 38
62 38
64 38
65 38
68 38
70 38
74 38
78 38
79 38
80 38
82 38
83 38
85 38
90 38
93 38
94 38
96 38
1 39
3 39
4 39
7 39
8 39
9 39
16 39
17 39
20 39
22 39
23 39
27 39
28 39
30 39
31 39
33 39
34 39
40 39
41 39
46 39
47 39
49 39
50 39
52 39
53 39
54 39
55 39
56 39
58 39
60 39
61 39
62 39
66 39
68 39
69 39
70 39
71 39
73 39
75 39
76 39
80 39
81 39
82 39
83 39
84 39
86 39
87 39
88 39
91 39
92 39
97 39
98 39
100 39
1 40
2 40
6 40
7 40
16 40
19 40
21 40
24 40
26 40
28 40
29 40
31 40
32 40
33 40
34 40
37 40
39 40
40 40
43 40
45 40
47 40
49 40
51 40
52 40
53 40
55 40
56 40
59 40
60 40
61 40
63 40
64 40
67 40
75 40
76 40
77 40
83 40
84 40
85 40
87 40
88 40
90 40
91 40
92 40
94 40
96 40
97 40
98 40
100 40
4 41
9 41
10 41
11 41
13 41
14 41
15 41
16 41
19 41
20 41
25 41
27 41
29 41
31 41
35 41
38 41
39 41
40 41
41 41
44 41
45 41
46 41
47 41
49 41
50 41
51 41
55 41
56 41
57 41
58 41
59 41
62 41
63 41
66 41
67 41
72 41
75 41
78 41
80 41
84 41
86 41
87 41
92 41
93 41
95 41
96 41
98 41
100 41
2 42
4 42
6 42
10 42
11 42
13 42
14 42
15 42
17 42
18 42
19 42
23 42
24 42
25 42
26 42
27 42
29 42
32 42
33 42
39 42
41 42
45 42
46 42
47 42
48 42
51 42
52 42
53 42
54 42
55 42
56 42
58 42
59 42
60 42
61 42
63 42
64 42
65 42
67 42
68 42
69 42
72 42
79 42
82 42
85 42
86 42
91 42
92 42
93 42
96 42
98 42
99 42
4 43
5 43
8 43
9 43
11 43
12 43
13 43
21 43
23 43
26 43
28 43
29 43
34 43
35 43
36 43
37 43
42 43
43 43
44 43
46 43
48 43
50 43
51 43
54 43
55 43
56 43
58 43
62 43
67 43
73 43
75 43
76 43
80 43
83 43
84 43
85 43
93 43
94 43
95 43
96 43
2 44
4 44
6 44
7 44
10 44
12 44
14 44
15 44
16 44
18 44
19 44
20 44
23 44
26 44
27 44
29 44
31 44
33 44
34 44
36 44
42 44
44 44
45 44
46 44
49 44
50 44
52 44
53 44
54 44
56 44
58 44
59 44
60 44
67 44
68 44
74 44
75 44
76 44
77 44
80 44
82 44
85 44
86 44
88 44
92 44
93 44
96 44
98 44
99 44
100 44
1 45
3 45
4 45
6 45
11 45
12 45
15 45
16 45
17 45
18 45
19 45
21 45
23 45
25 45
27 45
29 45
31 45
34 45
35 45
36 45
40 45
43 45
44 45
45 45
46 45
48 45
50 45
52 45
55 45
56 45
57 45
61 45
63 45
64 45
65 45
68 45
69 45
72 45
73 45
75 45
76 45
77 45
78 45
81 45
82 45
84 45
85 45
87 45
93 45
94 45
95 45
96 45
1 46
7 46
8 46
10 46
13 46
14 46
15 46
16 46
18 46
22 46
23 46
25 46
26 46
27 46
28 46
29 46
30 46
33 46
34 46
35 46
38 46
43 46
45 46
47 46
49 46
51 46
54 46
55 46
56 46
57 46
59 46
60 46
61 46
68 46
69 46
70 46
72 46
73 46
76 46
78 46
81 46
84 46
86 46
93 46
94 46
97 46
98 46
99 46
1 47
3 47
8 47
10 47
11 47
12 47
13 47
14 47
15 47
20 47
21 47
22 47
23 47
24 47
26 47
27 47
29 47
32 47
33 47
36 47
37 47
39 47
42 47
45 47
46 47
49 47
50 47
52 47
53 47
60 47
64 47
66 47
67 47
69 47
71 47
73 47
74 47
76 47
77 47
81 47
82 47
84 47
85 47
87 47
89 47
91 47
94 47
95 47
97 47
99 47
100 47
4 48
7 48
9 48
14 48
16 48
17 48
18 48
19 48
22 48
23 48
24 48
27 48
31 48
33 48
34 48
35 48
39 48
43 48
44 48
45 48
49 48
50 48
51 48
52 48
53 48
54 48
55 48
61 48
63 48
64 48
65 48
69 48
70 48
73 48
74 48
76 48
79 48
81 48
85 48
87 48
92 48
93 48
94 48
97 48
3 49
6 49
9 49
10 49
12 49
14 49
19 49
20 49
21 49
22 49
23 49
25 49
28 49
31 49
32 49
40 49
41 49
42 49
43 49
44 49
46 49
47 49
49 49
51 49
52 49
53 49
55 49
56 49
59 49
62 49
64 49
66 49
69 49
70 49
71 49
72 49
74 49
75 49
77 49
79 49
80 49
86 49
95 49
97 49
1 50
3 50
4 50
5 50
7 50
11 50
13 50
15 50
18 50
23 50
27 50
28 50
29 50
30 50
32 50
34 50
35 50
36 50
40 50
44 50
45 50
46 50
47 50
48 50
49 50
51 50
53 50
55 50
56 50
57 50
58 50
59 50
63 50
65 50
73 50
75 50
76 50
77 50
80 50
83 50
85 50
86 50
87 50
88 50
92 50
99 50
1 51
2 51
4 51
5 51
8 51
12 51
13 51
15 51
17 51
18 51
20 51
21 51
22 51
23 51
28 51
31 51
33 51
35 51
36 51
39 51
40 51
41 51
43 51
48 51
53 51
56 51
57 51
58 51
61 51
63 51
64 51
66 51
67 51
69 51
70 51
74 51
77 51
80 51
82 51
83 51
85 51
88 51
89 51
90 51
92 51
93 51
94 51
98 51
2 52
5 52
8 52
12 52
13 52
15 52
17 52
18 52
19 52
20 52
23 52
26 52
27 52
28 52
29 52
30 52
31 52
33 52
35 52
37 52
42 52
44 52
46 52
47 52
48 52
49 52
50 52
57 52
58 52
61 52
68 52
69 52
70 52
72 52
76 52
77 52
78 52
80 52
81 52
82 52
87 52
90 52
91 52
96 52
98 52
99 52
1 53
2 53
4 53
5 53
6 53
8 53
10 53
11 53
12 53
13 53
14 53
16 53
17 53
18 53
21 53
22 53
23 53
24 53
27 53
28 53
30 53
31 53
34 53
35 53
37 53
39 53
40 53
41 53
43 53
44 53
45 53
48 53
50 53
51 53
52 53
53 53
54 53
55 53
58 53
59 53
61 53
62 53
66 53
67 53
68 53
69 53
73 53
77 53
78 53
79 53
81 53
82 53
84 53
85 53
87 53
92 53
93 53
99 53
100 53
5 54
6 54
9 54
12 54
13 54
14 54
15 54
17 54
20 54
22 54
25 54
26 54
28 54
29 54
32 54
33 54
35 54
37 54
38 54
39 54
40 54
42 54
43 54
45 54
47 54
49 54
57 54
59 54
60 54
62 54
63 54
66 54
67 54
68 54
69 54
70 54
76 54
81 54
83 54
84 54
88 54
90 54
92 54
94 54
96 54
97 54
98 54
99 54
100 54
2 55
3 55
4 55
8 55
15 55
16 55
17 55
23 55
26 55
28 55
29 55
30 55
31 55
32 55
33 55
34 55
36 55
37 55
38 55
39 55
41 55
43 55
46 55
52 55
53 55
56 55
60 55
61 55
63 55
65 55
67 55
68 55
72 55
73 55
74 55
76 55
80 55
82 55
84 55
86 55
89 55
92 55
93 55
96 55
97 55
98 55
100 55
1 56
2 56
5 56
7 56
8 56
10 56
11 56
13 56
15 56
18 56
19 56
20 56
23 56
25 56
26 56
27 56
31 56
32 56
40 56
44 56
45 56
46 56
47 56
49 56
50 56
51 56
54 56
57 56
62 56
63 56
64 56
66 56
67 56
68 56
69 56
70 56
71 56
74 56
75 56
76 56
77 56
78 56
80 56
85 56
88 56
90 56
91 56
92 56
93 56
94 56
96 56
97 56
4 57
6 57
7 57
8 57
9 57
10 57
12 57
13 57
14 57
15 57
17 57
19 57
20 57
28 57
34 57
36 57
38 57
39 57
40 57
42 57
44 57
46 57
48 57
49 57
50 57
52 57
53 57
55 57
57 57
58 57
59 57
61 57
67 57
72 57
74 57
75 57
77 57
78 57
80 57
83 57
85 57
87 57
88 57
90 57
91 57
93 57
96 57
97 57
100 57
1 58
2 58
5 58
7 58
11 58
12 58
13 58
15 58
16 58
17 58
18 58
21 58
25 58
26 58
27 58
28 58
29 58
30 58
31 58
33 58
35 58
36 58
38 58
39 58
41 58
42 58
44 58
46 58
47 58
49 58
50 58
53 58
55 58
56 58
57 58
60 58
62 58
63 58
64 58
67 58
68 58
69 58
71 58
74 58
78 58
79 58
84 58
85 58
87 58
90 58
91 58
92 58
96 58
98 58
100 58
3 59
4 59
5 59
9 59
10 59
11 59
12 59
13 59
18 59
20 59
23 59
24 59
25 59
26 59
27 59
28 59
29 59
30 59
31 59
39 59
41 59
45 59
46 59
49 59
50 59
51 59
53 59
54 59
55 59
57 59
59 59
62 59
63 59
64 59
65 59
67 59
68 59
69 59
70 59
71 59
78 59
79 59
84 59
86 59
87 59
91 59
92 59
93 59
95 59
96 59
99 59
2 60
5 60
7 60
9 60
10 60
11 60
12 60
13 60
14 60
16 60
17 60
18 60
19 60
21 60
22 60
24 60
26 60
32 60
33 60
34 60
37 60
38 60
39 60
44 60
45 60
47 60
48 60
50 60
51 60
52 60
54 60
56 60
58 60
60 60
63 60
64 60
66 60
67 60
68 60
70 60
71 60
72 60
74 60
76 60
77 60
81 60
82 60
83 60
85 60
90 60
92 60
94 60
97 60
1 61
3 61
4 61
5 61
7 61
8 61
9 61
10 61
11 61
13 61
16 61
20 61
22 61
23 61
25 61
27 61
28 61
30 61
34 61
36 61
37 61
39 61
40 61
41 61
42 61
43 61
44 61
45 61
47 61
50 61
54 61
55 61
57 61
59 61
61 61
62 61
63 61
64 61
66 61
67 61
70 61
71 61
72 61
73 61
74 61
75 61
84 61
87 61
89 61
95 61
98 61
100 61
3 62
9 62
12 62
14 62
15 62
16 62
17 62
20 62
21 62
29 62
31 62
32 62
33 62
34 62
35 62
41 62
46 62
47 62
49 62
50 62
52 62
55 62
59 62
63 62
65 62
67 62
68 62
71 62
74 62
76 62
77 62
80 62
86 62
88 62
89 62
91 62
94 62
95 62
96 62
97 62
98 62
2 63
3 63
4 63
6 63
10 63
12 63
13 63
14 63
17 63
18 63
19 63
22 63
24 63
26 63
27 63
28 63
31 63
32 63
35 63
36 63
38 63
39 63
42 63
46 63
47 63
48 63
49 63
50 63
55 63
57 63
58 63
59 63
61 63
63 63
64 63
68 63
70 63
71 63
73 63
74 63
79 63
81 63
84 63
85 63
86 63
88 63
91 63
92 63
93 63
94 63
99 63
100 63
2 64
5 64
8 64
9 64
10 64
11 64
15 64
16 64
17 64
18 64
20 64
21 64
22 64
25 64
26 64
27 64
28 64
31 64
37 64
39 64
40 64
43 64
44 64
45 64
48 64
51 64
61 64
62 64
64 64
65 64
67 64
68 64
69 64
73 64
77 64
78 64
80 64
81 64
82 64
84 64
86 64
90 64
93 64
96 64
97 64
98 64
99 64
100 64
1 65
3 65
4 65
6 65
8 65
9 65
11 65
12 65
13 65
14 65
15 65
17 65
20 65
21 65
23 65
24 65
26 65
27 65
30 65
31 65
34 65
37 65
39 65
41 65
43 65
44 65
46 65
48 65
50 65
52 65
53 65
58 65
59 65
61 65
62 65
67 65
68 65
70 65
72 65
75 65
76 65
77 65
80 65
82 65
85 65
87 65
89 65
90 65
94 65
97 65
98 65
100 65
3 66
4 66
8 66
9 66
10 66
11 66
12 66
13 66
15 66
17 66
19 66
21 66
22 66
23 66
27 66
31 66
33 66
34 66
37 66
38 66
41 66
44 66
45 66
47 66
49 66
50 66
51 66
52 66
55 66
58 66
59 66
61 66
62 66
64 66
65 66
66 66
69 66
72 66
73 66
75 66
78 66
79 66
81 66
82 66
83 66
84 66
85 66
87 66
89 66
90 66
91 66
97 66
98 66
99 66
100 66
1 67
5 67
6 67
9 67
10 67
11 67
12 67
14 67
18 67
19 67
21 67
22 67
24 67
25 67
29 67
30 67
31 67
33 67
34 67
35 67
36 67
37 67
40 67
41 67
42 67
43 67
44 67
45 67
46 67
47 67
48 67
49 67
50 67
53 67
56 67
57 67
59 67
64 67
66 67
67 67
68 67
69 67
71 67
72 67
73 67
74 67
75 67
76 67
79 67
81 67
82 67
84 67
90 67
92 67
94 67
97 67
3 68
6 68
7 68
9 68
10 68
15 68
16 68
17 68
18 68
19 68
22 68
23 68
24 68
25 68
26 68
27 68
29 68
32 68
33 68
34 68
36 68
37 68
38 68
41 68
42 68
43 68
45 68
48 68
49 68
55 68
56 68
57 68
59 68
62 68
69 68
71 68
74 68
75 68
77 68
78 68
79 68
80 68
82 68
83 68
86 68
87 68
91 68
92 68
93 68
94 68
100 68
2 69
4 69
5 69
7 69
11 69
15 69
16 69
17 69
18 69
20 69
24 69
25 69
27 69
28 69
30 69
34 69
36 69
37 69
38 69
40 69
41 69
42 69
43 69
44 69
45 69
47 69
53 69
58 69
59 69
60 69
61 69
62 69
63 69
64 69
69 69
70 69
71 69
73 69
76 69
79 69
81 69
84 69
85 69
86 69
87 69
89 69
91 69
94 69
95 69
96 69
97 69
1 70
3 70
4 70
6 70
9 70
11 70
17 70
22 70
23 70
25 70
28 70
29 70
32 70
33 70
34 70
35 70
36 70
38 70
39 70
40 70
41 70
45 70
46 70
48 70
54 70
55 70
56 70
60 70
63 70
69 70
70 70
72 70
74 70
76 70
77 70
78 70
81 70
83 70
85 70
86 70
90 70
91 70
95 70
98 70
100 70
1 71
2 71
4 71
5 71
8 71
11 71
12 71
14 71
15 71
17 71
25 71
26 71
28 71
31 71
33 71
35 71
36 71
38 71
39 71
43 71
46 71
48 71
57 71
58 71
60 71
62 71
63 71
65 71
66 71
69 71
70 71
71 71
75 71
77 71
78 71
81 71
85 71
86 71
91 71
92 71
96 71
97 71
100 71
1 72
5 72
7 72
9 72
10 72
12 72
13 72
17 72
21 72
22 72
23 72
24 72
27 72
28 72
29 72
30 72
33 72
35 72
38 72
39 72
40 72
41 72
42 72
43 72
44 72
45 72
48 72
49 72
51 72
53 72
54 72
57 72
58 72
59 72
60 72
62 72
63 72
64 72
66 72
67 72
68 72
69 72
71 72
74 72
76 72
79 72
81 72
84 72
87 72
88 72
89 72
91 72
94 72
98 72
99 72
6 73
7 73
8 73
10 73
11 73
15 73
16 73
17 73
19 73
20 73
21 73
23 73
24 73
26 73
27 73
29 73
32 73
37 73
38 73
42 73
45 73
47 73
48 73
49 73
50 73
51 73
53 73
54 73
55 73
58 73
59 73
60 73
61 73
62 73
63 73
65 73
66 73
68 73
69 73
70 73
72 73
73 73
74 73
75 73
76 73
78 73
80 73
81 73
86 73
87 73
88 73
89 73
94 73
97 73
99 73
100 73
1 74
2 74
5 74
8 74
9 74
12 74
13 74
15 74
19 74
21 74
23 74
24 74
26 74
27 74
32 74
34 74
38 74
39 74
42 74
43 74
46 74
47 74
49 74
50 74
51 74
53 74
58 74
60 74
64 74
70 74
73 74
77 74
79 74
80 74
81 74
82 74
85 74
86 74
88 74
91 74
93 74
96 74
98 74
99 74
2 75
5 75
6 75
7 75
9 75
12 75
13 75
14 75
15 75
17 75
18 75
19 75
20 75
23 75
24 75
27 75
30 75
32 75
33 75
37 75
39 75
41 75
44 75
46 75
47 75
53 75
54 75
55 75
56 75
57 75
59 75
60 75
61 75
62 75
63 75
67 75
70 75
71 75
72 75
80 75
81 75
84 75
87 75
88 75
91 75
92 75
93 75
95 75
96 75
97 75
98 75
99 75
100 75
1 76
2 76
4 76
14 76
17 76
18 76
19 76
20 76
22 76
23 76
30 76
33 76
35 76
40 76
42 76
43 76
46 76
47 76
48 76
49 76
51 76
52 76
54 76
55 76
57 76
58 76
60 76
61 76
63 76
64 76
65 76
66 76
70 76
71 76
72 76
75 76
76 76
77 76
80 76
81 76
82 76
84 76
86 76
89 76
95 76
98 76
100 76
2 77
4 77
6 77
7 77
8 77
10 77
12 77
13 77
15 77
16 77
17 77
18 77
19 77
20 77
28 77
29 77
31 77
32 77
38 77
39 77
41 77
42 77
44 77
48 77
50 77
54 77
56 77
61 77
64 77
65 77
67 77
68 77
70 77
71 77
76 77
77 77
79 77
81 77
82 77
84 77
94 77
95 77
97 77
98 77
99 77
100 77
3 78
4 78
5 78
9 78
11 78
13 78
14 78
15 78
17 78
18 78
19 78
21 78
23 78
24 78
25 78
26 78
27 78
28 78
29 78
30 78
31 78
33 78
35 78
37 78
38 78
40 78
42 78
46 78
48 78
49 78
50 78
52 78
53 78
54 78
58 78
60 78
64 78
68 78
69 78
72 78
74 78
75 78
76 78
77 78
78 78
79 78
82 78
85 78
86 78
88 78
89 78
92 78
93 78
94 78
95 78
96 78
97 78
98 78
99 78
1 79
2 79
3 79
4 79
5 79
6 79
7 79
9 79
10 79
12 79
14 79
18 79
20 79
22 79
23 79
24 79
25 79
26 79
27 79
28 79
29 79
34 79
35 79
40 79
43 79
44 79
45 79
47 79
48 79
49 79
51 79
52 79
55 79
56 79
57 79
59 79
61 79
64 79
67 79
68 79
71 79
73 79
74 79
77 79
79 79
80 79
81 79
85 79
90 79
92 79
93 79
94 79
96 79
98 79
4 80
5 80
6 80
7 80
8 80
9 80
10 80
11 80
14 80
16 80
17 80
19 80
21 80
22 80
23 80
24 80
28 80
30 80
33 80
35 80
36 80
37 80
39 80
42 80
43 80
44 80
45 80
47 80
48 80
50 80
52 80
53 80
58 80
61 80
63 80
64 80
65 80
66 80
67 80
69 80
75 80
76 80
80 80
81 80
83 80
84 80
87 80
90 80
91 80
93 80
94 80
97 80
100 80
3 81
4 81
6 81
9 81
17 81
18 81
19 81
20 81
22 81
24 81
26 81
27 81
31 81
32 81
33 81
36 81
40 81
41 81
45 81
46 81
47 81
51 81
53 81
54 81
62 81
64 81
66 81
68 81
69 81
70 81
71 81
72 81
74 81
75 81
77 81
78 81
81 81
82 81
83 81
86 81
89 81
90 81
91 81
93 81
94 81
95 81
96 81
98 81
99 81
100 81
1 82
3 82
7 82
8 82
11 82
14 82
16 82
17 82
19 82
21 82
23 82
24 82
26 82
27 82
29 82
34 82
35 82
37 82
43 82
44 82
46 82
51 82
52 82
55 82
57 82
60 82
61 82
63 82
64 82
66 82
68 82
73 82
74 82
75 82
76 82
77 82
80 82
81 82
82 82
84 82
88 82
95 82
97 82
98 82
3 83
6 83
8 83
14 83
16 83
17 83
18 83
19 83
20 83
21 83
23 83
25 83
26 83
28 83
29 83
30 83
34 83
39 83
41 83
42 83
45 83
46 83
47 83
48 83
49 83
51 83
53 83
54 83
55 83
56 83
59 83
61 83
62 83
63 83
64 83
77 83
78 83
82 83
88 83
90 83
95 83
96 83
99 83
1 84
2 84
6 84
10 84
13 84
14 84
15 84
17 84
19 84
20 84
23 84
24 84
26 84
28 84
32 84
33 84
34 84
35 84
36 84
39 84
40 84
41 84
46 84
53 84
56 84
58 84
60 84
61 84
62 84
65 84
66 84
68 84
69 84
70 84
73 84
75 84
78 84
79 84
82 84
83 84
84 84
85 84
86 84
88 84
90 84
91 84
93 84
94 84
95 84
96 84
100 84
1 85
2 85
3 85
5 85
6 85
7 85
8 85
11 85
13 85
14 85
16 85
17 85
18 85
19 85
20 85
21 85
22 85
24 85
25 85
27 85
28 85
31 85
33 85
35 85
36 85
38 85
39 85
41 85
45 85
46 85
47 85
48 85
52 85
53 85
56 85
57 85
58 85
61 85
62 85
67 85
68 85
69 85
70 85
72 85
75 85
76 85
78 85
79 85
80 85
81 85
83 85
86 85
88 85
90 85
91 85
94 85
4 86
5 86
7 86
8 86
9 86
10 86
12 86
14 86
16 86
19 86
20 86
21 86
22 86
24 86
25 86
29 86
31 86
32 86
35 86
38 86
39 86
40 86
43 86
44 86
45 86
49 86
55 86
58 86
60 86
61 86
62 86
65 86
66 86
69 86
71 86
74 86
75 86
79 86
81 86
86 86
89 86
90 86
91 86
93 86
94 86
95 86
97 86
99 86
3 87
5 87
11 87
14 87
15 87
18 87
19 87
20 87
21 87
23 87
24 87
27 87
28 87
30 87
35 87
38 87
39 87
40 87
43 87
44 87
48 87
50 87
52 87
56 87
62 87
63 87
64 87
66 87
67 87
69 87
71 87
78 87
80 87
81 87
82 87
84 87
88 87
90 87
92 87
93 87
94 87
96 87
97 87
98 87
99 87
100 87
1 88
2 88
3 88
5 88
7 88
8 88
10 88
11 88
13 88
16 88
19 88
21 88
22 88
24 88
25 88
26 88
29 88
31 88
32 88
34 88
35 88
37 88
38 88
42 88
43 88
44 88
45 88
47 88
49 88
50 88
53 88
54 88
55 88
56 88
57 88
60 88
61 88
62 88
63 88
64 88
65 88
66 88
68 88
69 88
71 88
72 88
73 88
75 88
76 88
77 88
80 88
82 88
88 88
89 88
90 88
97 88
98 88
99 88
2 89
3 89
6 89
8 89
9 89
11 89
14 89
16 89
22 89
24 89
25 89
27 89
28 89
29 89
32 89
33 89
34 89
38 89
39 89
41 89
43 89
44 89
52 89
53 89
56 89
57 89
60 89
62 89
63 89
66 89
67 89
68 89
70 89
76 89
77 89
79 89
81 89
83 89
84 89
85 89
86 89
88 89
93 89
95 89
98 89
100 89
1 90
2 90
4 90
6 90
10 90
11 90
12 90
13 90
15 90
17 90
18 90
19 90
20 90
21 90
24 90
28 90
29 90
30 90
35 90
36 90
38 90
40 90
41 90
43 90
44 90
45 90
46 90
48 90
50 90
54 90
55 90
58 90
59 90
60 90
61 90
66 90
69 90
76 90
78 90
79 90
80 90
83 90
84 90
86 90
87 90
88 90
96 90
97 90
4 91
5 91
7 91
10 91
13 91
17 91
18 91
19 91
22 91
23 91
24 91
25 91
29 91
31 91
33 91
34 91
35 91
36 91
37 91
38 91
40 91
41 91
45 91
46 91
48 91
49 91
50 91
51 91
54 91
57 91
59 91
63 91
65 91
66 91
67 91
70 91
71 91
73 91
75 91
77 91
80 91
85 91
86 91
87 91
88 91
89 91
90 91
91 91
95 91
97 91
98 91
99 91
100 91
1 92
2 92
4 92
6 92
8 92
9 92
10 92
11 92
12 92
14 92
15 92
16 92
17 92
18 92
19 92
20 92
21 92
23 92
30 92
31 92
32 92
33 92
34 92
35 92
37 92
38 92
40 92
45 92
48 92
49 92
52 92
53 92
57 92
59 92
63 92
65 92
68 92
69 92
71 92
72 92
75 92
76 92
77 92
80 92
82 92
85 92
88 92
90 92
96 92
99 92
100 92
1 93
2 93
3 93
4 93
8 93
9 93
10 93
22 93
23 93
24 93
25 93
27 93
28 93
29 93
30 93
31 93
34 93
36 93
38 93
40 93
42 93
44 93
45 93
46 93
47 93
48 93
49 93
50 93
52 93
56 93
58 93
60 93
62 93
65 93
67 93
68 93
70 93
73 93
74 93
75 93
77 93
78 93
81 93
82 93
83 93
84 93
85 93
89 93
91 93
94 93
100 93
1 94
2 94
5 94
8 94
10 94
17 94
18 94
20 94
22 94
23 94
24 94
25 94
27 94
36 94
37 94
41 94
43 94
45 94
47 94
49 94
53 94
54 94
57 94
59 94
61 94
63 94
64 94
67 94
68 94
69 94
70 94
72 94
73 94
77 94
79 94
87 94
90 94
94 94
96 94
1 95
2 95
5 95
7 95
8 95
9 95
11 95
15 95
21 95
24 95
31 95
32 95
34 95
35 95
36 95
37 95
40 95
42 95
47 95
48 95
50 95
52 95
53 95
54 95
55 95
56 95
59 95
62 95
63 95
65 95
66 95
68 95
72 95
74 95
78 95
80 95
82 95
89 95
90 95
91 95
99 95
3 96
4 96
5 96
7 96
8 96
9 96
11 96
12 96
13 96
14 96
15 96
16 96
17 96
18 96
20 96
21 96
22 96
23 96
25 96
27 96
28 96
31 96
33 96
34 96
35 96
37 96
38 96
41 96
42 96
44 96
45 96
47 96
48 96
50 96
53 96
54 96
56 96
57 96
60 96
62 96
64 96
65 96
66 96
68 96
69 96
75 96
77 96
79 96
80 96
83 96
84 96
88 96
90 96
91 96
92 96
95 96
96 96
3 97
4 97
6 97
7 97
8 97
10 97
11 97
14 97
16 97
20 97
22 97
23 97
24 97
25 97
26 97
27 97
29 97
30 97
31 97
33 97
35 97
37 97
39 97
40 97
43 97
45 97
47 97
49 97
51 97
54 97
55 97
58 97
59 97
60 97
61 97
62 97
65 97
68 97
76 97
78 97
79 97
83 97
85 97
88 97
89 97
91 97
93 97
94 97
97 97
98 97
99 97
100 97
1 98
3 98
4 98
6 98
7 98
9 98
12 98
13 98
14 98
15 98
16 98
17 98
18 98
20 98
25 98
27 98
28 98
30 98
37 98
39 98
42 98
45 98
47 98
48 98
50 98
51 98
52 98
53 98
54 98
56 98
57 98
59 98
61 98
62 98
64 98
65 98
67 98
68 98
69 98
70 98
72 98
75 98
81 98
84 98
85 98
86 98
89 98
90 98
93 98
94 98
95 98
99 98
3 99
8 99
12 99
14 99
15 99
17 99
21 99
26 99
27 99
28 99
29 99
30 99
31 99
32 99
33 99
34 99
35 99
36 99
39 99
44 99
46 99
52 99
53 99
55 99
56 99
58 99
59 99
65 99
66 99
67 99
70 99
74 99
76 99
81 99
86 99
89 99
90 99
92 99
93 99
94 99
96 99
99 99
100 99
2 100
3 100
4 100
5 100
8 100
10 100
12 100
13 100
14 100
17 100
18 100
21 100
22 100
31 100
33 100
37 100
38 100
41 100
43 100
45 100
46 100
48 100
49 100
51 100
52 100
53 100
56 100
59 100
64 100
68 100
70 100
75 100
77 100
80 100
81 100
82 100
83 100
85 100
87 100
88 100
90 100
92 100
96 100
97 100
98 100
