100
1 1
2 1
3 1
5 1
6 1
9 1
10 1
12 1
16 1
17 1
20 1
25 1
27 1
29 1
30 1
36 1
38 1
41 1
42 1
43 1
44 1
49 1
51 1
52 1
55 1
58 1
59 1
60 1
61 1
63 1
64 1
65 1
66 1
67 1
69 1
70 1
72 1
73 1
74 1
76 1
79 1
81 1
82 1
83 1
87 1
88 1
90 1
92 1
3 2
6 2
7 2
9 2
13 2
15 2
16 2
20 2
21 2
22 2
23 2
28 2
30 2
32 2
36 2
37 2
38 2
40 2
41 2
43 2
45 2
46 2
48 2
49 2
52 2
56 2
57 2
58 2
59 2
60 2
63 2
64 2
66 2
67 2
69 2
70 2
73 2
75 2
77 2
78 2
79 2
81 2
85 2
87 2
90 2
92 2
94 2
95 2
96 2
98 2
99 2
100 2
3 3
5 3
6 3
8 3
13 3
14 3
15 3
16 3
17 3
19 3
20 3
22 3
23 3
24 3
25 3
26 3
27 3
28 3
34 3
35 3
38 3
41 3
42 3
43 3
44 3
45 3
48 3
49 3
52 3
54 3
56 3
57 3
58 3
59 3
60 3
63 3
65 3
67 3
68 3
76 3
78 3
80 3
82 3
83 3
90 3
92 3
95 3
96 3
98 3
100 3
1 4
2 4
3 4
5 4
7 4
8 4
9 4
10 4
11 4
13 4
16 4
17 4
22 4
26 4
28 4
29 4
30 4
32 4
34 4
37 4
38 4
39 4
43 4
44 4
50 4
51 4
54 4
56 4
61 4
62 4
63 4
65 4
68 4
69 4
70 4
71 4
72 4
75 4
76 4
77 4
82 4
83 4
84 4
86 4
91 4
93 4
97 4
98 4
99 4
1 5
3 5
6 5
8 5
10 5
11 5
12 5
15 5
17 5
18 5
19 5
20 5
21 5
22 5
26 5
27 5
28 5
30 5
32 5
33 5
34 5
35 5
38 5
39 5
47 5
49 5
51 5
52 5
53 5
54 5
55 5
56 5
57 5
59 5
60 5
63 5
64 5
65 5
66 5
67 5
69 5
72 5
76 5
78 5
79 5
80 5
81 5
83 5
84 5
85 5
86 5
88 5
93 5
94 5
97 5
98 5
99 5
100 5
2 6
4 6
7 6
8 6
10 6
11 6
12 6
13 6
14 6
16 6
19 6
21 6
22 6
23 6
24 6
25 6
26 6
28 6
30 6
31 6
32 6
34 6
37 6
38 6
39 6
41 6
42 6
45 6
50 6
52 6
53 6
54 6
56 6
58 6
59 6
60 6
61 6
62 6
65 6
67 6
68 6
70 6
71 6
72 6
73 6
74 6
75 6
76 6
78 6
79 6
80 6
81 6
82 6
84 6
87 6
89 6
90 6
91 6
92 6
94 6
97 6
98 6
99 6
100 6
2 7
5 7
6 7
7 7
8 7
10 7
12 7
13 7
15 7
17 7
18 7
19 7
20 7
21 7
24 7
25 7
27 7
28 7
29 7
32 7
33 7
34 7
36 7
37 7
39 7
40 7
41 7
43 7
44 7
48 7
49 7
50 7
52 7
54 7
57 7
59 7
60 7
62 7
63 7
64 7
65 7
68 7
71 7
73 7
75 7
76 7
77 7
79 7
80 7
82 7
84 7
85 7
89 7
90 7
94 7
96 7
98 7
100 7
1 8
3 8
5 8
6 8
7 8
10 8
12 8
13 8
15 8
16 8
19 8
20 8
22 8
24 8
25 8
26 8
27 8
28 8
29 8
31 8
33 8
34 8
35 8
36 8
37 8
39 8
43 8
45 8
46 8
48 8
51 8
53 8
55 8
56 8
59 8
60 8
61 8
62 8
63 8
64 8
65 8
66 8
67 8
68 8
71 8
72 8
73 8
75 8
76 8
78 8
79 8
80 8
81 8
82 8
83 8
84 8
89 8
91 8
92 8
93 8
95 8
97 8
98 8
99 8
100 8
1 9
2 9
3 9
4 9
6 9
8 9
13 9
14 9
19 9
20 9
22 9
25 9
26 9
27 9
28 9
29 9
32 9
33 9
34 9
35 9
37 9
38 9
41 9
44 9
51 9
52 9
53 9
56 9
57 9
58 9
59 9
60 9
61 9
62 9
64 9
66 9
69 9
70 9
71 9
72 9
76 9
77 9
78 9
80 9
84 9
86 9
87 9
88 9
89 9
91 9
93 9
94 9
96 9
97 9
99 9
100 9
2 10
4 10
5 10
7 10
8 10
11 10
14 10
15 10
16 10
17 10
18 10
20 10
22 10
24 10
26 10
28 10
30 10
31 10
36 10
37 10
40 10
41 10
42 10
43 10
44 10
45 10
48 10
49 10
52 10
54 10
55 10
56 10
59 10
62 10
63 10
64 10
65 10
66 10
69 10
70 10
71 10
72 10
76 10
80 10
82 10
83 10
88 10
89 10
91 10
92 10
93 10
95 10
98 10
8 11
11 11
13 11
14 11
15 11
16 11
22 11
24 11
27 11
28 11
29 11
30 11
34 11
36 11
41 11
43 11
44 11
45 11
48 11
49 11
50 11
52 11
56 11
59 11
63 11
66 11
68 11
70 11
73 11
76 11
77 11
78 11
80 11
85 11
86 11
87 11
88 11
90 11
91 11
95 11
100 11
2 12
4 12
5 12
6 12
9 12
10 12
12 12
13 12
17 12
18 12
19 12
22 12
26 12
27 12
28 12
29 12
32 12
33 12
38 12
40 12
42 12
43 12
44 12
45 12
46 12
50 12
51 12
52 12
53 12
54 12
55 12
56 12
58 12
59 12
65 12
68 12
69 12
70 12
72 12
74 12
76 12
77 12
78 12
80 12
82 12
84 12
85 12
86 12
91 12
92 12
93 12
97 12
98 12
99 12
100 12
2 13
6 13
11 13
15 13
16 13
18 13
19 13
21 13
22 13
25 13
26 13
30 13
32 13
35 13
37 13
40 13
41 13
45 13
47 13
49 13
52 13
54 13
55 13
56 13
62 13
66 13
69 13
70 13
71 13
72 13
74 13
80 13
81 13
83 13
85 13
86 13
87 13
90 13
92 13
93 13
94 13
4 14
7 14
8 14
9 14
11 14
12 14
13 14
16 14
18 14
20 14
22 14
23 14
24 14
26 14
28 14
30 14
32 14
34 14
36 14
37 14
38 14
39 14
42 14
43 14
44 14
47 14
48 14
50 14
51 14
52 14
53 14
54 14
56 14
60 14
66 14
69 14
71 14
72 14
74 14
79 14
81 14
85 14
86 14
91 14
92 14
94 14
95 14
97 14
99 14
1 15
3 15
4 15
8 15
9 15
10 15
13 15
17 15
19 15
22 15
24 15
30 15
36 15
40 15
44 15
45 15
49 15
50 15
51 15
54 15
56 15
58 15
59 15
60 15
61 15
67 15
70 15
83 15
84 15
85 15
86 15
89 15
91 15
94 15
95 15
96 15
98 15
99 15
2 16
3 16
4 16
6 16
8 16
9 16
10 16
11 16
15 16
19 16
20 16
23 16
24 16
26 16
27 16
28 16
32 16
34 16
40 16
44 16
45 16
46 16
47 16
48 16
49 16
51 16
52 16
54 16
59 16
63 16
64 16
66 16
67 16
71 16
72 16
73 16
79 16
81 16
83 16
84 16
89 16
91 16
92 16
93 16
96 16
6 17
7 17
10 17
12 17
16 17
17 17
18 17
22 17
25 17
26 17
29 17
30 17
32 17
35 17
39 17
40 17
41 17
42 17
43 17
44 17
51 17
53 17
54 17
55 17
56 17
57 17
58 17
60 17
61 17
62 17
65 17
67 17
70 17
71 17
72 17
73 17
78 17
81 17
82 17
83 17
84 17
89 17
90 17
93 17
98 17
99 17
100 17
1 18
3 18
4 18
5 18
6 18
7 18
8 18
9 18
11 18
12 18
14 18
15 18
16 18
18 18
19 18
22 18
26 18
28 18
30 18
31 18
33 18
38 18
39 18
40 18
43 18
44 18
45 18
47 18
49 18
51 18
52 18
53 18
61 18
63 18
66 18
67 18
69 18
70 18
71 18
72 18
73 18
75 18
79 18
82 18
85 18
86 18
87 18
88 18
94 18
96 18
97 18
100 18
1 19
2 19
3 19
5 19
6 19
10 19
11 19
14 19
15 19
16 19
20 19
22 19
23 19
26 19
27 19
29 19
31 19
32 19
34 19
35 19
37 19
39 19
40 19
42 19
45 19
48 19
49 19
50 19
51 19
52 19
54 19
55 19
56 19
57 19
59 19
60 19
62 19
63 19
65 19
66 19
69 19
72 19
74 19
81 19
82 19
83 19
85 19
86 19
88 19
89 19
96 19
97 19
100 19
1 20
3 20
7 20
10 20
15 20
16 20
18 20
19 20
20 20
21 20
23 20
24 20
25 20
26 20
29 20
30 20
31 20
32 20
33 20
34 20
35 20
37 20
39 20
40 20
43 20
48 20
50 20
53 20
55 20
56 20
57 20
60 20
61 20
63 20
66 20
69 20
70 20
71 20
73 20
74 20
83 20
84 20
85 20
87 20
91 20
94 20
96 20
97 20
100 20
1 21
3 21
5 21
8 21
9 21
17 21
18 21
20 21
21 21
22 21
26 21
28 21
29 21
31 21
33 21
35 21
36 21
38 21
39 21
40 21
43 21
45 21
48 21
49 21
50 21
51 21
52 21
54 21
55 21
57 21
59 21
60 21
63 21
67 21
69 21
72 21
73 21
75 21
76 21
77 21
79 21
83 21
85 21
87 21
91 21
93 21
94 21
96 21
1 22
4 22
5 22
6 22
10 22
13 22
14 22
15 22
17 22
18 22
19 22
20 22
23 22
25 22
27 22
28 22
29 22
32 22
33 22
34 22
35 22
39 22
40 22
42 22
43 22
44 22
45 22
46 22
49 22
50 22
52 22
54 22
55 22
57 22
58 22
61 22
62 22
67 22
69 22
71 22
73 22
74 22
82 22
86 22
90 22
91 22
93 22
94 22
98 22
99 22
100 22
1 23
2 23
3 23
5 23
6 23
8 23
9 23
11 23
14 23
16 23
17 23
18 23
20 23
23 23
24 23
25 23
26 23
28 23
29 23
30 23
32 23
33 23
34 23
36 23
37 23
41 23
43 23
45 23
50 23
54 23
55 23
56 23
58 23
59 23
63 23
66 23
67 23
68 23
69 23
71 23
72 23
73 23
76 23
77 23
79 23
87 23
89 23
90 23
92 23
94 23
95 23
97 23
99 23
3 24
7 24
12 24
14 24
17 24
18 24
19 24
20 24
21 24
24 24
25 24
26 24
28 24
31 24
33 24
34 24
35 24
36 24
37 24
42 24
43 24
45 24
46 24
49 24
51 24
52 24
53 24
57 24
58 24
59 24
61 24
62 24
67 24
68 24
70 24
72 24
73 24
75 24
76 24
77 24
78 24
80 24
83 24
85 24
86 24
87 24
88 24
89 24
90 24
94 24
95 24
98 24
99 24
1 25
4 25
7 25
8 25
9 25
10 25
14 25
17 25
19 25
20 25
21 25
23 25
24 25
27 25
29 25
30 25
37 25
39 25
44 25
51 25
52 25
56 25
58 25
60 25
65 25
66 25
69 25
71 25
73 25
74 25
77 25
79 25
81 25
82 25
86 25
87 25
89 25
92 25
94 25
97 25
99 25
100 25
2 26
5 26
10 26
11 26
15 26
16 26
19 26
21 26
27 26
32 26
35 26
37 26
39 26
42 26
45 26
46 26
47 26
48 26
49 26
50 26
58 26
61 26
62 26
67 26
68 26
69 26
70 26
71 26
72 26
75 26
77 26
78 26
82 26
83 26
86 26
90 26
91 26
92 26
93 26
95 26
96 26
97 26
98 26
1 27
2 27
3 27
4 27
6 27
7 27
8 27
9 27
10 27
11 27
12 27
14 27
15 27
16 27
19 27
21 27
23 27
26 27
27 27
28 27
29 27
31 27
33 27
35 27
41 27
42 27
43 27
45 27
48 27
49 27
50 27
51 27
52 27
54 27
55 27
57 27
58 27
59 27
61 27
63 27
65 27
66 27
67 27
68 27
69 27
70 27
71 27
73 27
75 27
77 27
78 27
80 27
81 27
83 27
84 27
85 27
86 27
87 27
90 27
91 27
93 27
94 27
99 27
100 27
1 28
7 28
10 28
13 28
14 28
15 28
16 28
18 28
20 28
21 28
23 28
24 28
25 28
27 28
28 28
31 28
33 28
38 28
39 28
40 28
42 28
50 28
51 28
52 28
53 28
54 28
61 28
62 28
63 28
66 28
67 28
68 28
69 28
73 28
74 28
83 28
84 28
92 28
93 28
94 28
96 28
98 28
99 28
2 29
4 29
5 29
7 29
9 29
11 29
12 29
13 29
14 29
15 29
17 29
19 29
20 29
21 29
23 29
25 29
27 29
28 29
30 29
32 29
33 29
35 29
36 29
37 29
38 29
40 29
41 29
44 29
45 29
46 29
47 29
48 29
49 29
52 29
53 29
54 29
55 29
56 29
57 29
61 29
62 29
63 29
64 29
65 29
66 29
67 29
69 29
73 29
76 29
77 29
79 29
81 29
85 29
86 29
87 29
90 29
92 29
93 29
100 29
1 30
4 30
6 30
9 30
11 30
12 30
13 30
14 30
15 30
16 30
17 30
19 30
22 30
24 30
26 30
27 30
28 30
29 30
31 30
33 30
34 30
38 30
40 30
41 30
42 30
46 30
48 30
49 30
51 30
54 30
56 30
57 30
60 30
61 30
62 30
63 30
66 30
69 30
70 30
71 30
75 30
76 30
78 30
85 30
86 30
87 30
88 30
90 30
92 30
94 30
96 30
97 30
99 30
100 30
5 31
9 31
10 31
15 31
20 31
24 31
25 31
28 31
29 31
33 31
35 31
37 31
38 31
39 31
41 31
45 31
46 31
47 31
48 31
50 31
53 31
54 31
58 31
61 31
63 31
64 31
66 31
67 31
69 31
71 31
72 31
73 31
74 31
77 31
78 31
79 31
80 31
82 31
83 31
86 31
87 31
90 31
91 31
93 31
95 31
96 31
97 31
1 32
4 32
6 32
9 32
10 32
11 32
13 32
14 32
15 32
16 32
17 32
19 32
20 32
22 32
23 32
27 32
28 32
29 32
30 32
31 32
33 32
35 32
36 32
38 32
39 32
42 32
44 32
45 32
51 32
52 32
53 32
55 32
59 32
60 32
63 32
64 32
66 32
69 32
70 32
71 32
72 32
73 32
76 32
77 32
78 32
81 32
83 32
84 32
88 32
89 32
94 32
95 32
96 32
99 32
100 32
2 33
3 33
9 33
10 33
11 33
12 33
14 33
18 33
21 33
22 33
23 33
24 33
27 33
29 33
31 33
35 33
36 33
37 33
38 33
41 33
43 33
44 33
45 33
47 33
49 33
50 33
53 33
54 33
56 33
57 33
58 33
62 33
63 33
65 33
70 33
71 33
74 33
75 33
78 33
80 33
84 33
87 33
88 33
89 33
90 33
91 33
92 33
93 33
94 33
99 33
1 34
2 34
3 34
4 34
5 34
8 34
9 34
11 34
13 34
16 34
17 34
20 34
21 34
22 34
23 34
24 34
25 34
26 34
30 34
31 34
34 34
35 34
36 34
37 34
39 34
41 34
42 34
43 34
45 34
48 34
49 34
51 34
57 34
60 34
61 34
65 34
66 34
67 34
69 34
71 34
72 34
76 34
77 34
80 34
81 34
82 34
84 34
86 34
87 34
89 34
92 34
95 34
96 34
97 34
98 34
100 34
4 35
5 35
7 35
8 35
10 35
11 35
14 35
15 35
16 35
17 35
22 35
23 35
28 35
29 35
31 35
37 35
40 35
41 35
48 35
49 35
50 35
54 35
56 35
58 35
59 35
67 35
71 35
73 35
74 35
76 35
77 35
78 35
79 35
83 35
84 35
85 35
86 35
89 35
90 35
91 35
92 35
94 35
95 35
96 35
98 35
2 36
8 36
9 36
10 36
11 36
12 36
15 36
17 36
21 36
22 36
23 36
24 36
26 36
27 36
28 36
30 36
37 36
40 36
41 36
45 36
49 36
51 36
55 36
57 36
58 36
59 36
60 36
63 36
65 36
66 36
67 36
68 36
69 36
70 36
72 36
73 36
74 36
76 36
78 36
79 36
82 36
87 36
88 36
91 36
94 36
96 36
98 36
99 36
2 37
4 37
8 37
10 37
13 37
14 37
16 37
17 37
20 37
25 37
26 37
29 37
31 37
32 37
34 37
36 37
39 37
40 37
42 37
43 37
44 37
47 37
49 37
50 37
52 37
53 37
54 37
55 37
56 37
57 37
60 37
63 37
64 37
68 37
70 37
71 37
76 37
79 37
81 37
82 37
84 37
85 37
88 37
89 37
91 37
96 37
98 37
99 37
100 37
3 38
4 38
6 38
12 38
14 38
16 38
17 38
21 38
22 38
23 38
24 38
26 38
27 38
32 38
33 38
34 38
36 38
39 38
40 38
42 38
43 38
44 38
46 38
47 38
48 38
49 38
54 38
56 38
57 38
58 38
60 38
62 38
64 38
65 38
66 38
68 38
70 38
71 38
75 38
78 38
79 38
83 38
86 38
88 38
89 38
91 38
93 38
94 38
97 38
100 38
2 39
4 39
8 39
9 39
10 39
11 39
12 39
13 39
14 39
16 39
17 39
22 39
24 39
25 39
28 39
32 39
35 39
37 39
39 39
40 39
41 39
43 39
44 39
45 39
46 39
48 39
49 39
50 39
51 39
52 39
53 39
55 39
58 39
61 39
68 39
70 39
75 39
77 39
78 39
79 39
80 39
81 39
85 39
86 39
87 39
88 39
90 39
91 39
92 39
94 39
96 39
97 39
1 40
5 40
8 40
11 40
12 40
13 40
17 40
18 40
19 40
22 40
24 40
25 40
26 40
32 40
33 40
37 40
38 40
43 40
45 40
48 40
49 40
50 40
52 40
53 40
55 40
58 40
59 40
60 40
64 40
66 40
68 40
69 40
70 40
72 40
74 40
75 40
78 40
79 40
81 40
83 40
84 40
85 40
86 40
90 40
91 40
93 40
94 40
96 40
98 40
1 41
2 41
3 41
5 41
8 41
10 41
11 41
12 41
14 41
16 41
18 41
22 41
23 41
26 41
31 41
33 41
34 41
36 41
40 41
41 41
43 41
44 41
46 41
52 41
54 41
55 41
58 41
59 41
60 41
63 41
65 41
69 41
71 41
73 41
74 41
76 41
77 41
80 41
82 41
87 41
88 41
89 41
90 41
91 41
93 41
96 41
98 41
99 41
100 41
6 42
8 42
11 42
12 42
14 42
15 42
16 42
17 42
20 42
21 42
22 42
25 42
26 42
27 42
29 42
30 42
31 42
32 42
37 42
40 42
41 42
42 42
45 42
48 42
49 42
52 42
53 42
60 42
62 42
64 42
68 42
71 42
72 42
74 42
75 42
76 42
78 42
80 42
83 42
85 42
86 42
91 42
93 42
98 42
4 43
5 43
6 43
8 43
9 43
12 43
14 43
15 43
17 43
19 43
20 43
21 43
22 43
24 43
25 43
26 43
28 43
29 43
31 43
32 43
34 43
35 43
37 43
48 43
50 43
52 43
53 43
54 43
55 43
56 43
59 43
64 43
65 43
67 43
68 43
72 43
73 43
75 43
76 43
78 43
79 43
81 43
84 43
86 43
87 43
88 43
90 43
93 43
94 43
95 43
98 43
1 44
2 44
3 44
4 44
6 44
7 44
9 44
11 44
16 44
21 44
26 44
28 44
29 44
32 44
33 44
36 44
38 44
39 44
40 44
43 44
44 44
47 44
49 44
50 44
51 44
57 44
59 44
61 44
65 44
68 44
69 44
71 44
72 44
76 44
77 44
78 44
79 44
81 44
82 44
83 44
85 44
86 44
87 44
90 44
91 44
92 44
93 44
97 44
98 44
99 44
1 45
3 45
4 45
8 45
9 45
10 45
12 45
14 45
19 45
21 45
23 45
24 45
25 45
28 45
29 45
32 45
35 45
37 45
39 45
40 45
41 45
42 45
43 45
47 45
50 45
52 45
55 45
57 45
58 45
59 45
60 45
62 45
63 45
65 45
66 45
67 45
68 45
69 45
71 45
72 45
74 45
76 45
77 45
82 45
85 45
86 45
91 45
97 45
99 45
100 45
2 46
13 46
14 46
16 46
17 46
18 46
22 46
23 46
28 46
29 46
31 46
34 46
35 46
39 46
40 46
42 46
43 46
45 46
48 46
49 46
50 46
51 46
54 46
57 46
59 46
62 46
63 46
65 46
66 46
67 46
68 46
69 46
71 46
73 46
74 46
75 46
76 46
80 46
82 46
83 46
84 46
86 46
87 46
88 46
89 46
90 46
91 46
96 46
100 46
1 47
3 47
5 47
6 47
8 47
10 47
13 47
15 47
16 47
17 47
18 47
20 47
23 47
26 47
27 47
28 47
31 47
34 47
38 47
39 47
41 47
42 47
43 47
44 47
49 47
52 47
57 47
58 47
59 47
61 47
62 47
63 47
64 47
65 47
66 47
67 47
69 47
72 47
74 47
80 47
81 47
82 47
83 47
85 47
86 47
87 47
91 47
92 47
94 47
95 47
96 47
98 47
1 48
3 48
4 48
6 48
7 48
8 48
10 48
12 48
16 48
18 48
19 48
21 48
22 48
23 48
24 48
27 48
30 48
32 48
33 48
34 48
35 48
36 48
37 48
40 48
41 48
42 48
44 48
45 48
46 48
48 48
49 48
50 48
52 48
54 48
56 48
58 48
63 48
65 48
66 48
71 48
73 48
76 48
77 48
78 48
88 48
89 48
90 48
94 48
95 48
5 49
8 49
9 49
12 49
14 49
16 49
17 49
21 49
24 49
25 49
26 49
28 49
30 49
31 49
33 49
36 49
37 49
38 49
39 49
41 49
42 49
43 49
44 49
46 49
47 49
51 49
55 49
57 49
60 49
63 49
64 49
68 49
69 49
70 49
71 49
74 49
75 49
76 49
80 49
86 49
87 49
90 49
91 49
93 49
96 49
97 49
98 49
99 49
100 49
2 50
3 50
4 50
5 50
10 50
11 50
12 50
13 50
14 50
17 50
18 50
21 50
22 50
25 50
26 50
27 50
28 50
29 50
30 50
32 50
33 50
35 50
37 50
39 50
42 50
44 50
47 50
48 50
51 50
53 50
54 50
55 50
56 50
58 50
59 50
61 50
62 50
67 50
69 50
70 50
71 50
73 50
74 50
78 50
83 50
85 50
88 50
91 50
94 50
96 50
97 50
100 50
4 51
5 51
7 51
8 51
12 51
13 51
16 51
17 51
22 51
23 51
27 51
29 51
30 51
33 51
34 51
35 51
37 51
41 51
43 51
46 51
47 51
48 51
53 51
54 51
56 51
57 51
59 51
64 51
67 51
74 51
75 51
77 51
78 51
81 51
82 51
83 51
88 51
89 51
90 51
91 51
93 51
95 51
96 51
98 51
1 52
2 52
4 52
5 52
6 52
7 52
12 52
14 52
15 52
16 52
18 52
20 52
21 52
22 52
24 52
29 52
30 52
33 52
35 52
37 52
41 52
42 52
47 52
48 52
50 52
51 52
55 52
58 52
59 52
60 52
65 52
67 52
68 52
70 52
74 52
75 52
76 52
79 52
81 52
85 52
86 52
87 52
90 52
91 52
92 52
93 52
94 52
95 52
98 52
1 53
2 53
4 53
6 53
7 53
16 53
17 53
24 53
25 53
26 53
27 53
28 53
31 53
36 53
39 53
42 53
43 53
44 53
45 53
46 53
47 53
48 53
49 53
50 53
51 53
53 53
54 53
57 53
62 53
65 53
66 53
69 53
73 53
74 53
76 53
78 53
80 53
83 53
84 53
85 53
86 53
87 53
89 53
93 53
97 53
98 53
99 53
2 54
5 54
7 54
9 54
10 54
11 54
13 54
14 54
16 54
17 54
25 54
29 54
30 54
32 54
33 54
34 54
36 54
40 54
41 54
42 54
43 54
46 54
47 54
48 54
49 54
50 54
53 54
55 54
56 54
63 54
65 54
66 54
67 54
69 54
70 54
71 54
73 54
74 54
75 54
79 54
82 54
83 54
84 54
85 54
87 54
89 54
90 54
92 54
94 54
95 54
96 54
97 54
98 54
1 55
2 55
3 55
6 55
11 55
13 55
17 55
18 55
19 55
20 55
21 55
22 55
25 55
26 55
28 55
32 55
33 55
35 55
39 55
40 55
42 55
44 55
48 55
51 55
54 55
57 55
59 55
63 55
64 55
67 55
68 55
71 55
72 55
73 55
74 55
77 55
80 55
82 55
83 55
84 55
85 55
86 55
88 55
90 55
91 55
92 55
93 55
94 55
96 55
97 55
98 55
99 55
2 56
7 56
8 56
9 56
11 56
12 56
17 56
23 56
25 56
27 56
28 56
30 56
34 56
36 56
37 56
38 56
39 56
41 56
43 56
44 56
47 56
48 56
51 56
52 56
54 56
55 56
56 56
60 56
61 56
62 56
63 56
64 56
65 56
67 56
69 56
70 56
71 56
76 56
78 56
79 56
80 56
81 56
82 56
84 56
85 56
87 56
88 56
90 56
92 56
95 56
96 56
97 56
98 56
100 56
3 57
4 57
6 57
12 57
15 57
20 57
21 57
22 57
23 57
25 57
26 57
27 57
28 57
29 57
30 57
31 57
32 57
33 57
35 57
37 57
38 57
41 57
43 57
44 57
45 57
46 57
48 57
50 57
54 57
58 57
59 57
60 57
66 57
68 57
69 57
70 57
71 57
72 57
75 57
77 57
78 57
80 57
82 57
83 57
84 57
85 57
86 57
88 57
89 57
90 57
92 57
93 57
98 57
100 57
1 58
2 58
8 58
9 58
10 58
12 58
16 58
19 58
22 58
23 58
27 58
29 58
34 58
35 58
36 58
37 58
40 58
41 58
42 58
47 58
51 58
52 58
53 58
55 58
56 58
57 58
61 58
62 58
64 58
66 58
67 58
71 58
72 58
74 58
77 58
78 58
80 58
82 58
85 58
86 58
88 58
92 58
96 58
97 58
100 58
1 59
4 59
5 59
6 59
8 59
9 59
16 59
17 59
19 59
21 59
22 59
24 59
25 59
26 59
27 59
31 59
32 59
33 59
34 59
36 59
37 59
38 59
39 59
44 59
45 59
50 59
52 59
53 59
55 59
56 59
61 59
64 59
68 59
69 59
70 59
72 59
74 59
75 59
76 59
77 59
79 59
80 59
81 59
84 59
88 59
89 59
90 59
91 59
92 59
93 59
94 59
95 59
1 60
2 60
3 60
6 60
7 60
8 60
11 60
12 60
13 60
16 60
17 60
18 60
19 60
20 60
24 60
25 60
26 60
27 60
29 60
34 60
38 60
39 60
40 60
41 60
42 60
43 60
44 60
45 60
49 60
50 60
51 60
54 60
55 60
56 60
57 60
61 60
72 60
74 60
76 60
79 60
80 60
83 60
88 60
90 60
92 60
95 60
96 60
100 60
3 61
5 61
6 61
12 61
14 61
15 61
17 61
18 61
21 61
22 61
26 61
27 61
28 61
36 61
38 61
39 61
40 61
41 61
42 61
45 61
46 61
51 61
57 61
58 61
59 61
60 61
62 61
64 61
66 61
67 61
68 61
69 61
72 61
74 61
75 61
76 61
78 61
81 61
82 61
87 61
92 61
93 61
94 61
96 61
97 61
99 61
1 62
2 62
3 62
4 62
11 62
12 62
14 62
16 62
17 62
18 62
19 62
20 62
21 62
23 62
24 62
25 62
27 62
28 62
29 62
30 62
31 62
38 62
42 62
45 62
47 62
48 62
52 62
53 62
55 62
57 62
58 62
60 62
61 62
62 62
67 62
68 62
71 62
73 62
74 62
76 62
78 62
79 62
82 62
88 62
94 62
97 62
100 62
1 63
2 63
5 63
7 63
8 63
10 63
12 63
14 63
16 63
17 63
18 63
19 63
20 63
22 63
24 63
26 63
30 63
31 63
32 63
33 63
34 63
35 63
36 63
38 63
40 63
41 63
43 63
44 63
47 63
48 63
51 63
53 63
54 63
57 63
60 63
63 63
65 63
66 63
67 63
69 63
70 63
72 63
73 63
77 63
79 63
81 63
83 63
84 63
87 63
89 63
91 63
92 63
96 63
97 63
99 63
1 64
2 64
4 64
5 64
9 64
13 64
16 64
17 64
19 64
20 64
21 64
25 64
26 64
27 64
34 64
36 64
38 64
41 64
48 64
51 64
52 64
53 64
59 64
61 64
62 64
63 64
64 64
65 64
66 64
69 64
71 64
72 64
74 64
75 64
77 64
79 64
81 64
84 64
85 64
86 64
87 64
89 64
91 64
92 64
93 64
94 64
95 64
97 64
1 65
2 65
4 65
8 65
9 65
10 65
11 65
12 65
17 65
19 65
21 65
22 65
23 65
24 65
26 65
27 65
29 65
32 65
33 65
36 65
37 65
40 65
42 65
44 65
45 65
47 65
48 65
49 65
50 65
52 65
53 65
54 65
55 65
56 65
58 65
59 65
62 65
64 65
68 65
73 65
74 65
75 65
76 65
79 65
80 65
82 65
86 65
87 65
90 65
91 65
92 65
98 65
100 65
4 66
6 66
11 66
12 66
13 66
14 66
15 66
16 66
17 66
18 66
20 66
22 66
23 66
24 66
26 66
27 66
29 66
32 66
34 66
35 66
38 66
41 66
46 66
52 66
53 66
54 66
55 66
57 66
59 66
61 66
62 66
63 66
66 66
68 66
69 66
70 66
71 66
72 66
73 66
75 66
77 66
83 66
84 66
85 66
86 66
89 66
91 66
92 66
93 66
94 66
95 66
97 66
99 66
1 67
3 67
5 67
6 67
7 67
10 67
11 67
12 67
14 67
15 67
16 67
20 67
21 67
22 67
25 67
29 67
32 67
33 67
40 67
42 67
43 67
44 67
45 67
48 67
53 67
54 67
55 67
56 67
59 67
60 67
71 67
74 67
75 67
76 67
77 67
83 67
85 67
87 67
89 67
91 67
94 67
98 67
1 68
2 68
3 68
5 68
6 68
9 68
10 68
12 68
13 68
14 68
15 68
16 68
18 68
20 68
21 68
22 68
23 68
24 68
32 68
35 68
36 68
38 68
39 68
43 68
44 68
46 68
48 68
49 68
51 68
52 68
53 68
54 68
55 68
56 68
58 68
59 68
60 68
61 68
62 68
68 68
69 68
73 68
75 68
76 68
78 68
79 68
81 68
82 68
86 68
87 68
89 68
90 68
92 68
93 68
95 68
96 68
98 68
99 68
2 69
3 69
11 69
15 69
16 69
19 69
20 69
21 69
25 69
28 69
29 69
30 69
31 69
32 69
33 69
34 69
35 69
40 69
44 69
48 69
49 69
51 69
58 69
59 69
61 69
62 69
63 69
69 69
72 69
75 69
76 69
77 69
78 69
80 69
82 69
83 69
84 69
87 69
89 69
90 69
91 69
92 69
95 69
97 69
98 69
99 69
1 70
7 70
10 70
11 70
15 70
16 70
18 70
19 70
21 70
22 70
23 70
25 70
26 70
27 70
28 70
29 70
31 70
32 70
33 70
35 70
37 70
38 70
39 70
40 70
41 70
42 70
43 70
44 70
48 70
49 70
51 70
53 70
54 70
56 70
57 70
64 70
65 70
68 70
70 70
72 70
73 70
74 70
75 70
76 70
81 70
82 70
87 70
89 70
90 70
92 70
93 70
94 70
95 70
96 70
99 70
100 70
2 71
4 71
5 71
10 71
11 71
12 71
15 71
16 71
17 71
20 71
21 71
23 71
28 71
31 71
32 71
33 71
36 71
37 71
39 71
41 71
44 71
45 71
47 71
50 71
51 71
52 71
53 71
54 71
55 71
56 71
57 71
58 71
60 71
61 71
62 71
63 71
64 71
68 71
70 71
71 71
73 71
74 71
77 71
78 71
80 71
81 71
82 71
85 71
86 71
87 71
90 71
91 71
92 71
94 71
98 71
99 71
2 72
3 72
5 72
11 72
15 72
16 72
17 72
23 72
25 72
26 72
30 72
31 72
32 72
33 72
34 72
36 72
37 72
41 72
42 72
43 72
46 72
52 72
55 72
56 72
59 72
60 72
61 72
62 72
63 72
73 72
75 72
76 72
80 72
83 72
84 72
85 72
87 72
89 72
92 72
93 72
94 72
97 72
100 72
3 73
4 73
8 73
10 73
11 73
16 73
17 73
18 73
19 73
22 73
24 73
25 73
28 73
29 73
30 73
33 73
34 73
35 73
41 73
42 73
43 73
44 73
45 73
46 73
48 73
50 73
52 73
53 73
55 73
56 73
59 73
62 73
63 73
64 73
65 73
68 73
69 73
71 73
74 73
75 73
76 73
78 73
81 73
82 73
85 73
88 73
90 73
96 73
97 73
99 73
100 73
1 74
3 74
6 74
7 74
9 74
10 74
12 74
14 74
15 74
19 74
20 74
22 74
24 74
28 74
29 74
30 74
31 74
33 74
40 74
41 74
42 74
43 74
46 74
49 74
51 74
52 74
53 74
54 74
56 74
57 74
60 74
62 74
63 74
64 74
65 74
66 74
67 74
68 74
71 74
73 74
74 74
76 74
80 74
81 74
82 74
84 74
88 74
89 74
93 74
94 74
95 74
96 74
97 74
98 74
100 74
1 75
2 75
4 75
5 75
7 75
9 75
11 75
15 75
16 75
17 75
18 75
19 75
21 75
24 75
26 75
27 75
29 75
30 75
37 75
39 75
40 75
41 75
43 75
45 75
50 75
51 75
53 75
56 75
61 75
64 75
66 75
67 75
68 75
71 75
73 75
75 75
79 75
81 75
84 75
85 75
86 75
87 75
91 75
92 75
93 75
96 75
100 75
4 76
6 76
9 76
10 76
15 76
16 76
17 76
18 76
21 76
22 76
25 76
26 76
27 76
28 76
29 76
31 76
33 76
35 76
36 76
38 76
39 76
40 76
42 76
43 76
44 76
47 76
51 76
52 76
56 76
58 76
62 76
65 76
70 76
72 76
73 76
75 76
77 76
79 76
80 76
81 76
87 76
91 76
92 76
97 76
99 76
100 76
5 77
9 77
10 77
14 77
16 77
18 77
19 77
20 77
21 77
23 77
25 77
26 77
27 77
28 77
29 77
30 77
31 77
33 77
36 77
38 77
39 77
40 77
41 77
43 77
46 77
47 77
50 77
51 77
53 77
55 77
59 77
62 77
64 77
65 77
66 77
68 77
69 77
70 77
75 77
76 77
77 77
80 77
81 77
82 77
83 77
85 77
86 77
90 77
93 77
95 77
96 77
97 77
98 77
1 78
2 78
8 78
10 78
11 78
12 78
13 78
14 78
16 78
17 78
21 78
22 78
23 78
24 78
30 78
33 78
36 78
38 78
39 78
41 78
43 78
47 78
52 78
53 78
54 78
60 78
65 78
66 78
68 78
69 78
70 78
72 78
76 78
77 78
79 78
81 78
84 78
85 78
87 78
90 78
92 78
94 78
97 78
98 78
100 78
1 79
2 79
3 79
6 79
8 79
9 79
13 79
16 79
18 79
19 79
21 79
22 79
26 79
28 79
32 79
35 79
40 79
42 79
45 79
48 79
50 79
51 79
53 79
54 79
55 79
57 79
60 79
61 79
62 79
63 79
66 79
69 79
71 79
72 79
73 79
74 79
75 79
76 79
78 79
79 79
81 79
82 79
83 79
85 79
87 79
88 79
90 79
91 79
94 79
96 79
97 79
100 79
1 80
2 80
5 80
6 80
9 80
13 80
17 80
18 80
21 80
23 80
24 80
27 80
29 80
30 80
31 80
32 80
35 80
38 80
39 80
41 80
42 80
43 80
48 80
51 80
52 80
53 80
58 80
60 80
61 80
64 80
65 80
66 80
68 80
71 80
76 80
79 80
82 80
84 80
85 80
88 80
92 80
95 80
97 80
98 80
2 81
3 81
4 81
5 81
6 81
8 81
13 81
14 81
15 81
21 81
24 81
25 81
27 81
28 81
30 81
31 81
33 81
34 81
37 81
38 81
39 81
40 81
41 81
42 81
44 81
47 81
48 81
53 81
56 81
57 81
61 81
62 81
64 81
66 81
69 81
70 81
74 81
75 81
76 81
78 81
79 81
80 81
81 81
83 81
85 81
87 81
89 81
93 81
95 81
97 81
99 81
1 82
2 82
3 82
5 82
10 82
17 82
18 82
20 82
22 82
23 82
24 82
25 82
28 82
29 82
30 82
31 82
35 82
36 82
37 82
39 82
40 82
43 82
44 82
45 82
46 82
47 82
48 82
49 82
50 82
51 82
54 82
60 82
62 82
63 82
64 82
65 82
66 82
70 82
73 82
76 82
82 82
85 82
86 82
89 82
93 82
94 82
95 82
97 82
98 82
99 82
100 82
1 83
2 83
5 83
7 83
8 83
10 83
11 83
12 83
14 83
15 83
18 83
19 83
21 83
22 83
23 83
28 83
29 83
33 83
36 83
37 83
38 83
39 83
41 83
42 83
44 83
46 83
47 83
50 83
51 83
53 83
54 83
55 83
57 83
59 83
60 83
66 83
67 83
68 83
69 83
70 83
71 83
73 83
77 83
78 83
80 83
83 83
84 83
85 83
86 83
88 83
89 83
90 83
92 83
95 83
98 83
99 83
1 84
2 84
7 84
8 84
10 84
11 84
12 84
13 84
15 84
16 84
17 84
20 84
24 84
27 84
29 84
30 84
31 84
32 84
33 84
35 84
36 84
37 84
39 84
40 84
41 84
45 84
46 84
48 84
49 84
54 84
55 84
56 84
57 84
58 84
59 84
63 84
64 84
65 84
67 84
68 84
70 84
71 84
72 84
73 84
74 84
75 84
76 84
77 84
78 84
82 84
85 84
88 84
89 84
90 84
92 84
93 84
94 84
97 84
98 84
100 84
2 85
5 85
9 85
11 85
12 85
13 85
14 85
16 85
20 85
22 85
25 85
27 85
28 85
29 85
31 85
34 85
35 85
37 85
38 85
43 85
44 85
46 85
48 85
57 85
58 85
59 85
60 85
61 85
62 85
63 85
65 85
66 85
67 85
68 85
72 85
73 85
80 85
84 85
85 85
87 85
89 85
90 85
94 85
97 85
98 85
100 85
1 86
2 86
3 86
4 86
5 86
9 86
10 86
11 86
13 86
16 86
17 86
19 86
20 86
21 86
24 86
25 86
27 86
28 86
30 86
32 86
34 86
35 86
37 86
39 86
41 86
43 86
44 86
45 86
46 86
54 86
55 86
57 86
59 86
60 86
61 86
64 86
65 86
66 86
69 86
70 86
71 86
74 86
75 86
78 86
84 86
85 86
86 86
87 86
89 86
90 86
94 86
96 86
97 86
99 86
100 86
2 87
4 87
6 87
8 87
9 87
10 87
12 87
13 87
15 87
16 87
18 87
21 87
24 87
25 87
29 87
34 87
35 87
36 87
38 87
41 87
44 87
48 87
49 87
50 87
52 87
54 87
56 87
57 87
60 87
61 87
62 87
63 87
65 87
73 87
74 87
75 87
76 87
77 87
78 87
79 87
81 87
83 87
84 87
85 87
86 87
88 87
91 87
94 87
95 87
96 87
99 87
100 87
1 88
2 88
7 88
11 88
12 88
13 88
14 88
16 88
18 88
22 88
23 88
24 88
25 88
26 88
28 88
29 88
30 88
31 88
32 88
34 88
35 88
37 88
40 88
41 88
43 88
44 88
45 88
48 88
50 88
52 88
53 88
54 88
58 88
60 88
61 88
63 88
65 88
67 88
68 88
69 88
70 88
71 88
73 88
75 88
77 88
79 88
80 88
82 88
83 88
87 88
88 88
90 88
93 88
96 88
97 88
3 89
4 89
5 89
6 89
7 89
8 89
10 89
11 89
12 89
14 89
21 89
22 89
24 89
26 89
28 89
29 89
30 89
33 89
34 89
35 89
41 89
43 89
44 89
45 89
50 89
51 89
52 89
53 89
56 89
57 89
58 89
59 89
61 89
62 89
64 89
65 89
71 89
72 89
76 89
77 89
79 89
80 89
82 89
83 89
84 89
86 89
92 89
98 89
99 89
1 90
4 90
8 90
12 90
16 90
19 90
20 90
22 90
23 90
25 90
29 90
31 90
32 90
33 90
34 90
35 90
38 90
39 90
41 90
42 90
43 90
44 90
46 90
50 90
55 90
56 90
57 90
60 90
61 90
62 90
68 90
71 90
72 90
75 90
76 90
80 90
81 90
82 90
86 90
87 90
89 90
93 90
96 90
98 90
99 90
100 90
1 91
4 91
6 91
7 91
9 91
10 91
12 91
18 91
19 91
20 91
21 91
24 91
28 91
33 91
34 91
37 91
38 91
39 91
40 91
41 91
42 91
45 91
50 91
54 91
55 91
58 91
59 91
62 91
63 91
65 91
67 91
70 91
71 91
73 91
74 91
75 91
76 91
77 91
78 91
79 91
80 91
81 91
82 91
84 91
85 91
86 91
87 91
89 91
91 91
94 91
97 91
99 91
100 91
1 92
2 92
3 92
4 92
5 92
6 92
9 92
12 92
13 92
14 92
17 92
20 92
22 92
23 92
26 92
27 92
29 92
31 92
32 92
34 92
38 92
41 92
43 92
46 92
47 92
48 92
52 92
53 92
54 92
56 92
58 92
59 92
61 92
62 92
65 92
66 92
69 92
70 92
75 92
76 92
79 92
81 92
83 92
84 92
86 92
90 92
94 92
95 92
97 92
99 92
100 92
3 93
4 93
6 93
8 93
9 93
10 93
12 93
14 93
15 93
19 93
21 93
23 93
27 93
32 93
35 93
40 93
41 93
44 93
45 93
48 93
49 93
52 93
54 93
55 93
60 93
61 93
62 93
63 93
65 93
68 93
69 93
71 93
72 93
73 93
74 93
78 93
79 93
81 93
84 93
85 93
87 93
88 93
91 93
92 93
95 93
96 93
98 93
99 93
1 94
2 94
3 94
7 94
8 94
9 94
14 94
15 94
16 94
17 94
24 94
25 94
26 94
28 94
29 94
34 94
39 94
41 94
42 94
45 94
48 94
52 94
53 94
54 94
58 94
59 94
60 94
62 94
63 94
67 94
74 94
75 94
76 94
77 94
78 94
81 94
86 94
87 94
89 94
92 94
97 94
1 95
2 95
6 95
7 95
8 95
9 95
10 95
11 95
12 95
14 95
16 95
17 95
19 95
20 95
22 95
23 95
25 95
31 95
34 95
39 95
41 95
42 95
46 95
47 95
50 95
51 95
55 95
58 95
65 95
67 95
72 95
73 95
74 95
76 95
77 95
79 95
80 95
82 95
84 95
85 95
87 95
88 95
89 95
90 95
92 95
93 95
95 95
96 95
97 95
98 95
99 95
100 95
1 96
2 96
7 96
8 96
9 96
10 96
13 96
17 96
19 96
21 96
22 96
23 96
25 96
27 96
30 96
32 96
33 96
34 96
35 96
37 96
38 96
39 96
40 96
41 96
42 96
44 96
47 96
48 96
50 96
51 96
53 96
54 96
55 96
56 96
60 96
62 96
67 96
68 96
73 96
74 96
79 96
80 96
84 96
86 96
89 96
90 96
92 96
96 96
97 96
98 96
1 97
3 97
5 97
7 97
8 97
9 97
10 97
12 97
17 97
18 97
22 97
23 97
25 97
27 97
28 97
30 97
31 97
32 97
35 97
36 97
38 97
41 97
43 97
44 97
45 97
46 97
48 97
51 97
52 97
55 97
60 97
61 97
64 97
68 97
70 97
74 97
80 97
81 97
82 97
84 97
90 97
91 97
95 97
97 97
1 98
9 98
10 98
11 98
12 98
13 98
14 98
15 98
16 98
18 98
19 98
24 98
26 98
27 98
29 98
30 98
35 98
36 98
37 98
38 98
39 98
40 98
43 98
45 98
46 98
47 98
49 98
51 98
53 98
58 98
62 98
64 98
66 98
67 98
70 98
71 98
75 98
76 98
78 98
79 98
81 98
94 98
96 98
99 98
4 99
5 99
7 99
8 99
9 99
10 99
11 99
13 99
14 99
15 99
16 99
17 99
19 99
20 99
23 99
24 99
26 99
34 99
35 99
37 99
38 99
40 99
41 99
42 99
43 99
44 99
45 99
46 99
47 99
48 99
50 99
54 99
55 99
56 99
57 99
59 99
61 99
63 99
65 99
69 99
70 99
75 99
76 99
77 99
78 99
80 99
81 99
82 99
83 99
86 99
89 99
91 99
92 99
93 99
96 99
98 99
1 100
4 100
5 100
7 100
8 100
9 100
10 100
11 100
12 100
14 100
15 100
17 100
18 100
20 100
21 100
23 100
24 100
28 100
30 100
32 100
34 100
36 100
39 100
40 100
41 100
43 100
44 100
45 100
48 100
49 100
50 100
51 100
53 100
55 100
56 100
57 100
59 100
61 100
62 100
63 100
64 100
65 100
67 100
70 100
74 100
75 100
76 100
77 100
78 100
84 100
85 100
86 100
87 100
88 100
89 100
91 100
92 100
94 100
97 100
98 100
100 100
