100
2 1
4 1
6 1
7 1
10 1
12 1
16 1
20 1
24 1
27 1
29 1
30 1
31 1
32 1
34 1
35 1
36 1
38 1
39 1
43 1
45 1
46 1
48 1
51 1
54 1
56 1
59 1
60 1
61 1
62 1
64 1
67 1
68 1
69 1
74 1
75 1
77 1
83 1
84 1
89 1
93 1
95 1
96 1
99 1
3 2
4 2
8 2
9 2
10 2
15 2
16 2
19 2
21 2
22 2
28 2
30 2
32 2
33 2
34 2
35 2
40 2
41 2
42 2
43 2
45 2
47 2
51 2
53 2
56 2
59 2
60 2
67 2
72 2
74 2
75 2
79 2
80 2
81 2
83 2
87 2
88 2
90 2
91 2
94 2
95 2
96 2
98 2
99 2
1 3
2 3
4 3
6 3
8 3
9 3
20 3
21 3
23 3
24 3
27 3
29 3
30 3
31 3
33 3
34 3
35 3
37 3
40 3
41 3
43 3
46 3
48 3
49 3
50 3
54 3
56 3
58 3
61 3
62 3
63 3
65 3
67 3
69 3
70 3
71 3
74 3
80 3
82 3
85 3
93 3
96 3
98 3
99 3
100 3
1 4
3 4
4 4
6 4
9 4
11 4
13 4
14 4
18 4
19 4
20 4
24 4
25 4
26 4
27 4
28 4
30 4
31 4
32 4
34 4
38 4
39 4
40 4
41 4
43 4
44 4
46 4
50 4
51 4
52 4
54 4
55 4
56 4
59 4
61 4
62 4
63 4
65 4
66 4
67 4
68 4
72 4
74 4
77 4
78 4
82 4
84 4
87 4
89 4
90 4
91 4
92 4
95 4
97 4
98 4
99 4
2 5
3 5
5 5
9 5
11 5
12 5
14 5
15 5
16 5
17 5
19 5
24 5
25 5
26 5
27 5
28 5
29 5
30 5
31 5
32 5
33 5
34 5
39 5
42 5
43 5
44 5
46 5
47 5
49 5
50 5
51 5
53 5
57 5
58 5
59 5
60 5
63 5
67 5
68 5
71 5
72 5
75 5
78 5
84 5
88 5
90 5
94 5
95 5
97 5
99 5
100 5
2 6
5 6
6 6
9 6
14 6
16 6
18 6
19 6
20 6
22 6
23 6
26 6
27 6
31 6
33 6
34 6
36 6
37 6
38 6
41 6
42 6
45 6
46 6
48 6
50 6
51 6
52 6
53 6
54 6
55 6
64 6
65 6
66 6
68 6
69 6
73 6
74 6
75 6
78 6
80 6
83 6
84 6
85 6
86 6
87 6
88 6
89 6
94 6
96 6
98 6
99 6
100 6
3 7
6 7
7 7
9 7
12 7
15 7
16 7
17 7
18 7
20 7
21 7
23 7
27 7
31 7
32 7
35 7
38 7
39 7
44 7
46 7
48 7
49 7
52 7
53 7
54 7
55 7
57 7
58 7
64 7
65 7
69 7
70 7
71 7
75 7
81 7
82 7
83 7
84 7
85 7
86 7
87 7
89 7
90 7
91 7
92 7
93 7
95 7
96 7
97 7
98 7
99 7
3 8
6 8
7 8
8 8
9 8
11 8
15 8
17 8
18 8
19 8
20 8
21 8
22 8
23 8
24 8
25 8
28 8
29 8
30 8
33 8
34 8
35 8
36 8
37 8
38 8
39 8
40 8
42 8
44 8
45 8
46 8
48 8
49 8
50 8
52 8
53 8
54 8
55 8
56 8
58 8
59 8
61 8
65 8
66 8
71 8
72 8
73 8
77 8
78 8
80 8
82 8
83 8
85 8
86 8
87 8
88 8
89 8
90 8
91 8
98 8
99 8
1 9
2 9
3 9
9 9
11 9
12 9
13 9
15 9
18 9
20 9
23 9
26 9
28 9
29 9
37 9
39 9
40 9
42 9
43 9
45 9
46 9
48 9
49 9
51 9
52 9
56 9
57 9
58 9
60 9
61 9
62 9
63 9
64 9
68 9
69 9
71 9
74 9
75 9
79 9
81 9
83 9
84 9
89 9
91 9
92 9
93 9
95 9
96 9
97 9
99 9
1 10
2 10
4 10
8 10
10 10
12 10
18 10
19 10
20 10
21 10
22 10
23 10
27 10
28 10
30 10
31 10
37 10
38 10
41 10
43 10
47 10
48 10
52 10
54 10
57 10
59 10
60 10
61 10
63 10
65 10
68 10
69 10
71 10
72 10
75 10
77 10
78 10
80 10
83 10
84 10
96 10
97 10
99 10
1 11
4 11
5 11
7 11
9 11
10 11
13 11
14 11
16 11
20 11
21 11
24 11
25 11
26 11
28 11
31 11
34 11
35 11
37 11
38 11
40 11
42 11
44 11
47 11
49 11
51 11
53 11
55 11
61 11
65 11
66 11
69 11
71 11
72 11
73 11
74 11
77 11
82 11
83 11
84 11
87 11
89 11
91 11
99 11
4 12
5 12
7 12
14 12
15 12
18 12
20 12
21 12
22 12
30 12
31 12
33 12
34 12
35 12
37 12
40 12
41 12
42 12
44 12
45 12
46 12
47 12
49 12
50 12
52 12
54 12
60 12
64 12
65 12
66 12
68 12
71 12
72 12
77 12
78 12
79 12
80 12
82 12
83 12
84 12
86 12
88 12
89 12
90 12
99 12
2 13
3 13
4 13
7 13
11 13
12 13
13 13
14 13
16 13
18 13
22 13
24 13
27 13
28 13
30 13
32 13
33 13
34 13
35 13
40 13
41 13
46 13
47 13
49 13
56 13
58 13
61 13
65 13
66 13
72 13
73 13
75 13
76 13
79 13
83 13
84 13
85 13
90 13
91 13
92 13
94 13
95 13
96 13
98 13
9 14
11 14
12 14
13 14
14 14
19 14
20 14
22 14
24 14
26 14
27 14
31 14
32 14
34 14
36 14
41 14
42 14
47 14
48 14
49 14
52 14
53 14
54 14
55 14
58 14
59 14
60 14
61 14
63 14
64 14
65 14
68 14
70 14
71 14
72 14
74 14
81 14
83 14
84 14
85 14
87 14
88 14
89 14
91 14
93 14
94 14
95 14
97 14
98 14
100 14
1 15
4 15
6 15
8 15
9 15
12 15
13 15
14 15
15 15
18 15
19 15
23 15
27 15
28 15
29 15
32 15
33 15
34 15
35 15
36 15
40 15
43 15
45 15
46 15
47 15
50 15
53 15
56 15
58 15
59 15
60 15
62 15
65 15
66 15
68 15
69 15
70 15
71 15
72 15
74 15
75 15
76 15
77 15
78 15
82 15
83 15
85 15
86 15
90 15
92 15
93 15
95 15
96 15
97 15
98 15
100 15
1 16
3 16
4 16
5 16
6 16
7 16
10 16
12 16
18 16
19 16
20 16
21 16
22 16
23 16
25 16
26 16
29 16
31 16
35 16
36 16
38 16
43 16
44 16
46 16
47 16
48 16
49 16
51 16
55 16
59 16
60 16
62 16
63 16
64 16
68 16
69 16
70 16
71 16
72 16
73 16
74 16
79 16
80 16
81 16
82 16
83 16
86 16
87 16
89 16
91 16
92 16
93 16
95 16
98 16
100 16
2 17
5 17
6 17
7 17
8 17
9 17
10 17
12 17
14 17
15 17
16 17
17 17
18 17
19 17
20 17
22 17
25 17
26 17
27 17
29 17
32 17
34 17
35 17
36 17
37 17
38 17
40 17
42 17
43 17
46 17
47 17
48 17
49 17
50 17
51 17
52 17
54 17
55 17
56 17
57 17
63 17
65 17
70 17
73 17
77 17
78 17
79 17
81 17
84 17
85 17
86 17
87 17
90 17
92 17
93 17
94 17
97 17
1 18
2 18
4 18
5 18
7 18
8 18
10 18
12 18
14 18
15 18
16 18
18 18
19 18
25 18
29 18
31 18
37 18
40 18
44 18
45 18
49 18
51 18
54 18
56 18
57 18
58 18
60 18
63 18
64 18
67 18
68 18
72 18
73 18
82 18
83 18
84 18
89 18
90 18
91 18
93 18
94 18
95 18
98 18
4 19
5 19
6 19
7 19
10 19
12 19
18 19
19 19
20 19
21 19
22 19
25 19
26 19
27 19
28 19
29 19
30 19
35 19
37 19
38 19
44 19
47 19
49 19
51 19
53 19
55 19
58 19
60 19
63 19
65 19
66 19
70 19
73 19
75 19
76 19
77 19
79 19
82 19
86 19
87 19
88 19
89 19
90 19
93 19
95 19
96 19
97 19
99 19
100 19
2 20
4 20
6 20
7 20
8 20
9 20
10 20
12 20
13 20
14 20
17 20
19 20
21 20
22 20
23 20
24 20
25 20
27 20
28 20
31 20
35 20
36 20
37 20
41 20
42 20
44 20
45 20
46 20
50 20
55 20
57 20
58 20
62 20
63 20
65 20
68 20
71 20
72 20
73 20
74 20
76 20
78 20
79 20
82 20
84 20
85 20
86 20
89 20
90 20
92 20
93 20
94 20
98 20
99 20
100 20
1 21
2 21
3 21
4 21
5 21
8 21
10 21
11 21
12 21
14 21
16 21
19 21
20 21
21 21
22 21
27 21
31 21
33 21
34 21
36 21
37 21
38 21
39 21
41 21
42 21
45 21
50 21
52 21
53 21
55 21
56 21
61 21
65 21
66 21
69 21
70 21
71 21
72 21
75 21
77 21
78 21
82 21
83 21
84 21
86 21
90 21
91 21
92 21
93 21
96 21
97 21
98 21
1 22
2 22
4 22
7 22
9 22
10 22
12 22
14 22
15 22
18 22
20 22
21 22
22 22
25 22
27 22
28 22
33 22
34 22
35 22
36 22
39 22
40 22
42 22
43 22
45 22
47 22
48 22
53 22
54 22
56 22
61 22
62 22
63 22
70 22
71 22
75 22
76 22
77 22
78 22
79 22
80 22
81 22
82 22
83 22
86 22
89 22
90 22
91 22
92 22
95 22
100 22
3 23
6 23
7 23
10 23
12 23
13 23
14 23
15 23
16 23
20 23
21 23
24 23
26 23
27 23
28 23
33 23
34 23
35 23
39 23
40 23
41 23
44 23
45 23
47 23
48 23
50 23
57 23
60 23
63 23
64 23
65 23
66 23
69 23
70 23
72 23
74 23
78 23
81 23
89 23
90 23
91 23
92 23
96 23
97 23
99 23
2 24
3 24
4 24
7 24
9 24
10 24
12 24
14 24
17 24
23 24
24 24
27 24
28 24
33 24
35 24
36 24
37 24
38 24
39 24
40 24
45 24
47 24
48 24
49 24
52 24
54 24
60 24
62 24
65 24
66 24
67 24
68 24
69 24
70 24
74 24
78 24
79 24
80 24
81 24
82 24
90 24
92 24
93 24
94 24
95 24
97 24
98 24
99 24
100 24
2 25
4 25
5 25
8 25
11 25
12 25
15 25
17 25
18 25
20 25
21 25
22 25
24 25
26 25
27 25
28 25
30 25
33 25
35 25
36 25
37 25
38 25
42 25
44 25
46 25
47 25
48 25
49 25
53 25
55 25
56 25
57 25
58 25
59 25
60 25
65 25
66 25
70 25
74 25
75 25
77 25
78 25
82 25
87 25
90 25
92 25
95 25
98 25
1 26
2 26
6 26
7 26
9 26
13 26
16 26
17 26
21 26
23 26
25 26
28 26
29 26
31 26
34 26
35 26
37 26
39 26
43 26
44 26
47 26
50 26
52 26
56 26
57 26
58 26
60 26
64 26
69 26
71 26
74 26
75 26
78 26
79 26
80 26
86 26
88 26
91 26
93 26
97 26
2 27
3 27
5 27
7 27
9 27
11 27
12 27
14 27
17 27
19 27
20 27
26 27
28 27
29 27
31 27
33 27
35 27
42 27
44 27
50 27
51 27
53 27
55 27
57 27
59 27
60 27
62 27
64 27
65 27
66 27
67 27
68 27
74 27
76 27
77 27
78 27
80 27
82 27
83 27
84 27
85 27
87 27
88 27
90 27
95 27
96 27
97 27
100 27
3 28
6 28
7 28
9 28
10 28
14 28
15 28
16 28
17 28
18 28
21 28
23 28
24 28
25 28
26 28
28 28
29 28
35 28
37 28
38 28
39 28
41 28
42 28
44 28
46 28
47 28
48 28
53 28
54 28
57 28
58 28
59 28
63 28
64 28
65 28
66 28
68 28
69 28
70 28
71 28
72 28
73 28
74 28
75 28
76 28
78 28
79 28
80 28
81 28
83 28
84 28
86 28
87 28
92 28
96 28
98 28
100 28
1 29
3 29
5 29
8 29
9 29
10 29
12 29
13 29
16 29
21 29
23 29
25 29
27 29
28 29
29 29
31 29
32 29
33 29
34 29
35 29
36 29
39 29
40 29
44 29
45 29
46 29
47 29
50 29
51 29
52 29
54 29
57 29
59 29
60 29
61 29
63 29
66 29
67 29
69 29
70 29
71 29
73 29
74 29
76 29
77 29
78 29
79 29
82 29
83 29
84 29
85 29
86 29
87 29
88 29
89 29
91 29
92 29
94 29
96 29
98 29
1 30
2 30
3 30
4 30
5 30
7 30
8 30
9 30
11 30
12 30
14 30
15 30
16 30
19 30
22 30
24 30
30 30
31 30
34 30
38 30
39 30
40 30
41 30
42 30
43 30
44 30
45 30
47 30
48 30
49 30
50 30
51 30
53 30
55 30
56 30
59 30
62 30
65 30
66 30
68 30
70 30
71 30
72 30
74 30
79 30
81 30
86 30
87 30
88 30
90 30
92 30
96 30
98 30
2 31
3 31
4 31
7 31
9 31
14 31
16 31
17 31
18 31
19 31
20 31
22 31
23 31
26 31
28 31
30 31
32 31
34 31
35 31
36 31
38 31
40 31
41 31
42 31
44 31
46 31
47 31
48 31
49 31
50 31
53 31
54 31
56 31
57 31
59 31
62 31
63 31
64 31
66 31
67 31
69 31
70 31
71 31
73 31
74 31
76 31
78 31
80 31
81 31
83 31
84 31
87 31
88 31
90 31
93 31
96 31
98 31
99 31
100 31
2 32
3 32
4 32
5 32
9 32
10 32
11 32
12 32
14 32
20 32
22 32
24 32
25 32
27 32
33 32
34 32
35 32
38 32
40 32
41 32
43 32
45 32
46 32
47 32
48 32
49 32
51 32
55 32
56 32
58 32
59 32
60 32
63 32
65 32
66 32
67 32
68 32
70 32
72 32
74 32
75 32
77 32
83 32
85 32
86 32
87 32
88 32
90 32
94 32
95 32
97 32
98 32
99 32
100 32
1 33
5 33
8 33
9 33
13 33
14 33
17 33
18 33
19 33
20 33
24 33
25 33
27 33
29 33
31 33
35 33
36 33
40 33
42 33
43 33
44 33
45 33
46 33
49 33
50 33
51 33
52 33
53 33
54 33
56 33
60 33
61 33
62 33
63 33
64 33
65 33
66 33
77 33
78 33
79 33
83 33
85 33
86 33
87 33
88 33
95 33
98 33
99 33
2 34
3 34
6 34
11 34
12 34
14 34
15 34
16 34
17 34
19 34
20 34
21 34
23 34
27 34
31 34
32 34
34 34
36 34
39 34
41 34
43 34
44 34
45 34
47 34
50 34
52 34
54 34
55 34
57 34
59 34
60 34
61 34
64 34
67 34
68 34
69 34
72 34
74 34
78 34
80 34
81 34
83 34
85 34
86 34
89 34
98 34
2 35
4 35
5 35
6 35
8 35
9 35
13 35
14 35
15 35
18 35
19 35
26 35
27 35
29 35
30 35
31 35
33 35
34 35
35 35
36 35
42 35
44 35
45 35
46 35
48 35
50 35
53 35
54 35
56 35
61 35
62 35
68 35
70 35
71 35
74 35
78 35
79 35
80 35
83 35
85 35
87 35
88 35
89 35
91 35
93 35
96 35
97 35
98 35
99 35
3 36
4 36
6 36
8 36
9 36
10 36
12 36
13 36
15 36
16 36
20 36
21 36
22 36
27 36
28 36
30 36
31 36
32 36
33 36
34 36
36 36
40 36
43 36
44 36
51 36
55 36
56 36
57 36
59 36
60 36
63 36
64 36
68 36
70 36
71 36
73 36
75 36
76 36
79 36
81 36
82 36
83 36
87 36
88 36
89 36
91 36
94 36
95 36
96 36
97 36
100 36
1 37
4 37
11 37
19 37
20 37
22 37
24 37
25 37
26 37
31 37
32 37
34 37
36 37
38 37
40 37
41 37
42 37
44 37
46 37
49 37
51 37
52 37
54 37
56 37
57 37
58 37
59 37
61 37
62 37
63 37
64 37
68 37
69 37
71 37
77 37
78 37
79 37
82 37
83 37
84 37
86 37
89 37
94 37
95 37
96 37
97 37
99 37
100 37
2 38
5 38
6 38
7 38
8 38
10 38
12 38
13 38
14 38
17 38
18 38
19 38
20 38
21 38
22 38
25 38
26 38
27 38
28 38
29 38
32 38
34 38
35 38
38 38
42 38
43 38
44 38
45 38
47 38
51 38
55 38
57 38
59 38
60 38
61 38
62 38
64 38
68 38
73 38
76 38
78 38
80 38
82 38
83 38
84 38
85 38
86 38
88 38
89 38
93 38
94 38
98 38
99 38
100 38
1 39
7 39
8 39
10 39
11 39
15 39
16 39
17 39
22 39
24 39
25 39
26 39
27 39
28 39
29 39
31 39
32 39
34 39
36 39
37 39
39 39
41 39
42 39
43 39
45 39
46 39
47 39
48 39
52 39
53 39
56 39
57 39
58 39
61 39
62 39
63 39
64 39
65 39
66 39
67 39
69 39
70 39
71 39
72 39
73 39
75 39
79 39
81 39
82 39
84 39
85 39
86 39
88 39
89 39
93 39
94 39
96 39
98 39
99 39
100 39
1 40
3 40
5 40
6 40
8 40
10 40
11 40
15 40
16 40
17 40
18 40
20 40
23 40
25 40
26 40
27 40
29 40
30 40
32 40
34 40
35 40
37 40
38 40
39 40
41 40
42 40
44 40
47 40
49 40
52 40
55 40
56 40
60 40
63 40
66 40
68 40
71 40
73 40
74 40
75 40
76 40
78 40
80 40
83 40
84 40
86 40
88 40
91 40
93 40
96 40
1 41
2 41
4 41
5 41
10 41
12 41
13 41
14 41
15 41
16 41
17 41
19 41
20 41
21 41
26 41
27 41
28 41
30 41
33 41
37 41
39 41
40 41
43 41
45 41
47 41
49 41
52 41
53 41
54 41
57 41
59 41
63 41
66 41
67 41
70 41
72 41
75 41
76 41
77 41
78 41
79 41
80 41
81 41
83 41
87 41
95 41
96 41
98 41
99 41
100 41
2 42
4 42
6 42
8 42
9 42
12 42
14 42
19 42
22 42
24 42
25 42
26 42
30 42
32 42
34 42
35 42
36 42
37 42
38 42
40 42
45 42
48 42
50 42
51 42
53 42
63 42
67 42
69 42
70 42
71 42
72 42
73 42
74 42
76 42
83 42
88 42
89 42
90 42
93 42
96 42
97 42
98 42
99 42
1 43
2 43
5 43
6 43
9 43
12 43
13 43
14 43
17 43
19 43
20 43
22 43
23 43
25 43
26 43
27 43
28 43
29 43
31 43
32 43
33 43
41 43
42 43
43 43
45 43
46 43
47 43
48 43
50 43
51 43
53 43
55 43
58 43
59 43
60 43
64 43
67 43
69 43
71 43
72 43
75 43
76 43
79 43
82 43
83 43
85 43
86 43
88 43
89 43
90 43
94 43
96 43
97 43
98 43
99 43
5 44
7 44
8 44
9 44
11 44
12 44
13 44
14 44
15 44
16 44
17 44
20 44
22 44
24 44
25 44
27 44
30 44
31 44
32 44
34 44
36 44
38 44
39 44
41 44
44 44
47 44
49 44
51 44
54 44
56 44
57 44
59 44
60 44
62 44
63 44
65 44
67 44
69 44
70 44
73 44
78 44
80 44
82 44
89 44
90 44
91 44
93 44
97 44
99 44
2 45
3 45
5 45
6 45
7 45
9 45
10 45
11 45
14 45
17 45
18 45
21 45
25 45
27 45
28 45
30 45
31 45
32 45
34 45
35 45
37 45
38 45
39 45
40 45
41 45
43 45
44 45
47 45
48 45
51 45
52 45
53 45
54 45
56 45
57 45
60 45
61 45
63 45
64 45
65 45
66 45
67 45
68 45
70 45
73 45
74 45
76 45
80 45
81 45
82 45
85 45
86 45
88 45
89 45
90 45
92 45
93 45
94 45
99 45
1 46
4 46
5 46
6 46
11 46
12 46
17 46
20 46
21 46
22 46
24 46
26 46
28 46
29 46
30 46
32 46
33 46
34 46
36 46
39 46
40 46
41 46
42 46
44 46
46 46
48 46
51 46
53 46
58 46
59 46
60 46
61 46
64 46
65 46
67 46
69 46
72 46
75 46
78 46
80 46
86 46
88 46
90 46
96 46
98 46
100 46
1 47
4 47
6 47
7 47
8 47
11 47
12 47
17 47
18 47
19 47
21 47
23 47
29 47
30 47
31 47
33 47
34 47
36 47
37 47
41 47
43 47
44 47
45 47
46 47
49 47
51 47
52 47
55 47
60 47
61 47
68 47
70 47
71 47
72 47
73 47
75 47
77 47
79 47
80 47
81 47
82 47
90 47
91 47
93 47
94 47
96 47
98 47
100 47
1 48
5 48
6 48
8 48
9 48
10 48
13 48
21 48
23 48
24 48
27 48
28 48
29 48
36 48
37 48
39 48
44 48
45 48
49 48
50 48
51 48
52 48
53 48
54 48
55 48
56 48
57 48
59 48
61 48
63 48
64 48
68 48
70 48
72 48
73 48
74 48
76 48
77 48
78 48
79 48
82 48
83 48
87 48
90 48
92 48
93 48
96 48
100 48
2 49
3 49
4 49
5 49
8 49
9 49
11 49
12 49
15 49
17 49
20 49
23 49
28 49
29 49
30 49
31 49
33 49
39 49
40 49
43 49
44 49
45 49
47 49
50 49
51 49
53 49
54 49
56 49
58 49
60 49
61 49
62 49
64 49
70 49
71 49
73 49
75 49
76 49
81 49
84 49
85 49
86 49
91 49
92 49
94 49
95 49
96 49
97 49
1 50
2 50
4 50
6 50
7 50
9 50
10 50
12 50
13 50
19 50
23 50
26 50
27 50
29 50
30 50
31 50
32 50
33 50
34 50
35 50
36 50
37 50
40 50
41 50
42 50
43 50
48 50
49 50
50 50
54 50
55 50
56 50
58 50
59 50
61 50
62 50
63 50
66 50
67 50
70 50
73 50
76 50
77 50
78 50
81 50
83 50
84 50
86 50
88 50
92 50
93 50
95 50
3 51
4 51
7 51
8 51
12 51
17 51
18 51
19 51
20 51
21 51
23 51
25 51
28 51
29 51
31 51
32 51
37 51
38 51
39 51
40 51
41 51
44 51
46 51
48 51
51 51
52 51
53 51
54 51
56 51
58 51
59 51
60 51
64 51
65 51
66 51
67 51
68 51
70 51
71 51
73 51
78 51
79 51
80 51
81 51
82 51
83 51
84 51
86 51
89 51
91 51
92 51
93 51
95 51
97 51
99 51
6 52
7 52
9 52
11 52
13 52
14 52
16 52
18 52
23 52
24 52
27 52
28 52
29 52
30 52
31 52
32 52
33 52
34 52
35 52
37 52
38 52
46 52
47 52
48 52
52 52
56 52
57 52
59 52
60 52
61 52
62 52
64 52
65 52
66 52
69 52
72 52
75 52
76 52
77 52
78 52
81 52
82 52
84 52
86 52
90 52
91 52
97 52
98 52
99 52
1 53
2 53
3 53
4 53
5 53
6 53
7 53
8 53
9 53
10 53
12 53
13 53
15 53
17 53
19 53
21 53
24 53
25 53
27 53
31 53
32 53
35 53
36 53
40 53
41 53
45 53
46 53
47 53
49 53
52 53
54 53
55 53
56 53
60 53
63 53
65 53
66 53
67 53
68 53
71 53
77 53
78 53
79 53
83 53
88 53
90 53
92 53
93 53
98 53
4 54
5 54
6 54
8 54
9 54
11 54
12 54
13 54
14 54
15 54
16 54
18 54
19 54
21 54
22 54
25 54
26 54
27 54
29 54
32 54
34 54
35 54
36 54
37 54
40 54
41 54
42 54
43 54
46 54
50 54
51 54
52 54
57 54
59 54
61 54
62 54
63 54
64 54
66 54
68 54
69 54
71 54
73 54
74 54
75 54
76 54
77 54
82 54
83 54
86 54
89 54
90 54
93 54
95 54
97 54
98 54
100 54
3 55
4 55
5 55
10 55
11 55
12 55
13 55
15 55
16 55
20 55
21 55
26 55
29 55
40 55
43 55
44 55
46 55
47 55
48 55
53 55
54 55
57 55
60 55
63 55
65 55
67 55
71 55
73 55
74 55
76 55
77 55
78 55
79 55
80 55
81 55
82 55
83 55
84 55
85 55
86 55
88 55
89 55
90 55
91 55
93 55
94 55
96 55
97 55
98 55
99 55
3 56
6 56
9 56
10 56
13 56
14 56
15 56
19 56
22 56
26 56
27 56
28 56
30 56
31 56
32 56
34 56
36 56
38 56
41 56
42 56
43 56
47 56
49 56
51 56
52 56
53 56
54 56
55 56
61 56
63 56
64 56
66 56
67 56
69 56
72 56
73 56
74 56
77 56
78 56
80 56
81 56
82 56
84 56
87 56
88 56
90 56
91 56
92 56
94 56
96 56
97 56
2 57
4 57
5 57
6 57
7 57
9 57
11 57
13 57
15 57
16 57
20 57
21 57
22 57
25 57
30 57
33 57
37 57
40 57
41 57
43 57
44 57
46 57
48 57
49 57
51 57
54 57
57 57
60 57
61 57
62 57
63 57
64 57
66 57
67 57
68 57
72 57
73 57
74 57
75 57
76 57
77 57
79 57
85 57
90 57
93 57
95 57
96 57
97 57
98 57
99 57
100 57
1 58
2 58
5 58
6 58
7 58
8 58
9 58
11 58
12 58
14 58
21 58
24 58
26 58
27 58
28 58
32 58
36 58
37 58
38 58
40 58
41 58
42 58
47 58
49 58
53 58
54 58
56 58
58 58
59 58
63 58
66 58
67 58
69 58
70 58
73 58
75 58
77 58
78 58
81 58
82 58
83 58
84 58
85 58
86 58
91 58
93 58
95 58
96 58
99 58
7 59
9 59
11 59
12 59
13 59
17 59
19 59
21 59
22 59
23 59
24 59
25 59
26 59
28 59
32 59
34 59
35 59
41 59
43 59
44 59
45 59
52 59
54 59
55 59
59 59
65 59
66 59
67 59
74 59
78 59
79 59
82 59
83 59
86 59
88 59
94 59
96 59
97 59
2 60
3 60
4 60
5 60
9 60
13 60
14 60
15 60
16 60
18 60
22 60
23 60
24 60
25 60
26 60
28 60
29 60
30 60
31 60
33 60
37 60
38 60
40 60
43 60
45 60
47 60
48 60
53 60
55 60
58 60
62 60
63 60
66 60
68 60
69 60
72 60
73 60
74 60
75 60
77 60
80 60
83 60
84 60
85 60
88 60
91 60
92 60
95 60
96 60
100 60
1 61
2 61
3 61
5 61
10 61
11 61
12 61
16 61
18 61
20 61
22 61
23 61
27 61
28 61
35 61
38 61
40 61
42 61
45 61
48 61
57 61
58 61
59 61
60 61
63 61
66 61
67 61
68 61
71 61
74 61
76 61
77 61
78 61
85 61
86 61
92 61
93 61
95 61
97 61
98 61
1 62
3 62
4 62
6 62
10 62
11 62
12 62
13 62
14 62
17 62
22 62
25 62
27 62
30 62
31 62
37 62
38 62
39 62
43 62
45 62
46 62
47 62
52 62
53 62
57 62
59 62
60 62
64 62
68 62
70 62
71 62
72 62
75 62
79 62
80 62
82 62
84 62
85 62
86 62
87 62
88 62
93 62
94 62
95 62
96 62
1 63
2 63
4 63
5 63
6 63
10 63
11 63
18 63
20 63
21 63
29 63
31 63
32 63
34 63
37 63
39 63
40 63
41 63
42 63
45 63
49 63
51 63
52 63
53 63
55 63
57 63
58 63
59 63
60 63
61 63
62 63
64 63
65 63
67 63
69 63
70 63
73 63
75 63
76 63
77 63
78 63
81 63
84 63
87 63
88 63
89 63
91 63
92 63
94 63
95 63
1 64
5 64
7 64
9 64
11 64
13 64
15 64
16 64
17 64
18 64
19 64
20 64
21 64
22 64
23 64
24 64
26 64
29 64
31 64
34 64
36 64
37 64
39 64
42 64
43 64
47 64
48 64
49 64
52 64
54 64
57 64
58 64
59 64
60 64
64 64
66 64
67 64
72 64
76 64
79 64
80 64
81 64
82 64
83 64
84 64
86 64
90 64
91 64
92 64
93 64
96 64
97 64
99 64
100 64
2 65
3 65
5 65
7 65
9 65
10 65
11 65
12 65
13 65
14 65
20 65
22 65
23 65
24 65
26 65
27 65
29 65
31 65
33 65
34 65
35 65
43 65
44 65
45 65
47 65
48 65
49 65
55 65
57 65
58 65
59 65
61 65
66 65
67 65
68 65
69 65
70 65
72 65
73 65
76 65
80 65
82 65
83 65
84 65
89 65
92 65
95 65
97 65
100 65
1 66
3 66
4 66
6 66
8 66
9 66
10 66
11 66
12 66
15 66
16 66
17 66
18 66
20 66
21 66
25 66
26 66
27 66
34 66
35 66
36 66
37 66
43 66
44 66
45 66
46 66
48 66
51 66
53 66
54 66
55 66
56 66
57 66
62 66
63 66
64 66
66 66
68 66
71 66
72 66
73 66
76 66
77 66
79 66
80 66
82 66
84 66
89 66
93 66
95 66
96 66
97 66
99 66
100 66
1 67
2 67
3 67
6 67
7 67
9 67
10 67
11 67
12 67
13 67
15 67
16 67
18 67
19 67
23 67
26 67
30 67
32 67
33 67
34 67
36 67
38 67
39 67
44 67
45 67
46 67
47 67
50 67
54 67
55 67
59 67
60 67
61 67
62 67
65 67
67 67
68 67
69 67
70 67
71 67
72 67
73 67
76 67
77 67
80 67
81 67
83 67
87 67
88 67
89 67
90 67
91 67
93 67
94 67
99 67
1 68
2 68
5 68
7 68
9 68
13 68
15 68
16 68
17 68
19 68
21 68
23 68
24 68
25 68
27 68
31 68
33 68
37 68
39 68
40 68
41 68
43 68
47 68
48 68
49 68
50 68
51 68
52 68
53 68
55 68
56 68
58 68
60 68
63 68
68 68
69 68
71 68
74 68
76 68
79 68
81 68
84 68
85 68
86 68
88 68
89 68
91 68
96 68
98 68
99 68
100 68
1 69
5 69
7 69
10 69
12 69
13 69
14 69
16 69
19 69
21 69
22 69
25 69
28 69
31 69
32 69
36 69
37 69
42 69
44 69
45 69
46 69
47 69
49 69
50 69
51 69
53 69
54 69
55 69
56 69
59 69
63 69
66 69
68 69
69 69
73 69
74 69
76 69
79 69
82 69
83 69
84 69
85 69
87 69
89 69
91 69
92 69
93 69
94 69
97 69
98 69
1 70
4 70
5 70
6 70
14 70
19 70
20 70
21 70
22 70
23 70
24 70
29 70
31 70
32 70
34 70
36 70
38 70
41 70
42 70
44 70
45 70
47 70
48 70
49 70
50 70
55 70
57 70
58 70
59 70
62 70
65 70
67 70
68 70
69 70
70 70
71 70
75 70
76 70
78 70
79 70
80 70
83 70
86 70
88 70
89 70
90 70
97 70
99 70
100 70
5 71
6 71
9 71
10 71
11 71
13 71
14 71
15 71
18 71
20 71
25 71
26 71
29 71
31 71
36 71
38 71
40 71
43 71
44 71
45 71
47 71
48 71
49 71
50 71
53 71
55 71
57 71
62 71
63 71
64 71
69 71
71 71
72 71
76 71
80 71
81 71
83 71
86 71
87 71
93 71
94 71
97 71
98 71
3 72
5 72
6 72
8 72
9 72
11 72
12 72
15 72
16 72
17 72
18 72
21 72
22 72
25 72
26 72
27 72
28 72
30 72
31 72
32 72
33 72
34 72
37 72
38 72
39 72
41 72
43 72
45 72
46 72
48 72
51 72
53 72
54 72
55 72
56 72
57 72
59 72
61 72
63 72
64 72
69 72
72 72
73 72
75 72
77 72
79 72
81 72
82 72
83 72
85 72
86 72
89 72
90 72
92 72
94 72
95 72
97 72
99 72
4 73
5 73
8 73
10 73
11 73
15 73
16 73
19 73
20 73
23 73
27 73
29 73
31 73
33 73
34 73
35 73
36 73
40 73
42 73
43 73
44 73
47 73
49 73
50 73
51 73
52 73
54 73
56 73
57 73
59 73
61 73
65 73
67 73
77 73
78 73
79 73
81 73
82 73
90 73
93 73
95 73
99 73
3 74
4 74
5 74
7 74
9 74
11 74
12 74
13 74
14 74
15 74
17 74
18 74
19 74
23 74
24 74
27 74
29 74
31 74
33 74
34 74
38 74
40 74
42 74
45 74
46 74
47 74
48 74
49 74
51 74
52 74
55 74
56 74
58 74
67 74
70 74
73 74
74 74
78 74
80 74
81 74
83 74
84 74
85 74
90 74
92 74
93 74
94 74
95 74
99 74
100 74
1 75
5 75
6 75
10 75
12 75
14 75
15 75
16 75
18 75
19 75
20 75
21 75
22 75
23 75
27 75
28 75
29 75
30 75
32 75
35 75
36 75
38 75
40 75
44 75
46 75
47 75
49 75
50 75
51 75
53 75
55 75
63 75
64 75
66 75
68 75
70 75
72 75
76 75
77 75
79 75
81 75
84 75
86 75
92 75
93 75
98 75
99 75
2 76
4 76
5 76
7 76
9 76
11 76
13 76
20 76
22 76
23 76
24 76
25 76
27 76
28 76
31 76
32 76
34 76
35 76
36 76
38 76
39 76
40 76
41 76
42 76
47 76
49 76
51 76
52 76
54 76
56 76
60 76
62 76
68 76
70 76
73 76
75 76
80 76
83 76
85 76
86 76
88 76
89 76
95 76
96 76
97 76
98 76
99 76
100 76
2 77
3 77
4 77
5 77
6 77
8 77
9 77
11 77
15 77
18 77
21 77
24 77
25 77
31 77
33 77
36 77
37 77
38 77
39 77
40 77
41 77
43 77
50 77
51 77
53 77
54 77
56 77
59 77
62 77
69 77
70 77
72 77
73 77
74 77
75 77
76 77
79 77
81 77
84 77
87 77
89 77
90 77
92 77
93 77
99 77
4 78
6 78
7 78
8 78
10 78
12 78
13 78
14 78
15 78
16 78
17 78
21 78
22 78
24 78
25 78
27 78
31 78
33 78
35 78
36 78
37 78
38 78
39 78
40 78
42 78
43 78
44 78
45 78
48 78
50 78
51 78
52 78
53 78
59 78
60 78
62 78
63 78
66 78
67 78
73 78
74 78
75 78
77 78
78 78
80 78
83 78
85 78
86 78
87 78
88 78
89 78
91 78
95 78
98 78
99 78
100 78
1 79
5 79
7 79
8 79
9 79
10 79
12 79
14 79
17 79
18 79
19 79
20 79
21 79
22 79
27 79
28 79
29 79
32 79
33 79
35 79
36 79
39 79
41 79
43 79
44 79
47 79
49 79
51 79
54 79
55 79
59 79
62 79
63 79
64 79
65 79
66 79
67 79
73 79
74 79
75 79
78 79
81 79
84 79
86 79
89 79
91 79
92 79
97 79
98 79
99 79
4 80
5 80
6 80
10 80
11 80
13 80
17 80
20 80
25 80
29 80
30 80
31 80
34 80
35 80
36 80
37 80
38 80
39 80
40 80
41 80
42 80
43 80
50 80
51 80
52 80
55 80
56 80
60 80
63 80
66 80
70 80
72 80
74 80
75 80
76 80
77 80
78 80
79 80
80 80
81 80
82 80
83 80
84 80
85 80
86 80
88 80
89 80
93 80
95 80
97 80
100 80
2 81
4 81
6 81
11 81
12 81
14 81
15 81
19 81
20 81
21 81
23 81
25 81
26 81
29 81
30 81
34 81
36 81
37 81
40 81
45 81
50 81
51 81
52 81
53 81
54 81
57 81
58 81
59 81
66 81
69 81
70 81
73 81
75 81
80 81
81 81
82 81
83 81
84 81
85 81
87 81
88 81
90 81
92 81
93 81
94 81
95 81
96 81
97 81
100 81
1 82
3 82
7 82
8 82
12 82
13 82
19 82
22 82
24 82
25 82
26 82
28 82
29 82
31 82
32 82
34 82
35 82
36 82
37 82
39 82
43 82
45 82
46 82
48 82
57 82
58 82
62 82
63 82
65 82
66 82
67 82
68 82
69 82
70 82
71 82
74 82
75 82
76 82
78 82
82 82
83 82
84 82
85 82
86 82
88 82
90 82
91 82
92 82
93 82
96 82
97 82
3 83
6 83
8 83
12 83
15 83
17 83
18 83
19 83
21 83
22 83
28 83
29 83
30 83
33 83
37 83
38 83
40 83
42 83
44 83
45 83
47 83
50 83
51 83
52 83
55 83
57 83
59 83
63 83
66 83
67 83
68 83
71 83
72 83
74 83
75 83
78 83
80 83
84 83
85 83
88 83
89 83
91 83
95 83
96 83
98 83
100 83
1 84
2 84
5 84
7 84
9 84
23 84
24 84
26 84
27 84
30 84
31 84
32 84
35 84
37 84
40 84
41 84
42 84
43 84
44 84
45 84
46 84
48 84
50 84
53 84
56 84
57 84
58 84
59 84
61 84
65 84
66 84
73 84
74 84
77 84
78 84
79 84
80 84
81 84
82 84
83 84
84 84
85 84
87 84
91 84
96 84
99 84
1 85
2 85
3 85
5 85
6 85
7 85
13 85
15 85
16 85
20 85
22 85
26 85
27 85
31 85
32 85
37 85
40 85
43 85
44 85
45 85
48 85
51 85
53 85
56 85
57 85
59 85
61 85
63 85
69 85
72 85
77 85
78 85
79 85
81 85
82 85
84 85
88 85
91 85
92 85
93 85
95 85
96 85
97 85
99 85
1 86
3 86
4 86
5 86
6 86
11 86
13 86
14 86
15 86
17 86
19 86
24 86
25 86
28 86
29 86
30 86
31 86
32 86
34 86
35 86
36 86
38 86
39 86
41 86
43 86
46 86
48 86
50 86
53 86
54 86
56 86
58 86
59 86
60 86
61 86
66 86
67 86
69 86
74 86
75 86
76 86
77 86
79 86
81 86
82 86
83 86
85 86
86 86
89 86
90 86
91 86
94 86
96 86
98 86
100 86
3 87
10 87
12 87
15 87
16 87
17 87
18 87
19 87
22 87
24 87
26 87
31 87
32 87
35 87
39 87
40 87
41 87
43 87
44 87
46 87
47 87
48 87
49 87
51 87
52 87
53 87
55 87
61 87
62 87
63 87
64 87
66 87
67 87
69 87
71 87
73 87
74 87
76 87
77 87
80 87
83 87
86 87
87 87
89 87
91 87
93 87
97 87
98 87
99 87
2 88
4 88
6 88
7 88
8 88
10 88
13 88
14 88
15 88
16 88
18 88
19 88
20 88
21 88
22 88
24 88
27 88
28 88
30 88
35 88
41 88
42 88
43 88
44 88
46 88
49 88
52 88
54 88
55 88
58 88
62 88
63 88
64 88
65 88
66 88
69 88
73 88
74 88
76 88
77 88
79 88
80 88
81 88
83 88
84 88
85 88
86 88
91 88
92 88
95 88
97 88
98 88
2 89
4 89
6 89
11 89
14 89
17 89
20 89
23 89
24 89
25 89
26 89
28 89
29 89
30 89
32 89
34 89
35 89
39 89
40 89
41 89
42 89
48 89
56 89
58 89
60 89
61 89
67 89
68 89
69 89
70 89
72 89
78 89
82 89
83 89
84 89
86 89
88 89
90 89
91 89
92 89
93 89
94 89
95 89
96 89
98 89
1 90
3 90
4 90
5 90
6 90
7 90
8 90
9 90
11 90
13 90
14 90
16 90
20 90
24 90
25 90
27 90
28 90
30 90
33 90
34 90
37 90
39 90
40 90
44 90
45 90
47 90
48 90
49 90
57 90
58 90
59 90
63 90
64 90
66 90
69 90
71 90
73 90
74 90
75 90
78 90
79 90
80 90
81 90
82 90
84 90
86 90
88 90
89 90
91 90
92 90
93 90
94 90
95 90
98 90
4 91
7 91
8 91
9 91
10 91
11 91
12 91
15 91
17 91
20 91
22 91
24 91
25 91
29 91
30 91
32 91
33 91
35 91
36 91
37 91
39 91
40 91
41 91
45 91
49 91
53 91
54 91
56 91
57 91
58 91
59 91
64 91
65 91
66 91
67 91
73 91
74 91
76 91
78 91
79 91
80 91
83 91
84 91
85 91
86 91
87 91
88 91
89 91
90 91
91 91
92 91
93 91
95 91
96 91
97 91
98 91
100 91
2 92
3 92
5 92
6 92
7 92
8 92
9 92
10 92
14 92
15 92
17 92
20 92
21 92
22 92
24 92
25 92
31 92
33 92
36 92
37 92
38 92
39 92
40 92
41 92
43 92
44 92
46 92
47 92
48 92
51 92
53 92
54 92
55 92
57 92
58 92
60 92
63 92
64 92
65 92
67 92
69 92
70 92
71 92
73 92
74 92
78 92
80 92
85 92
86 92
89 92
93 92
97 92
98 92
99 92
3 93
4 93
6 93
8 93
9 93
10 93
15 93
17 93
18 93
20 93
22 93
23 93
26 93
29 93
30 93
31 93
32 93
34 93
35 93
37 93
41 93
44 93
47 93
48 93
49 93
53 93
54 93
59 93
62 93
63 93
64 93
65 93
66 93
68 93
69 93
71 93
72 93
73 93
76 93
78 93
79 93
80 93
83 93
85 93
86 93
87 93
88 93
90 93
91 93
92 93
95 93
96 93
97 93
98 93
100 93
1 94
3 94
4 94
5 94
6 94
9 94
10 94
11 94
12 94
13 94
17 94
18 94
19 94
22 94
24 94
27 94
29 94
30 94
34 94
36 94
39 94
40 94
41 94
42 94
43 94
44 94
47 94
48 94
49 94
53 94
54 94
56 94
57 94
60 94
61 94
64 94
66 94
67 94
69 94
74 94
75 94
76 94
77 94
80 94
82 94
84 94
85 94
86 94
88 94
89 94
91 94
92 94
96 94
98 94
99 94
1 95
3 95
5 95
6 95
12 95
13 95
15 95
17 95
18 95
20 95
22 95
23 95
26 95
36 95
42 95
45 95
48 95
49 95
50 95
51 95
53 95
57 95
59 95
63 95
64 95
65 95
66 95
67 95
68 95
75 95
77 95
78 95
90 95
92 95
94 95
96 95
97 95
98 95
100 95
1 96
2 96
4 96
6 96
8 96
9 96
11 96
13 96
15 96
17 96
18 96
19 96
21 96
22 96
23 96
30 96
32 96
34 96
35 96
36 96
40 96
43 96
44 96
49 96
50 96
52 96
54 96
55 96
57 96
59 96
63 96
66 96
67 96
69 96
70 96
71 96
74 96
75 96
76 96
83 96
84 96
87 96
88 96
89 96
95 96
1 97
6 97
7 97
10 97
11 97
13 97
15 97
16 97
18 97
19 97
24 97
30 97
31 97
33 97
36 97
39 97
40 97
41 97
44 97
48 97
50 97
53 97
54 97
56 97
58 97
59 97
60 97
61 97
62 97
70 97
73 97
74 97
75 97
78 97
79 97
82 97
84 97
85 97
87 97
88 97
89 97
91 97
94 97
95 97
96 97
98 97
1 98
2 98
4 98
5 98
11 98
12 98
15 98
20 98
22 98
24 98
25 98
26 98
27 98
28 98
29 98
32 98
36 98
38 98
39 98
40 98
41 98
44 98
46 98
50 98
54 98
55 98
56 98
59 98
60 98
61 98
63 98
64 98
66 98
68 98
70 98
71 98
73 98
75 98
76 98
77 98
79 98
80 98
82 98
87 98
88 98
90 98
91 98
93 98
94 98
97 98
98 98
99 98
100 98
2 99
3 99
6 99
7 99
8 99
11 99
15 99
16 99
18 99
22 99
23 99
27 99
31 99
32 99
34 99
37 99
38 99
40 99
42 99
45 99
46 99
51 99
53 99
54 99
57 99
58 99
60 99
61 99
62 99
63 99
64 99
65 99
66 99
67 99
69 99
72 99
73 99
76 99
77 99
78 99
79 99
80 99
82 99
83 99
89 99
91 99
92 99
94 99
95 99
96 99
97 99
99 99
1 100
5 100
10 100
11 100
14 100
16 100
19 100
20 100
21 100
22 100
23 100
24 100
25 100
27 100
30 100
31 100
32 100
35 100
38 100
42 100
45 100
47 100
50 100
52 100
63 100
64 100
68 100
69 100
72 100
74 100
75 100
77 100
78 100
80 100
81 100
83 100
86 100
89 100
90 100
91 100
92 100
93 100
95 100
97 100
98 100
99 100
