100
2 1
3 1
4 1
5 1
6 1
7 1
11 1
16 1
18 1
19 1
22 1
26 1
27 1
29 1
30 1
31 1
35 1
36 1
41 1
42 1
44 1
45 1
46 1
47 1
50 1
51 1
52 1
53 1
54 1
57 1
58 1
60 1
62 1
65 1
67 1
68 1
69 1
70 1
75 1
76 1
77 1
79 1
80 1
81 1
82 1
83 1
90 1
95 1
98 1
1 2
3 2
5 2
6 2
7 2
8 2
11 2
12 2
14 2
15 2
19 2
22 2
23 2
24 2
26 2
27 2
28 2
29 2
30 2
32 2
35 2
36 2
37 2
40 2
41 2
42 2
45 2
47 2
48 2
49 2
50 2
51 2
52 2
53 2
56 2
57 2
59 2
60 2
61 2
63 2
68 2
74 2
76 2
80 2
81 2
84 2
88 2
89 2
90 2
91 2
97 2
98 2
2 3
3 3
5 3
7 3
8 3
10 3
11 3
12 3
14 3
15 3
16 3
17 3
21 3
22 3
23 3
24 3
30 3
32 3
34 3
36 3
37 3
38 3
39 3
40 3
41 3
42 3
44 3
46 3
48 3
49 3
52 3
54 3
56 3
59 3
63 3
65 3
67 3
69 3
70 3
72 3
77 3
79 3
83 3
85 3
86 3
87 3
89 3
91 3
93 3
94 3
96 3
98 3
100 3
1 4
2 4
4 4
6 4
7 4
8 4
11 4
13 4
14 4
15 4
16 4
17 4
18 4
21 4
25 4
30 4
31 4
33 4
36 4
37 4
38 4
39 4
41 4
42 4
47 4
49 4
50 4
51 4
52 4
53 4
55 4
57 4
60 4
61 4
63 4
64 4
68 4
70 4
71 4
72 4
74 4
75 4
77 4
79 4
81 4
82 4
83 4
85 4
86 4
87 4
88 4
89 4
90 4
92 4
96 4
98 4
1 5
2 5
6 5
8 5
10 5
12 5
13 5
17 5
22 5
23 5
28 5
29 5
31 5
32 5
33 5
34 5
38 5
39 5
42 5
43 5
44 5
48 5
49 5
53 5
54 5
55 5
56 5
57 5
58 5
60 5
62 5
64 5
66 5
68 5
69 5
71 5
72 5
73 5
74 5
75 5
76 5
78 5
82 5
83 5
85 5
88 5
90 5
91 5
93 5
94 5
95 5
96 5
97 5
98 5
1 6
9 6
11 6
12 6
16 6
17 6
18 6
19 6
20 6
23 6
25 6
26 6
27 6
28 6
29 6
33 6
35 6
36 6
40 6
44 6
46 6
48 6
49 6
51 6
52 6
53 6
56 6
57 6
59 6
63 6
64 6
65 6
66 6
67 6
68 6
71 6
72 6
74 6
76 6
80 6
81 6
83 6
84 6
85 6
86 6
87 6
88 6
89 6
91 6
92 6
94 6
96 6
98 6
99 6
100 6
1 7
2 7
8 7
9 7
10 7
11 7
12 7
14 7
15 7
17 7
18 7
23 7
25 7
26 7
27 7
29 7
30 7
32 7
33 7
34 7
37 7
38 7
42 7
46 7
48 7
50 7
51 7
52 7
53 7
55 7
57 7
59 7
61 7
65 7
66 7
70 7
74 7
75 7
79 7
80 7
83 7
84 7
85 7
86 7
88 7
89 7
91 7
93 7
94 7
95 7
96 7
99 7
1 8
3 8
4 8
5 8
6 8
7 8
8 8
9 8
12 8
13 8
16 8
20 8
23 8
25 8
27 8
35 8
36 8
38 8
43 8
44 8
48 8
53 8
55 8
57 8
59 8
60 8
61 8
64 8
66 8
67 8
69 8
72 8
73 8
74 8
75 8
76 8
80 8
81 8
82 8
83 8
85 8
86 8
87 8
88 8
92 8
97 8
98 8
100 8
1 9
3 9
8 9
9 9
11 9
12 9
14 9
15 9
20 9
21 9
22 9
25 9
27 9
29 9
30 9
31 9
32 9
34 9
35 9
36 9
39 9
42 9
43 9
47 9
48 9
49 9
52 9
58 9
60 9
62 9
64 9
68 9
70 9
75 9
77 9
79 9
80 9
82 9
89 9
91 9
94 9
96 9
97 9
2 10
3 10
4 10
8 10
11 10
15 10
16 10
17 10
19 10
22 10
28 10
30 10
32 10
34 10
36 10
37 10
38 10
41 10
44 10
46 10
47 10
48 10
49 10
50 10
52 10
53 10
54 10
60 10
61 10
63 10
65 10
66 10
71 10
72 10
75 10
76 10
77 10
80 10
81 10
82 10
85 10
86 10
87 10
88 10
91 10
92 10
93 10
95 10
96 10
98 10
1 11
2 11
5 11
6 11
8 11
9 11
10 11
12 11
13 11
14 11
15 11
20 11
21 11
22 11
23 11
25 11
28 11
29 11
31 11
33 11
37 11
39 11
40 11
43 11
44 11
47 11
53 11
54 11
55 11
61 11
63 11
64 11
65 11
71 11
72 11
73 11
75 11
76 11
78 11
80 11
81 11
84 11
85 11
87 11
89 11
90 11
91 11
95 11
96 11
99 11
100 11
1 12
3 12
4 12
5 12
7 12
10 12
15 12
16 12
19 12
21 12
24 12
25 12
27 12
31 12
33 12
34 12
35 12
38 12
39 12
40 12
41 12
42 12
44 12
45 12
48 12
50 12
51 12
53 12
54 12
57 12
58 12
64 12
65 12
67 12
70 12
72 12
75 12
76 12
84 12
86 12
87 12
88 12
89 12
92 12
94 12
95 12
97 12
100 12
1 13
3 13
5 13
7 13
8 13
10 13
16 13
17 13
19 13
20 13
23 13
26 13
27 13
29 13
33 13
36 13
40 13
41 13
42 13
44 13
48 13
49 13
50 13
51 13
52 13
53 13
54 13
55 13
57 13
60 13
62 13
63 13
71 13
72 13
75 13
78 13
79 13
80 13
81 13
83 13
84 13
85 13
87 13
88 13
89 13
90 13
93 13
94 13
95 13
96 13
97 13
98 13
99 13
2 14
3 14
5 14
6 14
8 14
13 14
15 14
18 14
22 14
24 14
28 14
29 14
37 14
39 14
41 14
45 14
46 14
47 14
48 14
49 14
50 14
51 14
55 14
58 14
60 14
61 14
63 14
65 14
67 14
68 14
69 14
70 14
72 14
74 14
76 14
79 14
80 14
82 14
83 14
85 14
87 14
92 14
93 14
96 14
98 14
99 14
100 14
1 15
3 15
7 15
9 15
11 15
12 15
13 15
15 15
18 15
25 15
26 15
29 15
30 15
32 15
33 15
34 15
35 15
36 15
41 15
42 15
44 15
46 15
48 15
49 15
50 15
55 15
57 15
60 15
61 15
62 15
66 15
67 15
68 15
69 15
71 15
72 15
73 15
75 15
76 15
79 15
81 15
84 15
85 15
87 15
90 15
93 15
95 15
96 15
98 15
5 16
6 16
8 16
9 16
13 16
14 16
17 16
18 16
19 16
22 16
23 16
24 16
25 16
26 16
28 16
29 16
31 16
32 16
33 16
36 16
39 16
40 16
41 16
42 16
44 16
46 16
47 16
49 16
51 16
54 16
55 16
56 16
60 16
63 16
65 16
66 16
67 16
69 16
71 16
72 16
75 16
77 16
79 16
81 16
82 16
83 16
84 16
85 16
86 16
91 16
92 16
94 16
98 16
1 17
3 17
4 17
6 17
8 17
10 17
12 17
15 17
17 17
19 17
20 17
22 17
25 17
29 17
34 17
35 17
38 17
40 17
41 17
42 17
44 17
45 17
47 17
48 17
54 17
57 17
58 17
59 17
62 17
65 17
68 17
70 17
71 17
72 17
75 17
79 17
81 17
83 17
84 17
86 17
89 17
90 17
91 17
96 17
98 17
1 18
3 18
4 18
6 18
9 18
10 18
11 18
13 18
15 18
18 18
19 18
21 18
22 18
25 18
29 18
30 18
32 18
34 18
37 18
38 18
39 18
42 18
46 18
48 18
50 18
51 18
53 18
54 18
55 18
57 18
58 18
61 18
62 18
63 18
64 18
65 18
68 18
70 18
71 18
72 18
79 18
80 18
82 18
83 18
86 18
89 18
90 18
93 18
94 18
97 18
98 18
99 18
2 19
3 19
4 19
5 19
6 19
12 19
13 19
14 19
15 19
16 19
17 19
21 19
22 19
23 19
24 19
25 19
28 19
30 19
31 19
32 19
33 19
34 19
35 19
37 19
39 19
42 19
44 19
45 19
47 19
48 19
50 19
51 19
53 19
54 19
55 19
60 19
61 19
64 19
65 19
66 19
68 19
69 19
70 19
73 19
74 19
75 19
77 19
78 19
81 19
82 19
84 19
85 19
88 19
90 19
92 19
97 19
98 19
99 19
1 20
2 20
5 20
6 20
7 20
9 20
10 20
12 20
13 20
14 20
17 20
18 20
19 20
22 20
25 20
26 20
27 20
29 20
30 20
31 20
32 20
35 20
36 20
37 20
39 20
44 20
46 20
48 20
50 20
51 20
54 20
56 20
59 20
60 20
62 20
63 20
65 20
66 20
67 20
68 20
74 20
76 20
77 20
78 20
80 20
82 20
83 20
86 20
89 20
93 20
94 20
95 20
96 20
97 20
99 20
100 20
1 21
3 21
4 21
5 21
6 21
7 21
9 21
11 21
14 21
17 21
18 21
20 21
22 21
24 21
26 21
28 21
33 21
35 21
36 21
38 21
41 21
43 21
45 21
47 21
49 21
51 21
52 21
54 21
55 21
56 21
58 21
59 21
63 21
66 21
67 21
71 21
72 21
76 21
78 21
80 21
81 21
82 21
84 21
85 21
87 21
88 21
90 21
91 21
93 21
94 21
95 21
96 21
97 21
98 21
100 21
1 22
2 22
6 22
7 22
10 22
12 22
14 22
15 22
18 22
23 22
25 22
26 22
27 22
29 22
30 22
31 22
32 22
33 22
35 22
38 22
40 22
46 22
49 22
51 22
52 22
56 22
58 22
59 22
60 22
65 22
67 22
68 22
70 22
72 22
73 22
74 22
75 22
77 22
78 22
83 22
84 22
85 22
88 22
90 22
91 22
92 22
96 22
97 22
99 22
4 23
9 23
12 23
16 23
18 23
19 23
20 23
22 23
24 23
26 23
27 23
31 23
32 23
33 23
34 23
36 23
37 23
39 23
40 23
44 23
47 23
48 23
50 23
52 23
53 23
57 23
58 23
61 23
62 23
63 23
66 23
72 23
76 23
77 23
81 23
83 23
85 23
86 23
87 23
89 23
92 23
93 23
94 23
95 23
96 23
99 23
100 23
1 24
6 24
7 24
10 24
12 24
16 24
18 24
19 24
20 24
21 24
24 24
28 24
29 24
31 24
32 24
33 24
38 24
39 24
41 24
43 24
45 24
48 24
50 24
51 24
52 24
58 24
60 24
64 24
65 24
70 24
75 24
77 24
78 24
80 24
81 24
85 24
89 24
91 24
93 24
94 24
95 24
96 24
98 24
2 25
4 25
5 25
6 25
8 25
10 25
12 25
13 25
17 25
18 25
21 25
22 25
24 25
26 25
27 25
28 25
31 25
34 25
35 25
37 25
39 25
40 25
41 25
45 25
46 25
48 25
50 25
51 25
52 25
54 25
55 25
56 25
57 25
58 25
61 25
62 25
63 25
64 25
65 25
67 25
68 25
71 25
73 25
74 25
75 25
78 25
79 25
83 25
84 25
85 25
87 25
89 25
90 25
91 25
92 25
95 25
96 25
97 25
99 25
3 26
6 26
7 26
8 26
12 26
14 26
16 26
17 26
18 26
19 26
20 26
23 26
24 26
26 26
28 26
29 26
30 26
31 26
34 26
35 26
36 26
38 26
42 26
44 26
45 26
46 26
47 26
50 26
54 26
55 26
56 26
60 26
65 26
68 26
69 26
71 26
72 26
75 26
78 26
84 26
85 26
86 26
87 26
88 26
91 26
92 26
93 26
94 26
96 26
99 26
100 26
1 27
5 27
6 27
7 27
11 27
16 27
18 27
19 27
20 27
21 27
23 27
24 27
32 27
35 27
39 27
41 27
42 27
44 27
48 27
50 27
51 27
54 27
56 27
57 27
58 27
59 27
64 27
65 27
67 27
68 27
69 27
74 27
75 27
77 27
78 27
84 27
85 27
87 27
91 27
92 27
93 27
94 27
95 27
97 27
98 27
100 27
1 28
4 28
5 28
9 28
10 28
12 28
13 28
15 28
16 28
19 28
21 28
24 28
28 28
30 28
32 28
33 28
34 28
37 28
40 28
42 28
44 28
46 28
48 28
49 28
52 28
53 28
54 28
56 28
57 28
58 28
60 28
62 28
63 28
65 28
67 28
68 28
70 28
71 28
72 28
73 28
74 28
79 28
82 28
85 28
88 28
89 28
90 28
92 28
93 28
98 28
2 29
5 29
7 29
8 29
11 29
13 29
15 29
18 29
20 29
21 29
23 29
25 29
27 29
28 29
29 29
31 29
32 29
33 29
35 29
36 29
40 29
42 29
49 29
50 29
52 29
55 29
56 29
57 29
58 29
61 29
62 29
63 29
64 29
66 29
67 29
68 29
69 29
70 29
72 29
74 29
75 29
76 29
77 29
81 29
85 29
86 29
87 29
88 29
90 29
92 29
93 29
94 29
95 29
96 29
97 29
100 29
5 30
7 30
8 30
9 30
13 30
16 30
17 30
18 30
21 30
24 30
25 30
26 30
29 30
30 30
31 30
32 30
33 30
37 30
39 30
43 30
44 30
45 30
46 30
47 30
49 30
50 30
53 30
54 30
55 30
58 30
59 30
61 30
62 30
63 30
66 30
71 30
73 30
74 30
76 30
77 30
78 30
80 30
81 30
84 30
85 30
86 30
87 30
88 30
91 30
92 30
94 30
97 30
98 30
1 31
2 31
4 31
6 31
9 31
10 31
11 31
15 31
17 31
18 31
19 31
20 31
23 31
25 31
29 31
31 31
37 31
38 31
41 31
42 31
43 31
44 31
45 31
46 31
49 31
51 31
53 31
54 31
55 31
56 31
62 31
64 31
65 31
71 31
72 31
73 31
75 31
76 31
80 31
82 31
83 31
84 31
86 31
98 31
100 31
1 32
2 32
8 32
9 32
12 32
15 32
16 32
17 32
19 32
20 32
22 32
23 32
25 32
28 32
29 32
30 32
31 32
34 32
35 32
36 32
38 32
39 32
40 32
41 32
42 32
44 32
45 32
47 32
48 32
49 32
50 32
53 32
54 32
56 32
57 32
58 32
60 32
62 32
64 32
66 32
67 32
68 32
69 32
76 32
85 32
86 32
93 32
94 32
95 32
96 32
97 32
98 32
3 33
5 33
6 33
7 33
8 33
13 33
14 33
15 33
16 33
25 33
27 33
28 33
30 33
34 33
35 33
36 33
39 33
42 33
43 33
48 33
51 33
52 33
53 33
56 33
61 33
62 33
63 33
64 33
65 33
66 33
67 33
68 33
69 33
70 33
72 33
74 33
77 33
81 33
84 33
86 33
87 33
88 33
89 33
91 33
92 33
97 33
98 33
99 33
1 34
2 34
3 34
8 34
10 34
11 34
12 34
13 34
16 34
20 34
23 34
24 34
25 34
26 34
27 34
28 34
29 34
32 34
34 34
39 34
40 34
49 34
54 34
55 34
56 34
58 34
60 34
62 34
63 34
64 34
66 34
68 34
69 34
72 34
73 34
75 34
76 34
80 34
88 34
89 34
91 34
92 34
93 34
96 34
97 34
98 34
99 34
1 35
2 35
4 35
5 35
6 35
7 35
8 35
9 35
13 35
14 35
16 35
17 35
18 35
19 35
20 35
23 35
24 35
25 35
27 35
28 35
31 35
32 35
33 35
37 35
38 35
40 35
41 35
43 35
44 35
45 35
46 35
49 35
51 35
54 35
55 35
57 35
59 35
63 35
64 35
68 35
69 35
75 35
76 35
77 35
78 35
80 35
82 35
83 35
84 35
85 35
88 35
89 35
90 35
91 35
92 35
95 35
97 35
1 36
6 36
7 36
8 36
10 36
11 36
12 36
15 36
16 36
17 36
19 36
20 36
21 36
22 36
23 36
24 36
27 36
30 36
31 36
33 36
35 36
37 36
38 36
39 36
43 36
44 36
45 36
48 36
49 36
54 36
57 36
58 36
59 36
60 36
62 36
64 36
67 36
68 36
74 36
75 36
77 36
78 36
81 36
82 36
83 36
84 36
86 36
87 36
88 36
92 36
95 36
97 36
98 36
1 37
4 37
5 37
6 37
7 37
8 37
9 37
13 37
15 37
18 37
19 37
20 37
22 37
24 37
26 37
27 37
29 37
30 37
32 37
36 37
37 37
38 37
41 37
42 37
43 37
44 37
45 37
47 37
48 37
49 37
51 37
56 37
57 37
59 37
60 37
62 37
64 37
65 37
66 37
68 37
71 37
73 37
76 37
83 37
84 37
87 37
88 37
89 37
90 37
94 37
96 37
99 37
1 38
4 38
7 38
10 38
11 38
14 38
16 38
17 38
21 38
22 38
24 38
26 38
27 38
28 38
30 38
31 38
33 38
34 38
36 38
37 38
38 38
40 38
41 38
46 38
47 38
48 38
50 38
51 38
54 38
56 38
58 38
60 38
66 38
67 38
68 38
69 38
71 38
74 38
76 38
78 38
84 38
88 38
91 38
93 38
94 38
96 38
97 38
2 39
6 39
8 39
11 39
12 39
13 39
15 39
17 39
18 39
21 39
23 39
24 39
25 39
26 39
30 39
32 39
33 39
34 39
37 39
38 39
39 39
41 39
44 39
48 39
50 39
51 39
53 39
54 39
56 39
58 39
63 39
64 39
65 39
67 39
69 39
71 39
72 39
73 39
75 39
76 39
77 39
78 39
79 39
80 39
84 39
86 39
91 39
94 39
96 39
97 39
1 40
2 40
3 40
4 40
6 40
9 40
11 40
13 40
14 40
15 40
16 40
17 40
19 40
20 40
21 40
23 40
24 40
26 40
27 40
35 40
37 40
38 40
39 40
40 40
41 40
42 40
43 40
45 40
46 40
47 40
49 40
50 40
53 40
54 40
55 40
61 40
62 40
69 40
73 40
74 40
75 40
77 40
78 40
81 40
84 40
85 40
86 40
88 40
89 40
91 40
95 40
96 40
1 41
2 41
3 41
4 41
6 41
7 41
8 41
9 41
10 41
13 41
15 41
17 41
19 41
21 41
22 41
23 41
24 41
25 41
27 41
31 41
36 41
38 41
41 41
43 41
44 41
45 41
48 41
49 41
53 41
55 41
56 41
57 41
58 41
61 41
65 41
66 41
67 41
73 41
74 41
75 41
76 41
77 41
78 41
80 41
81 41
82 41
84 41
86 41
87 41
88 41
91 41
92 41
94 41
95 41
1 42
2 42
5 42
7 42
10 42
11 42
12 42
14 42
15 42
18 42
22 42
23 42
26 42
27 42
29 42
30 42
34 42
35 42
36 42
38 42
41 42
42 42
43 42
46 42
47 42
51 42
52 42
54 42
56 42
57 42
58 42
59 42
60 42
61 42
66 42
67 42
69 42
70 42
73 42
75 42
77 42
79 42
80 42
82 42
83 42
84 42
87 42
88 42
91 42
92 42
93 42
94 42
96 42
97 42
98 42
99 42
100 42
3 43
4 43
7 43
8 43
9 43
10 43
11 43
12 43
14 43
16 43
21 43
27 43
28 43
29 43
30 43
31 43
32 43
35 43
36 43
39 43
40 43
43 43
48 43
49 43
50 43
53 43
54 43
59 43
62 43
66 43
70 43
72 43
73 43
74 43
76 43
77 43
78 43
79 43
80 43
81 43
84 43
86 43
87 43
90 43
92 43
93 43
94 43
100 43
2 44
4 44
5 44
7 44
12 44
14 44
15 44
18 44
19 44
20 44
23 44
24 44
28 44
29 44
30 44
35 44
37 44
39 44
43 44
45 44
46 44
48 44
49 44
51 44
55 44
57 44
58 44
60 44
61 44
65 44
68 44
70 44
73 44
74 44
76 44
80 44
85 44
89 44
91 44
92 44
93 44
94 44
96 44
97 44
99 44
100 44
2 45
3 45
4 45
5 45
6 45
9 45
10 45
11 45
13 45
15 45
17 45
18 45
19 45
21 45
22 45
24 45
25 45
27 45
29 45
32 45
37 45
38 45
40 45
41 45
46 45
47 45
48 45
49 45
51 45
53 45
54 45
58 45
60 45
61 45
62 45
64 45
65 45
66 45
67 45
70 45
73 45
74 45
75 45
76 45
80 45
81 45
82 45
83 45
84 45
86 45
87 45
88 45
89 45
92 45
95 45
96 45
98 45
99 45
100 45
3 46
6 46
11 46
13 46
17 46
23 46
24 46
26 46
28 46
30 46
32 46
33 46
36 46
37 46
41 46
43 46
45 46
47 46
48 46
49 46
51 46
52 46
54 46
57 46
58 46
59 46
62 46
63 46
67 46
69 46
70 46
71 46
72 46
73 46
74 46
75 46
78 46
80 46
81 46
85 46
86 46
87 46
90 46
93 46
94 46
96 46
97 46
98 46
100 46
2 47
5 47
9 47
11 47
13 47
14 47
15 47
18 47
19 47
20 47
27 47
31 47
35 47
36 47
37 47
38 47
41 47
42 47
45 47
47 47
50 47
54 47
56 47
57 47
58 47
60 47
61 47
64 47
69 47
70 47
73 47
76 47
77 47
78 47
80 47
81 47
82 47
86 47
88 47
89 47
91 47
92 47
95 47
97 47
98 47
2 48
4 48
7 48
8 48
12 48
15 48
16 48
17 48
18 48
20 48
26 48
27 48
35 48
36 48
38 48
39 48
42 48
45 48
47 48
50 48
51 48
52 48
53 48
54 48
55 48
56 48
59 48
60 48
61 48
66 48
67 48
68 48
69 48
73 48
74 48
78 48
79 48
80 48
81 48
82 48
84 48
85 48
86 48
87 48
88 48
90 48
91 48
93 48
94 48
98 48
99 48
100 48
2 49
6 49
7 49
11 49
12 49
13 49
14 49
15 49
17 49
22 49
23 49
27 49
28 49
30 49
31 49
32 49
33 49
34 49
38 49
47 49
48 49
49 49
50 49
55 49
56 49
57 49
62 49
63 49
64 49
65 49
66 49
67 49
69 49
70 49
72 49
73 49
74 49
75 49
76 49
79 49
80 49
81 49
83 49
86 49
87 49
90 49
92 49
93 49
94 49
95 49
96 49
98 49
99 49
100 49
1 50
3 50
5 50
6 50
8 50
11 50
12 50
15 50
23 50
24 50
27 50
29 50
31 50
32 50
33 50
34 50
35 50
36 50
37 50
39 50
40 50
41 50
43 50
47 50
49 50
54 50
56 50
59 50
63 50
66 50
68 50
69 50
71 50
72 50
77 50
78 50
79 50
80 50
82 50
84 50
85 50
86 50
87 50
89 50
91 50
93 50
96 50
97 50
98 50
99 50
2 51
3 51
4 51
7 51
9 51
11 51
13 51
17 51
18 51
19 51
24 51
27 51
28 51
29 51
30 51
31 51
32 51
33 51
34 51
36 51
38 51
40 51
45 51
47 51
48 51
49 51
54 51
57 51
60 51
61 51
64 51
69 51
71 51
72 51
73 51
74 51
77 51
79 51
80 51
81 51
82 51
85 51
87 51
90 51
94 51
95 51
96 51
2 52
3 52
4 52
5 52
6 52
7 52
9 52
10 52
13 52
15 52
16 52
17 52
18 52
21 52
22 52
24 52
26 52
30 52
33 52
37 52
43 52
52 52
53 52
54 52
56 52
58 52
60 52
61 52
62 52
65 52
66 52
67 52
68 52
69 52
73 52
74 52
76 52
77 52
78 52
81 52
82 52
83 52
85 52
86 52
87 52
88 52
90 52
92 52
93 52
95 52
98 52
99 52
1 53
3 53
5 53
6 53
9 53
11 53
12 53
14 53
16 53
18 53
22 53
23 53
24 53
26 53
27 53
28 53
30 53
34 53
42 53
43 53
44 53
45 53
49 53
54 53
56 53
57 53
60 53
64 53
67 53
70 53
72 53
76 53
78 53
79 53
82 53
87 53
88 53
89 53
90 53
92 53
93 53
94 53
97 53
100 53
1 54
2 54
3 54
6 54
7 54
9 54
10 54
12 54
13 54
14 54
16 54
17 54
20 54
21 54
22 54
23 54
30 54
32 54
33 54
34 54
36 54
37 54
38 54
40 54
42 54
43 54
44 54
45 54
47 54
48 54
49 54
52 54
53 54
55 54
57 54
58 54
62 54
64 54
66 54
68 54
71 54
73 54
74 54
76 54
77 54
78 54
80 54
81 54
82 54
83 54
84 54
85 54
86 54
87 54
93 54
96 54
97 54
98 54
1 55
2 55
4 55
11 55
12 55
13 55
19 55
20 55
22 55
23 55
26 55
27 55
28 55
30 55
33 55
34 55
36 55
39 55
41 55
42 55
44 55
47 55
48 55
49 55
50 55
52 55
53 55
54 55
55 55
56 55
58 55
60 55
62 55
63 55
65 55
73 55
75 55
76 55
78 55
81 55
83 55
84 55
86 55
87 55
88 55
90 55
94 55
95 55
97 55
99 55
100 55
4 56
12 56
15 56
17 56
19 56
20 56
21 56
22 56
23 56
24 56
27 56
28 56
30 56
31 56
34 56
35 56
37 56
38 56
39 56
40 56
41 56
42 56
43 56
46 56
49 56
50 56
55 56
58 56
59 56
64 56
67 56
69 56
70 56
73 56
77 56
78 56
79 56
85 56
87 56
92 56
93 56
94 56
97 56
4 57
6 57
7 57
14 57
15 57
17 57
22 57
23 57
24 57
33 57
34 57
36 57
37 57
38 57
40 57
41 57
42 57
44 57
47 57
49 57
50 57
51 57
54 57
55 57
58 57
59 57
60 57
61 57
62 57
64 57
75 57
76 57
79 57
80 57
83 57
84 57
85 57
87 57
89 57
91 57
92 57
96 57
100 57
1 58
2 58
4 58
8 58
9 58
11 58
12 58
15 58
16 58
20 58
21 58
22 58
25 58
29 58
30 58
31 58
32 58
33 58
36 58
38 58
41 58
43 58
46 58
48 58
50 58
53 58
54 58
56 58
57 58
58 58
60 58
61 58
63 58
67 58
68 58
69 58
72 58
73 58
75 58
78 58
79 58
83 58
84 58
85 58
87 58
91 58
92 58
94 58
95 58
99 58
4 59
6 59
7 59
8 59
9 59
15 59
18 59
20 59
24 59
25 59
28 59
32 59
33 59
36 59
37 59
38 59
40 59
41 59
45 59
49 59
50 59
51 59
52 59
53 59
54 59
55 59
56 59
57 59
59 59
64 59
66 59
68 59
69 59
75 59
80 59
82 59
83 59
85 59
86 59
90 59
91 59
93 59
94 59
95 59
99 59
1 60
2 60
4 60
7 60
8 60
9 60
10 60
13 60
16 60
17 60
20 60
25 60
26 60
27 60
28 60
32 60
33 60
36 60
43 60
45 60
49 60
51 60
52 60
53 60
56 60
58 60
59 60
60 60
61 60
62 60
65 60
66 60
68 60
71 60
73 60
75 60
78 60
80 60
81 60
83 60
86 60
87 60
88 60
89 60
90 60
91 60
92 60
94 60
95 60
96 60
98 60
99 60
2 61
3 61
5 61
7 61
8 61
11 61
17 61
18 61
21 61
24 61
25 61
27 61
30 61
32 61
35 61
36 61
37 61
38 61
41 61
44 61
45 61
46 61
52 61
53 61
54 61
55 61
56 61
57 61
59 61
60 61
64 61
66 61
70 61
71 61
75 61
76 61
77 61
79 61
84 61
85 61
86 61
87 61
88 61
94 61
97 61
1 62
3 62
10 62
12 62
13 62
14 62
15 62
17 62
19 62
21 62
23 62
24 62
26 62
27 62
29 62
30 62
32 62
33 62
35 62
36 62
37 62
38 62
39 62
42 62
44 62
47 62
48 62
49 62
51 62
52 62
53 62
54 62
58 62
61 62
63 62
64 62
65 62
66 62
67 62
70 62
71 62
72 62
79 62
81 62
83 62
85 62
86 62
88 62
89 62
91 62
92 62
94 62
95 62
96 62
97 62
99 62
100 62
2 63
3 63
4 63
5 63
6 63
7 63
8 63
12 63
14 63
15 63
16 63
18 63
21 63
22 63
27 63
28 63
31 63
32 63
35 63
36 63
37 63
40 63
41 63
43 63
44 63
45 63
46 63
47 63
48 63
52 63
54 63
55 63
56 63
57 63
59 63
62 63
63 63
67 63
69 63
71 63
72 63
73 63
74 63
76 63
78 63
79 63
80 63
81 63
82 63
83 63
87 63
88 63
90 63
91 63
93 63
94 63
96 63
97 63
98 63
100 63
1 64
2 64
8 64
9 64
12 64
13 64
15 64
16 64
18 64
21 64
22 64
23 64
26 64
30 64
31 64
33 64
34 64
36 64
38 64
39 64
42 64
44 64
51 64
54 64
57 64
60 64
73 64
74 64
75 64
76 64
79 64
80 64
82 64
85 64
87 64
88 64
89 64
91 64
92 64
93 64
96 64
97 64
98 64
100 64
1 65
2 65
4 65
5 65
6 65
7 65
8 65
9 65
10 65
13 65
14 65
15 65
18 65
20 65
23 65
25 65
26 65
30 65
32 65
34 65
35 65
37 65
38 65
43 65
48 65
49 65
50 65
54 65
55 65
57 65
58 65
59 65
61 65
62 65
66 65
69 65
71 65
72 65
77 65
78 65
79 65
83 65
84 65
88 65
89 65
91 65
94 65
95 65
97 65
98 65
99 65
100 65
7 66
8 66
9 66
10 66
12 66
13 66
15 66
17 66
19 66
23 66
27 66
30 66
31 66
37 66
38 66
40 66
41 66
42 66
43 66
44 66
45 66
47 66
48 66
49 66
53 66
55 66
56 66
57 66
59 66
61 66
62 66
64 66
65 66
66 66
68 66
69 66
73 66
75 66
76 66
77 66
78 66
80 66
81 66
82 66
83 66
85 66
86 66
88 66
89 66
91 66
93 66
94 66
96 66
97 66
99 66
3 67
4 67
6 67
7 67
8 67
9 67
10 67
11 67
13 67
16 67
17 67
18 67
19 67
20 67
21 67
22 67
23 67
24 67
26 67
27 67
29 67
30 67
33 67
35 67
40 67
41 67
44 67
47 67
48 67
49 67
53 67
54 67
55 67
56 67
60 67
61 67
63 67
64 67
67 67
68 67
70 67
73 67
78 67
79 67
80 67
82 67
83 67
87 67
89 67
91 67
92 67
94 67
95 67
97 67
99 67
100 67
1 68
3 68
6 68
8 68
11 68
13 68
16 68
20 68
21 68
22 68
24 68
25 68
27 68
28 68
29 68
31 68
33 68
35 68
39 68
42 68
44 68
45 68
46 68
51 68
52 68
55 68
57 68
58 68
60 68
61 68
63 68
64 68
65 68
66 68
69 68
71 68
72 68
75 68
77 68
81 68
83 68
85 68
87 68
88 68
89 68
90 68
92 68
93 68
96 68
98 68
100 68
7 69
8 69
10 69
12 69
14 69
15 69
16 69
17 69
19 69
24 69
29 69
31 69
32 69
37 69
38 69
41 69
45 69
48 69
50 69
52 69
53 69
54 69
57 69
59 69
61 69
62 69
63 69
64 69
65 69
67 69
68 69
71 69
72 69
75 69
80 69
81 69
83 69
86 69
89 69
93 69
95 69
97 69
99 69
1 70
4 70
5 70
6 70
7 70
8 70
11 70
12 70
13 70
16 70
17 70
19 70
20 70
21 70
23 70
24 70
25 70
27 70
28 70
29 70
33 70
34 70
35 70
39 70
43 70
46 70
48 70
51 70
57 70
61 70
65 70
66 70
71 70
72 70
73 70
76 70
78 70
79 70
87 70
89 70
90 70
92 70
94 70
98 70
99 70
100 70
1 71
2 71
5 71
8 71
9 71
10 71
11 71
15 71
18 71
20 71
21 71
22 71
24 71
26 71
27 71
28 71
30 71
31 71
33 71
35 71
36 71
37 71
40 71
43 71
45 71
46 71
47 71
48 71
50 71
51 71
52 71
54 71
56 71
58 71
60 71
68 71
72 71
80 71
81 71
82 71
83 71
85 71
86 71
87 71
88 71
92 71
95 71
96 71
98 71
100 71
1 72
3 72
4 72
7 72
9 72
10 72
12 72
15 72
16 72
18 72
21 72
23 72
24 72
27 72
32 72
34 72
39 72
43 72
46 72
47 72
48 72
51 72
52 72
53 72
55 72
57 72
58 72
59 72
60 72
61 72
63 72
64 72
65 72
66 72
67 72
68 72
70 72
73 72
74 72
75 72
76 72
77 72
83 72
84 72
86 72
90 72
94 72
95 72
98 72
99 72
2 73
4 73
6 73
8 73
9 73
12 73
14 73
16 73
17 73
19 73
22 73
24 73
25 73
26 73
27 73
28 73
31 73
34 73
35 73
36 73
37 73
38 73
39 73
42 73
44 73
46 73
47 73
50 73
51 73
53 73
54 73
56 73
59 73
60 73
61 73
66 73
67 73
68 73
73 73
74 73
78 73
81 73
84 73
85 73
87 73
89 73
91 73
93 73
95 73
96 73
97 73
99 73
1 74
3 74
5 74
10 74
12 74
13 74
14 74
17 74
22 74
24 74
25 74
27 74
28 74
29 74
31 74
33 74
35 74
36 74
40 74
41 74
42 74
43 74
45 74
47 74
49 74
51 74
53 74
54 74
55 74
56 74
57 74
58 74
62 74
64 74
65 74
66 74
68 74
73 74
77 74
78 74
80 74
81 74
83 74
84 74
85 74
86 74
88 74
89 74
90 74
93 74
94 74
96 74
99 74
100 74
1 75
3 75
5 75
7 75
9 75
13 75
14 75
19 75
20 75
21 75
23 75
24 75
25 75
26 75
31 75
32 75
33 75
34 75
36 75
40 75
42 75
44 75
46 75
51 75
54 75
56 75
62 75
63 75
65 75
66 75
67 75
70 75
74 75
78 75
81 75
82 75
83 75
87 75
90 75
97 75
1 76
2 76
3 76
4 76
6 76
9 76
10 76
11 76
12 76
13 76
14 76
15 76
16 76
19 76
22 76
24 76
26 76
27 76
29 76
31 76
32 76
33 76
37 76
41 76
43 76
48 76
49 76
51 76
54 76
55 76
56 76
57 76
62 76
64 76
66 76
67 76
68 76
69 76
73 76
75 76
78 76
79 76
85 76
88 76
89 76
90 76
92 76
96 76
97 76
98 76
99 76
100 76
3 77
7 77
12 77
17 77
19 77
20 77
21 77
24 77
31 77
33 77
38 77
44 77
45 77
46 77
47 77
48 77
51 77
52 77
54 77
57 77
58 77
59 77
60 77
63 77
64 77
65 77
66 77
70 77
71 77
72 77
73 77
74 77
75 77
76 77
78 77
79 77
80 77
81 77
82 77
83 77
84 77
85 77
86 77
88 77
89 77
90 77
92 77
93 77
96 77
98 77
3 78
8 78
9 78
14 78
16 78
21 78
23 78
24 78
28 78
30 78
33 78
41 78
43 78
45 78
48 78
53 78
63 78
64 78
66 78
67 78
69 78
74 78
75 78
78 78
82 78
83 78
87 78
91 78
92 78
93 78
94 78
99 78
100 78
5 79
7 79
8 79
11 79
12 79
16 79
18 79
19 79
20 79
21 79
24 79
25 79
27 79
31 79
33 79
37 79
39 79
40 79
43 79
44 79
45 79
48 79
53 79
54 79
55 79
57 79
58 79
59 79
61 79
62 79
64 79
67 79
68 79
70 79
71 79
77 79
78 79
79 79
80 79
84 79
85 79
86 79
87 79
89 79
91 79
95 79
97 79
100 79
2 80
4 80
7 80
15 80
17 80
18 80
21 80
24 80
25 80
29 80
30 80
32 80
33 80
34 80
35 80
36 80
38 80
40 80
41 80
43 80
45 80
46 80
56 80
57 80
58 80
59 80
60 80
62 80
63 80
65 80
69 80
70 80
71 80
72 80
74 80
81 80
82 80
83 80
86 80
88 80
92 80
93 80
97 80
99 80
100 80
3 81
4 81
5 81
6 81
7 81
10 81
13 81
14 81
19 81
20 81
23 81
25 81
28 81
29 81
30 81
31 81
32 81
34 81
35 81
41 81
42 81
45 81
46 81
47 81
49 81
50 81
53 81
54 81
55 81
56 81
57 81
58 81
60 81
63 81
64 81
65 81
68 81
69 81
72 81
73 81
80 81
81 81
82 81
83 81
84 81
87 81
89 81
90 81
91 81
93 81
95 81
99 81
100 81
1 82
2 82
4 82
5 82
6 82
7 82
10 82
11 82
15 82
16 82
18 82
20 82
21 82
25 82
30 82
34 82
37 82
38 82
39 82
41 82
46 82
47 82
52 82
54 82
56 82
57 82
58 82
60 82
63 82
64 82
65 82
69 82
70 82
75 82
77 82
80 82
82 82
84 82
86 82
89 82
91 82
94 82
95 82
97 82
1 83
2 83
3 83
4 83
8 83
9 83
10 83
11 83
13 83
14 83
16 83
19 83
22 83
25 83
26 83
28 83
29 83
32 83
36 83
39 83
40 83
43 83
44 83
51 83
52 83
55 83
56 83
57 83
58 83
61 83
66 83
70 83
71 83
75 83
77 83
78 83
79 83
80 83
82 83
84 83
85 83
86 83
87 83
88 83
91 83
93 83
94 83
96 83
97 83
99 83
100 83
1 84
2 84
4 84
8 84
9 84
13 84
14 84
16 84
19 84
20 84
21 84
24 84
26 84
27 84
28 84
30 84
34 84
35 84
36 84
39 84
40 84
41 84
44 84
47 84
49 84
50 84
51 84
53 84
55 84
57 84
58 84
59 84
60 84
61 84
63 84
65 84
67 84
71 84
72 84
74 84
76 84
77 84
78 84
79 84
80 84
81 84
84 84
85 84
90 84
92 84
94 84
96 84
98 84
99 84
100 84
2 85
3 85
5 85
8 85
10 85
13 85
15 85
20 85
24 85
25 85
27 85
28 85
31 85
33 85
34 85
35 85
36 85
38 85
39 85
40 85
41 85
42 85
45 85
47 85
48 85
50 85
51 85
55 85
58 85
67 85
68 85
69 85
70 85
73 85
74 85
75 85
76 85
87 85
88 85
91 85
93 85
96 85
98 85
99 85
100 85
3 86
5 86
6 86
7 86
8 86
12 86
15 86
21 86
23 86
26 86
27 86
28 86
29 86
31 86
32 86
33 86
35 86
36 86
37 86
38 86
43 86
45 86
46 86
47 86
55 86
57 86
58 86
60 86
61 86
64 86
66 86
68 86
69 86
71 86
72 86
74 86
76 86
77 86
80 86
81 86
83 86
84 86
85 86
88 86
93 86
94 86
95 86
96 86
98 86
99 86
1 87
3 87
5 87
6 87
8 87
9 87
12 87
16 87
18 87
19 87
21 87
26 87
29 87
31 87
32 87
34 87
36 87
39 87
40 87
41 87
42 87
48 87
49 87
50 87
51 87
52 87
53 87
54 87
57 87
58 87
62 87
63 87
64 87
70 87
72 87
74 87
75 87
77 87
79 87
81 87
82 87
83 87
87 87
88 87
89 87
91 87
92 87
93 87
94 87
96 87
98 87
99 87
100 87
8 88
9 88
11 88
12 88
13 88
17 88
18 88
19 88
22 88
23 88
24 88
26 88
28 88
29 88
32 88
33 88
34 88
38 88
41 88
42 88
44 88
45 88
48 88
49 88
50 88
54 88
56 88
59 88
60 88
61 88
63 88
64 88
69 88
70 88
71 88
72 88
77 88
80 88
81 88
85 88
87 88
88 88
89 88
93 88
96 88
98 88
99 88
1 89
5 89
8 89
10 89
11 89
15 89
16 89
17 89
18 89
22 89
23 89
24 89
26 89
28 89
30 89
31 89
34 89
36 89
38 89
44 89
46 89
49 89
51 89
55 89
61 89
62 89
63 89
66 89
68 89
72 89
73 89
74 89
75 89
78 89
79 89
84 89
85 89
86 89
89 89
91 89
93 89
94 89
98 89
100 89
1 90
3 90
4 90
6 90
11 90
17 90
18 90
20 90
25 90
26 90
30 90
33 90
34 90
35 90
36 90
40 90
43 90
45 90
46 90
47 90
49 90
55 90
57 90
58 90
60 90
61 90
62 90
63 90
64 90
66 90
67 90
71 90
72 90
73 90
74 90
75 90
76 90
83 90
84 90
86 90
88 90
97 90
99 90
2 91
4 91
5 91
8 91
9 91
10 91
11 91
13 91
15 91
20 91
25 91
27 91
31 91
33 91
34 91
35 91
39 91
41 91
43 91
45 91
46 91
49 91
52 91
55 91
56 91
57 91
58 91
59 91
62 91
63 91
64 91
66 91
67 91
69 91
71 91
73 91
75 91
77 91
79 91
80 91
81 91
83 91
84 91
87 91
91 91
92 91
98 91
100 91
1 92
2 92
5 92
6 92
7 92
11 92
13 92
15 92
16 92
17 92
18 92
19 92
20 92
23 92
24 92
25 92
30 92
34 92
35 92
38 92
42 92
45 92
46 92
48 92
52 92
54 92
55 92
57 92
58 92
59 92
61 92
63 92
64 92
65 92
67 92
68 92
69 92
72 92
74 92
75 92
78 92
80 92
81 92
84 92
85 92
87 92
88 92
91 92
92 92
93 92
95 92
97 92
98 92
99 92
100 92
2 93
8 93
9 93
13 93
14 93
16 93
17 93
20 93
22 93
27 93
28 93
29 93
34 93
35 93
36 93
37 93
39 93
40 93
41 93
45 93
46 93
47 93
49 93
51 93
53 93
57 93
59 93
60 93
64 93
65 93
68 93
69 93
71 93
72 93
74 93
77 93
80 93
89 93
90 93
94 93
96 93
98 93
99 93
1 94
3 94
4 94
5 94
6 94
12 94
13 94
14 94
16 94
18 94
21 94
23 94
24 94
25 94
27 94
30 94
32 94
35 94
36 94
39 94
41 94
42 94
44 94
45 94
46 94
48 94
49 94
51 94
52 94
55 94
58 94
59 94
61 94
62 94
64 94
65 94
71 94
73 94
74 94
75 94
76 94
78 94
80 94
84 94
87 94
89 94
90 94
91 94
92 94
95 94
99 94
100 94
1 95
2 95
3 95
6 95
7 95
11 95
16 95
20 95
24 95
25 95
29 95
30 95
31 95
32 95
33 95
34 95
35 95
36 95
37 95
41 95
43 95
46 95
47 95
50 95
56 95
61 95
63 95
65 95
66 95
67 95
69 95
72 95
73 95
76 95
78 95
79 95
80 95
82 95
83 95
84 95
85 95
86 95
87 95
89 95
90 95
91 95
94 95
96 95
97 95
98 95
99 95
1 96
3 96
5 96
7 96
8 96
10 96
11 96
12 96
15 96
16 96
17 96
19 96
20 96
22 96
23 96
24 96
25 96
27 96
28 96
29 96
31 96
33 96
36 96
37 96
38 96
39 96
40 96
49 96
50 96
56 96
61 96
62 96
63 96
64 96
65 96
66 96
67 96
69 96
70 96
71 96
74 96
75 96
79 96
81 96
82 96
83 96
84 96
86 96
90 96
92 96
93 96
95 96
96 96
99 96
100 96
2 97
4 97
10 97
12 97
16 97
17 97
20 97
21 97
23 97
24 97
25 97
26 97
27 97
28 97
29 97
30 97
32 97
33 97
34 97
37 97
38 97
39 97
40 97
47 97
49 97
51 97
52 97
53 97
55 97
59 97
60 97
61 97
62 97
65 97
70 97
72 97
75 97
76 97
77 97
82 97
83 97
84 97
86 97
87 97
88 97
89 97
90 97
94 97
99 97
1 98
7 98
10 98
11 98
12 98
13 98
14 98
15 98
17 98
18 98
19 98
21 98
22 98
23 98
25 98
26 98
29 98
30 98
33 98
34 98
35 98
36 98
38 98
40 98
44 98
45 98
47 98
48 98
49 98
50 98
51 98
55 98
56 98
58 98
61 98
65 98
67 98
68 98
69 98
70 98
71 98
74 98
75 98
76 98
78 98
88 98
89 98
90 98
93 98
98 98
100 98
1 99
2 99
3 99
4 99
5 99
12 99
14 99
15 99
16 99
17 99
18 99
19 99
20 99
21 99
26 99
27 99
29 99
30 99
32 99
33 99
37 99
38 99
39 99
40 99
45 99
48 99
49 99
50 99
51 99
52 99
54 99
55 99
56 99
57 99
58 99
62 99
63 99
64 99
66 99
69 99
70 99
71 99
72 99
74 99
76 99
77 99
78 99
81 99
82 99
83 99
86 99
87 99
89 99
91 99
93 99
96 99
99 99
3 100
9 100
10 100
13 100
14 100
17 100
19 100
20 100
23 100
26 100
28 100
29 100
31 100
33 100
34 100
36 100
38 100
40 100
41 100
44 100
46 100
47 100
49 100
50 100
51 100
54 100
55 100
56 100
57 100
59 100
60 100
61 100
62 100
63 100
64 100
69 100
70 100
74 100
76 100
78 100
79 100
82 100
84 100
85 100
88 100
89 100
90 100
93 100
95 100
97 100
99 100
