100
3 1
5 1
6 1
7 1
11 1
14 1
15 1
16 1
17 1
18 1
22 1
26 1
27 1
30 1
39 1
43 1
46 1
47 1
48 1
52 1
56 1
59 1
60 1
61 1
65 1
66 1
68 1
71 1
72 1
75 1
76 1
78 1
79 1
80 1
81 1
82 1
84 1
85 1
86 1
87 1
88 1
89 1
90 1
91 1
95 1
96 1
97 1
100 1
2 2
4 2
8 2
10 2
11 2
12 2
16 2
22 2
24 2
27 2
29 2
30 2
31 2
32 2
35 2
37 2
39 2
40 2
42 2
45 2
46 2
49 2
51 2
53 2
56 2
60 2
63 2
64 2
65 2
68 2
70 2
72 2
73 2
76 2
77 2
80 2
81 2
86 2
87 2
88 2
90 2
91 2
95 2
97 2
98 2
1 3
4 3
5 3
7 3
8 3
10 3
11 3
12 3
13 3
14 3
16 3
18 3
19 3
20 3
22 3
25 3
26 3
30 3
32 3
33 3
34 3
36 3
40 3
41 3
43 3
45 3
46 3
47 3
50 3
52 3
53 3
55 3
56 3
57 3
58 3
62 3
64 3
66 3
72 3
73 3
74 3
75 3
76 3
77 3
78 3
79 3
81 3
82 3
84 3
87 3
88 3
89 3
91 3
93 3
94 3
95 3
97 3
100 3
1 4
3 4
4 4
5 4
6 4
7 4
9 4
11 4
12 4
14 4
15 4
16 4
19 4
20 4
21 4
24 4
25 4
26 4
29 4
30 4
31 4
32 4
33 4
34 4
36 4
38 4
39 4
40 4
43 4
44 4
45 4
47 4
48 4
51 4
52 4
59 4
63 4
64 4
65 4
67 4
68 4
69 4
70 4
71 4
72 4
73 4
76 4
78 4
79 4
80 4
81 4
83 4
84 4
86 4
87 4
93 4
96 4
98 4
100 4
1 5
2 5
5 5
6 5
7 5
8 5
10 5
13 5
14 5
15 5
16 5
18 5
20 5
21 5
22 5
28 5
29 5
30 5
32 5
36 5
38 5
42 5
43 5
44 5
46 5
47 5
48 5
49 5
51 5
52 5
55 5
58 5
60 5
63 5
64 5
65 5
69 5
73 5
76 5
80 5
81 5
82 5
84 5
85 5
86 5
87 5
91 5
92 5
93 5
98 5
99 5
2 6
3 6
5 6
6 6
7 6
11 6
12 6
16 6
17 6
20 6
23 6
25 6
26 6
28 6
29 6
30 6
33 6
34 6
35 6
44 6
46 6
47 6
48 6
49 6
53 6
56 6
58 6
59 6
61 6
62 6
63 6
67 6
68 6
71 6
72 6
73 6
74 6
78 6
80 6
81 6
83 6
84 6
85 6
86 6
87 6
88 6
89 6
90 6
92 6
96 6
1 7
4 7
5 7
6 7
7 7
8 7
11 7
12 7
13 7
14 7
15 7
18 7
19 7
20 7
22 7
23 7
25 7
28 7
29 7
31 7
33 7
34 7
35 7
37 7
38 7
39 7
42 7
44 7
48 7
50 7
51 7
53 7
56 7
57 7
58 7
60 7
61 7
62 7
67 7
68 7
69 7
71 7
80 7
81 7
83 7
85 7
86 7
88 7
90 7
93 7
96 7
98 7
3 8
4 8
9 8
10 8
11 8
12 8
16 8
18 8
19 8
20 8
21 8
22 8
24 8
26 8
28 8
30 8
32 8
33 8
36 8
37 8
40 8
41 8
42 8
44 8
45 8
46 8
48 8
49 8
53 8
54 8
56 8
57 8
58 8
59 8
60 8
65 8
68 8
69 8
70 8
73 8
74 8
77 8
79 8
80 8
81 8
83 8
84 8
90 8
92 8
94 8
96 8
100 8
1 9
3 9
4 9
5 9
8 9
11 9
12 9
13 9
15 9
17 9
18 9
19 9
26 9
27 9
36 9
39 9
40 9
41 9
46 9
50 9
51 9
58 9
60 9
61 9
62 9
63 9
65 9
69 9
71 9
73 9
74 9
75 9
77 9
79 9
80 9
82 9
83 9
84 9
85 9
88 9
93 9
95 9
99 9
100 9
1 10
5 10
6 10
9 10
10 10
11 10
15 10
19 10
20 10
22 10
26 10
27 10
28 10
29 10
30 10
32 10
35 10
39 10
40 10
41 10
44 10
45 10
48 10
49 10
50 10
51 10
52 10
53 10
54 10
55 10
56 10
58 10
60 10
61 10
63 10
64 10
67 10
69 10
71 10
75 10
76 10
79 10
80 10
83 10
84 10
85 10
86 10
87 10
88 10
90 10
95 10
96 10
98 10
99 10
1 11
4 11
6 11
9 11
10 11
12 11
16 11
17 11
18 11
19 11
20 11
21 11
22 11
24 11
28 11
29 11
31 11
34 11
37 11
40 11
42 11
45 11
46 11
47 11
49 11
50 11
51 11
57 11
58 11
59 11
60 11
61 11
62 11
63 11
65 11
67 11
68 11
72 11
73 11
74 11
77 11
79 11
80 11
83 11
87 11
89 11
92 11
94 11
95 11
96 11
99 11
1 12
4 12
7 12
8 12
10 12
12 12
15 12
16 12
18 12
19 12
21 12
23 12
26 12
31 12
33 12
34 12
36 12
37 12
40 12
48 12
49 12
50 12
52 12
53 12
54 12
55 12
56 12
57 12
59 12
64 12
65 12
68 12
71 12
72 12
73 12
74 12
75 12
79 12
83 12
85 12
88 12
89 12
90 12
91 12
94 12
96 12
100 12
9 13
10 13
11 13
13 13
18 13
19 13
25 13
27 13
28 13
29 13
30 13
31 13
32 13
35 13
38 13
39 13
40 13
41 13
43 13
45 13
46 13
47 13
49 13
50 13
51 13
53 13
54 13
61 13
69 13
71 13
73 13
78 13
80 13
82 13
83 13
84 13
85 13
86 13
90 13
91 13
92 13
93 13
95 13
98 13
99 13
1 14
3 14
5 14
7 14
9 14
11 14
13 14
14 14
20 14
21 14
22 14
23 14
24 14
26 14
27 14
29 14
31 14
33 14
37 14
40 14
41 14
42 14
44 14
51 14
54 14
56 14
60 14
62 14
64 14
65 14
66 14
69 14
70 14
71 14
73 14
75 14
76 14
78 14
81 14
83 14
84 14
85 14
86 14
88 14
89 14
90 14
91 14
92 14
95 14
97 14
99 14
1 15
2 15
3 15
4 15
5 15
6 15
7 15
8 15
9 15
11 15
13 15
14 15
17 15
18 15
23 15
26 15
30 15
32 15
34 15
36 15
37 15
39 15
42 15
44 15
46 15
49 15
50 15
54 15
56 15
57 15
58 15
59 15
64 15
65 15
69 15
70 15
73 15
75 15
76 15
78 15
79 15
80 15
81 15
83 15
87 15
89 15
90 15
92 15
93 15
95 15
3 16
4 16
6 16
8 16
9 16
10 16
12 16
16 16
17 16
18 16
19 16
21 16
24 16
29 16
30 16
32 16
33 16
35 16
36 16
38 16
40 16
41 16
42 16
44 16
47 16
49 16
52 16
54 16
56 16
57 16
60 16
61 16
62 16
64 16
65 16
67 16
69 16
70 16
71 16
73 16
78 16
79 16
81 16
84 16
85 16
86 16
87 16
88 16
89 16
93 16
94 16
95 16
97 16
98 16
100 16
1 17
4 17
8 17
13 17
14 17
15 17
16 17
17 17
20 17
22 17
23 17
24 17
25 17
29 17
30 17
34 17
36 17
37 17
38 17
39 17
41 17
42 17
43 17
44 17
51 17
52 17
54 17
55 17
59 17
60 17
62 17
66 17
69 17
70 17
71 17
72 17
73 17
74 17
75 17
78 17
81 17
90 17
91 17
92 17
93 17
96 17
97 17
98 17
99 17
1 18
4 18
5 18
6 18
8 18
9 18
12 18
14 18
15 18
18 18
22 18
23 18
26 18
30 18
40 18
41 18
44 18
47 18
48 18
49 18
50 18
51 18
54 18
55 18
57 18
58 18
59 18
62 18
66 18
67 18
68 18
72 18
73 18
76 18
77 18
78 18
80 18
81 18
82 18
85 18
89 18
91 18
92 18
95 18
1 19
3 19
4 19
5 19
6 19
10 19
13 19
15 19
16 19
23 19
24 19
25 19
26 19
28 19
30 19
31 19
33 19
34 19
35 19
36 19
39 19
40 19
42 19
46 19
47 19
50 19
52 19
56 19
57 19
63 19
64 19
65 19
66 19
69 19
71 19
73 19
76 19
78 19
80 19
82 19
83 19
84 19
85 19
88 19
89 19
90 19
91 19
94 19
98 19
99 19
1 20
3 20
4 20
5 20
6 20
8 20
9 20
12 20
16 20
17 20
19 20
25 20
26 20
28 20
29 20
34 20
35 20
36 20
37 20
42 20
45 20
47 20
48 20
49 20
51 20
52 20
55 20
56 20
58 20
60 20
61 20
62 20
64 20
67 20
68 20
69 20
70 20
71 20
72 20
73 20
74 20
75 20
78 20
79 20
82 20
83 20
85 20
89 20
90 20
91 20
92 20
93 20
94 20
95 20
97 20
99 20
100 20
3 21
8 21
9 21
10 21
11 21
12 21
13 21
19 21
20 21
21 21
22 21
23 21
26 21
27 21
28 21
29 21
31 21
32 21
34 21
35 21
38 21
39 21
41 21
42 21
46 21
49 21
50 21
52 21
54 21
55 21
57 21
59 21
62 21
64 21
66 21
70 21
71 21
74 21
78 21
81 21
83 21
84 21
85 21
86 21
87 21
88 21
89 21
90 21
92 21
93 21
94 21
100 21
1 22
5 22
6 22
7 22
8 22
10 22
19 22
20 22
22 22
23 22
24 22
25 22
26 22
27 22
33 22
34 22
36 22
37 22
41 22
43 22
45 22
47 22
50 22
51 22
54 22
55 22
56 22
58 22
59 22
62 22
64 22
66 22
67 22
68 22
70 22
71 22
72 22
75 22
77 22
79 22
82 22
88 22
90 22
99 22
1 23
3 23
4 23
10 23
14 23
16 23
20 23
21 23
23 23
24 23
25 23
26 23
33 23
34 23
35 23
38 23
42 23
43 23
45 23
46 23
47 23
48 23
49 23
51 23
52 23
53 23
56 23
57 23
59 23
61 23
62 23
63 23
64 23
65 23
69 23
71 23
72 23
73 23
74 23
78 23
79 23
80 23
84 23
85 23
86 23
88 23
91 23
92 23
93 23
94 23
95 23
100 23
2 24
3 24
7 24
8 24
10 24
11 24
12 24
13 24
15 24
16 24
20 24
22 24
23 24
24 24
27 24
30 24
32 24
34 24
35 24
36 24
38 24
41 24
43 24
45 24
47 24
48 24
49 24
50 24
51 24
53 24
56 24
59 24
61 24
63 24
65 24
70 24
71 24
72 24
73 24
76 24
80 24
81 24
83 24
84 24
85 24
87 24
89 24
96 24
97 24
98 24
99 24
1 25
5 25
8 25
9 25
11 25
14 25
15 25
18 25
20 25
23 25
24 25
26 25
27 25
29 25
30 25
31 25
32 25
33 25
34 25
35 25
40 25
43 25
44 25
45 25
46 25
53 25
56 25
57 25
58 25
59 25
64 25
69 25
70 25
71 25
74 25
76 25
79 25
80 25
81 25
82 25
84 25
87 25
88 25
89 25
90 25
94 25
98 25
99 25
100 25
1 26
2 26
8 26
10 26
13 26
17 26
18 26
19 26
21 26
22 26
24 26
25 26
29 26
30 26
31 26
32 26
37 26
38 26
39 26
42 26
45 26
47 26
52 26
53 26
54 26
60 26
64 26
65 26
68 26
70 26
71 26
72 26
73 26
77 26
79 26
80 26
81 26
82 26
83 26
91 26
93 26
94 26
95 26
96 26
97 26
100 26
1 27
3 27
4 27
5 27
6 27
8 27
10 27
11 27
16 27
18 27
20 27
21 27
22 27
28 27
29 27
31 27
32 27
36 27
37 27
40 27
44 27
46 27
49 27
50 27
54 27
56 27
61 27
63 27
76 27
77 27
79 27
80 27
83 27
84 27
86 27
87 27
89 27
93 27
95 27
98 27
100 27
1 28
5 28
6 28
9 28
10 28
11 28
13 28
14 28
15 28
16 28
17 28
18 28
20 28
21 28
22 28
25 28
26 28
28 28
29 28
33 28
34 28
37 28
39 28
42 28
43 28
44 28
45 28
49 28
50 28
51 28
53 28
55 28
56 28
57 28
58 28
59 28
61 28
64 28
65 28
66 28
67 28
68 28
69 28
73 28
74 28
77 28
78 28
82 28
86 28
89 28
90 28
92 28
95 28
96 28
97 28
99 28
1 29
3 29
5 29
6 29
9 29
11 29
14 29
15 29
16 29
23 29
24 29
26 29
30 29
31 29
33 29
37 29
38 29
47 29
48 29
51 29
52 29
53 29
54 29
55 29
56 29
61 29
65 29
67 29
70 29
72 29
73 29
75 29
76 29
77 29
80 29
81 29
83 29
85 29
88 29
89 29
92 29
93 29
94 29
95 29
96 29
98 29
100 29
3 30
4 30
5 30
6 30
7 30
10 30
14 30
15 30
17 30
18 30
22 30
23 30
25 30
26 30
28 30
29 30
30 30
31 30
34 30
37 30
38 30
39 30
41 30
56 30
57 30
58 30
60 30
62 30
63 30
65 30
69 30
70 30
71 30
72 30
73 30
74 30
76 30
77 30
79 30
80 30
81 30
86 30
87 30
88 30
89 30
90 30
93 30
95 30
96 30
98 30
100 30
3 31
6 31
11 31
13 31
14 31
15 31
16 31
17 31
18 31
19 31
25 31
28 31
29 31
30 31
31 31
32 31
35 31
37 31
40 31
44 31
46 31
47 31
48 31
49 31
51 31
52 31
53 31
54 31
56 31
57 31
58 31
59 31
61 31
63 31
64 31
65 31
66 31
67 31
69 31
71 31
74 31
75 31
78 31
80 31
83 31
85 31
88 31
89 31
90 31
91 31
93 31
94 31
99 31
2 32
4 32
12 32
14 32
18 32
20 32
21 32
23 32
24 32
27 32
31 32
32 32
33 32
38 32
40 32
41 32
45 32
46 32
48 32
50 32
51 32
52 32
55 32
59 32
60 32
61 32
63 32
64 32
65 32
66 32
67 32
68 32
72 32
75 32
76 32
77 32
78 32
81 32
82 32
84 32
87 32
88 32
91 32
93 32
95 32
98 32
100 32
3 33
4 33
5 33
7 33
8 33
10 33
12 33
14 33
16 33
18 33
20 33
21 33
22 33
25 33
26 33
27 33
28 33
29 33
31 33
32 33
34 33
38 33
39 33
40 33
42 33
44 33
47 33
48 33
50 33
51 33
52 33
53 33
55 33
56 33
57 33
60 33
66 33
67 33
70 33
71 33
72 33
74 33
78 33
79 33
84 33
85 33
87 33
90 33
91 33
95 33
96 33
97 33
98 33
99 33
100 33
2 34
3 34
4 34
5 34
6 34
7 34
8 34
10 34
12 34
13 34
15 34
18 34
19 34
20 34
21 34
23 34
25 34
27 34
28 34
30 34
31 34
32 34
35 34
36 34
37 34
39 34
40 34
42 34
45 34
46 34
48 34
51 34
52 34
53 34
54 34
55 34
56 34
57 34
58 34
59 34
60 34
61 34
62 34
63 34
65 34
67 34
69 34
70 34
71 34
73 34
74 34
75 34
76 34
78 34
81 34
83 34
84 34
85 34
86 34
87 34
92 34
93 34
96 34
97 34
98 34
99 34
100 34
1 35
2 35
4 35
6 35
7 35
8 35
9 35
10 35
11 35
12 35
14 35
15 35
17 35
21 35
22 35
24 35
25 35
26 35
28 35
29 35
30 35
31 35
32 35
33 35
34 35
36 35
37 35
38 35
39 35
44 35
49 35
50 35
51 35
58 35
59 35
60 35
61 35
63 35
65 35
68 35
72 35
73 35
74 35
75 35
77 35
78 35
79 35
80 35
87 35
88 35
89 35
91 35
96 35
97 35
98 35
99 35
1 36
3 36
8 36
10 36
13 36
16 36
18 36
23 36
25 36
27 36
28 36
31 36
34 36
36 36
38 36
39 36
40 36
42 36
43 36
45 36
48 36
51 36
52 36
54 36
56 36
57 36
59 36
60 36
62 36
63 36
65 36
66 36
67 36
70 36
71 36
72 36
74 36
76 36
77 36
78 36
79 36
80 36
82 36
83 36
85 36
88 36
89 36
90 36
91 36
92 36
100 36
3 37
6 37
7 37
9 37
10 37
12 37
13 37
15 37
17 37
19 37
23 37
25 37
26 37
27 37
29 37
32 37
33 37
36 37
37 37
38 37
40 37
42 37
43 37
44 37
47 37
50 37
51 37
54 37
55 37
56 37
57 37
58 37
61 37
65 37
66 37
69 37
70 37
73 37
79 37
80 37
81 37
84 37
85 37
87 37
90 37
92 37
94 37
95 37
100 37
1 38
2 38
3 38
4 38
6 38
10 38
11 38
12 38
15 38
16 38
18 38
22 38
23 38
24 38
25 38
26 38
27 38
30 38
32 38
33 38
36 38
37 38
39 38
40 38
41 38
42 38
44 38
45 38
47 38
48 38
50 38
52 38
54 38
55 38
56 38
63 38
66 38
68 38
69 38
70 38
71 38
72 38
76 38
77 38
78 38
81 38
83 38
87 38
89 38
91 38
97 38
4 39
5 39
8 39
11 39
13 39
14 39
16 39
17 39
18 39
19 39
21 39
22 39
24 39
26 39
27 39
28 39
31 39
33 39
35 39
36 39
38 39
39 39
42 39
43 39
45 39
46 39
47 39
48 39
49 39
53 39
54 39
57 39
58 39
60 39
61 39
62 39
65 39
66 39
68 39
69 39
70 39
72 39
74 39
75 39
76 39
77 39
79 39
80 39
81 39
84 39
90 39
91 39
94 39
95 39
96 39
98 39
2 40
4 40
9 40
10 40
11 40
12 40
17 40
20 40
22 40
23 40
24 40
28 40
30 40
34 40
36 40
37 40
39 40
40 40
42 40
43 40
44 40
46 40
48 40
50 40
52 40
53 40
55 40
56 40
57 40
58 40
60 40
61 40
63 40
64 40
65 40
67 40
68 40
69 40
72 40
73 40
75 40
77 40
81 40
82 40
84 40
85 40
87 40
90 40
91 40
92 40
93 40
96 40
99 40
100 40
3 41
4 41
5 41
7 41
8 41
11 41
15 41
16 41
17 41
19 41
21 41
22 41
23 41
24 41
26 41
32 41
33 41
34 41
35 41
36 41
37 41
39 41
42 41
43 41
45 41
48 41
50 41
52 41
53 41
56 41
57 41
58 41
59 41
60 41
61 41
65 41
66 41
67 41
72 41
73 41
75 41
76 41
77 41
79 41
81 41
82 41
83 41
84 41
85 41
86 41
87 41
89 41
90 41
94 41
96 41
97 41
99 41
1 42
2 42
3 42
6 42
7 42
8 42
11 42
12 42
13 42
15 42
18 42
20 42
21 42
22 42
24 42
28 42
30 42
31 42
34 42
35 42
36 42
37 42
47 42
51 42
55 42
57 42
58 42
59 42
60 42
61 42
65 42
66 42
68 42
69 42
71 42
72 42
73 42
77 42
79 42
84 42
90 42
92 42
94 42
95 42
98 42
99 42
100 42
3 43
5 43
8 43
9 43
10 43
12 43
14 43
15 43
17 43
20 43
21 43
22 43
23 43
24 43
25 43
26 43
32 43
33 43
34 43
38 43
44 43
46 43
47 43
49 43
50 43
52 43
53 43
54 43
58 43
61 43
63 43
64 43
68 43
69 43
70 43
71 43
73 43
74 43
76 43
77 43
79 43
80 43
81 43
83 43
86 43
87 43
88 43
89 43
91 43
92 43
94 43
96 43
98 43
99 43
2 44
3 44
4 44
8 44
12 44
13 44
14 44
15 44
16 44
18 44
19 44
22 44
23 44
24 44
25 44
27 44
29 44
34 44
35 44
37 44
39 44
42 44
43 44
44 44
45 44
50 44
52 44
53 44
55 44
56 44
59 44
63 44
65 44
67 44
68 44
69 44
70 44
71 44
72 44
75 44
76 44
78 44
81 44
83 44
86 44
87 44
88 44
89 44
90 44
91 44
93 44
94 44
95 44
96 44
97 44
100 44
1 45
2 45
5 45
8 45
10 45
13 45
14 45
15 45
16 45
17 45
19 45
20 45
21 45
22 45
24 45
25 45
29 45
31 45
32 45
33 45
35 45
36 45
38 45
40 45
41 45
42 45
43 45
45 45
47 45
50 45
56 45
58 45
59 45
60 45
63 45
64 45
65 45
66 45
67 45
69 45
71 45
72 45
73 45
74 45
75 45
76 45
77 45
78 45
82 45
83 45
85 45
88 45
93 45
96 45
99 45
2 46
7 46
15 46
17 46
18 46
20 46
21 46
22 46
26 46
28 46
32 46
34 46
35 46
36 46
37 46
40 46
42 46
43 46
47 46
49 46
50 46
52 46
53 46
54 46
59 46
60 46
61 46
63 46
64 46
66 46
67 46
69 46
71 46
73 46
74 46
79 46
81 46
83 46
85 46
87 46
88 46
91 46
92 46
93 46
94 46
96 46
97 46
100 46
1 47
4 47
12 47
15 47
16 47
19 47
21 47
22 47
24 47
30 47
31 47
32 47
33 47
35 47
36 47
37 47
39 47
44 47
46 47
47 47
49 47
52 47
53 47
54 47
55 47
56 47
59 47
61 47
63 47
65 47
67 47
69 47
74 47
75 47
76 47
77 47
78 47
79 47
80 47
81 47
85 47
86 47
88 47
89 47
90 47
91 47
93 47
94 47
96 47
98 47
100 47
3 48
4 48
6 48
7 48
8 48
9 48
10 48
11 48
12 48
13 48
14 48
18 48
22 48
23 48
25 48
27 48
29 48
30 48
31 48
36 48
37 48
38 48
39 48
40 48
41 48
42 48
46 48
49 48
51 48
52 48
53 48
55 48
57 48
58 48
59 48
61 48
63 48
64 48
68 48
70 48
77 48
78 48
79 48
83 48
86 48
87 48
88 48
91 48
93 48
96 48
98 48
99 48
1 49
3 49
4 49
8 49
9 49
11 49
12 49
13 49
17 49
18 49
19 49
20 49
22 49
23 49
24 49
28 49
29 49
34 49
35 49
37 49
38 49
39 49
41 49
42 49
44 49
45 49
46 49
47 49
49 49
50 49
51 49
52 49
53 49
55 49
58 49
59 49
60 49
62 49
63 49
64 49
65 49
66 49
67 49
69 49
71 49
76 49
77 49
79 49
83 49
85 49
88 49
90 49
91 49
94 49
96 49
97 49
98 49
100 49
2 50
3 50
5 50
6 50
9 50
16 50
19 50
20 50
21 50
23 50
24 50
25 50
27 50
28 50
29 50
30 50
34 50
37 50
38 50
39 50
40 50
43 50
44 50
45 50
50 50
51 50
52 50
55 50
57 50
60 50
61 50
64 50
66 50
68 50
74 50
76 50
78 50
80 50
82 50
84 50
86 50
88 50
89 50
92 50
93 50
97 50
98 50
99 50
4 51
6 51
8 51
10 51
11 51
12 51
15 51
17 51
20 51
22 51
23 51
26 51
27 51
29 51
32 51
33 51
34 51
35 51
41 51
42 51
43 51
44 51
45 51
49 51
50 51
52 51
53 51
55 51
58 51
59 51
61 51
62 51
63 51
65 51
66 51
67 51
68 51
69 51
71 51
73 51
75 51
76 51
81 51
85 51
88 51
89 51
91 51
92 51
97 51
98 51
100 51
4 52
7 52
10 52
11 52
13 52
14 52
15 52
16 52
19 52
20 52
21 52
25 52
26 52
32 52
35 52
36 52
38 52
43 52
44 52
45 52
47 52
49 52
53 52
54 52
55 52
56 52
57 52
58 52
60 52
63 52
65 52
66 52
69 52
70 52
71 52
73 52
75 52
76 52
78 52
80 52
82 52
83 52
84 52
87 52
88 52
89 52
90 52
92 52
94 52
95 52
97 52
98 52
1 53
10 53
11 53
14 53
15 53
16 53
19 53
21 53
22 53
25 53
28 53
32 53
33 53
34 53
35 53
42 53
43 53
44 53
46 53
49 53
50 53
52 53
54 53
55 53
59 53
64 53
65 53
66 53
67 53
68 53
69 53
73 53
74 53
77 53
78 53
79 53
82 53
83 53
88 53
90 53
91 53
94 53
96 53
97 53
3 54
4 54
6 54
8 54
10 54
11 54
12 54
14 54
16 54
19 54
20 54
22 54
23 54
24 54
25 54
27 54
29 54
32 54
33 54
34 54
35 54
38 54
43 54
44 54
46 54
48 54
52 54
54 54
56 54
57 54
58 54
63 54
64 54
67 54
68 54
69 54
70 54
71 54
76 54
78 54
79 54
82 54
92 54
93 54
94 54
97 54
98 54
3 55
5 55
6 55
7 55
10 55
11 55
13 55
17 55
18 55
20 55
23 55
24 55
26 55
27 55
28 55
29 55
30 55
33 55
35 55
36 55
37 55
38 55
41 55
43 55
50 55
53 55
54 55
55 55
56 55
57 55
58 55
59 55
61 55
64 55
65 55
66 55
69 55
70 55
71 55
72 55
79 55
80 55
81 55
82 55
84 55
86 55
87 55
89 55
90 55
91 55
94 55
96 55
97 55
98 55
2 56
3 56
4 56
6 56
7 56
9 56
11 56
12 56
14 56
15 56
17 56
22 56
24 56
26 56
27 56
28 56
29 56
31 56
33 56
35 56
40 56
41 56
43 56
45 56
46 56
49 56
51 56
54 56
56 56
57 56
64 56
69 56
70 56
73 56
74 56
78 56
79 56
80 56
82 56
86 56
88 56
91 56
92 56
94 56
99 56
100 56
3 57
7 57
10 57
12 57
17 57
18 57
20 57
21 57
23 57
24 57
27 57
28 57
29 57
33 57
34 57
38 57
41 57
42 57
44 57
45 57
46 57
47 57
49 57
53 57
55 57
56 57
57 57
58 57
59 57
60 57
64 57
65 57
67 57
72 57
75 57
76 57
77 57
80 57
81 57
83 57
84 57
86 57
87 57
88 57
90 57
93 57
94 57
95 57
96 57
97 57
1 58
2 58
4 58
5 58
6 58
7 58
8 58
11 58
12 58
14 58
15 58
17 58
18 58
19 58
20 58
21 58
23 58
25 58
26 58
31 58
32 58
34 58
35 58
37 58
40 58
41 58
42 58
43 58
45 58
47 58
48 58
50 58
54 58
55 58
60 58
61 58
64 58
67 58
68 58
70 58
73 58
74 58
75 58
79 58
81 58
84 58
86 58
91 58
93 58
95 58
96 58
98 58
3 59
4 59
5 59
6 59
8 59
9 59
10 59
15 59
17 59
25 59
27 59
29 59
30 59
31 59
32 59
35 59
37 59
38 59
40 59
44 59
50 59
51 59
52 59
54 59
57 59
59 59
63 59
66 59
67 59
70 59
71 59
72 59
73 59
74 59
76 59
77 59
79 59
80 59
83 59
85 59
90 59
91 59
92 59
95 59
98 59
99 59
100 59
4 60
5 60
7 60
8 60
9 60
10 60
13 60
15 60
17 60
19 60
20 60
21 60
23 60
24 60
26 60
28 60
30 60
31 60
34 60
36 60
37 60
38 60
39 60
41 60
46 60
49 60
53 60
55 60
62 60
64 60
65 60
66 60
68 60
69 60
70 60
71 60
74 60
77 60
80 60
82 60
91 60
92 60
95 60
96 60
97 60
2 61
4 61
6 61
8 61
11 61
14 61
17 61
18 61
19 61
20 61
21 61
23 61
25 61
27 61
28 61
29 61
30 61
32 61
34 61
35 61
36 61
37 61
38 61
40 61
45 61
46 61
47 61
48 61
49 61
50 61
51 61
52 61
53 61
54 61
55 61
56 61
57 61
60 61
61 61
66 61
69 61
70 61
74 61
76 61
77 61
82 61
83 61
85 61
87 61
91 61
94 61
100 61
2 62
3 62
4 62
5 62
8 62
15 62
17 62
18 62
19 62
20 62
21 62
22 62
24 62
27 62
29 62
30 62
36 62
38 62
39 62
45 62
46 62
47 62
48 62
50 62
52 62
53 62
57 62
58 62
59 62
64 62
66 62
67 62
70 62
72 62
73 62
74 62
75 62
89 62
90 62
93 62
97 62
100 62
2 63
4 63
7 63
8 63
10 63
11 63
15 63
16 63
17 63
19 63
20 63
21 63
23 63
24 63
27 63
28 63
31 63
32 63
34 63
35 63
38 63
40 63
44 63
45 63
46 63
47 63
48 63
50 63
52 63
53 63
55 63
56 63
57 63
58 63
59 63
62 63
63 63
64 63
67 63
68 63
72 63
73 63
74 63
76 63
77 63
78 63
79 63
80 63
82 63
85 63
86 63
88 63
89 63
90 63
91 63
92 63
93 63
95 63
2 64
3 64
4 64
7 64
8 64
9 64
16 64
19 64
20 64
24 64
29 64
30 64
38 64
39 64
41 64
42 64
44 64
49 64
55 64
58 64
66 64
68 64
70 64
72 64
73 64
75 64
76 64
77 64
79 64
81 64
82 64
83 64
84 64
85 64
86 64
88 64
91 64
92 64
95 64
97 64
98 64
1 65
4 65
6 65
8 65
9 65
11 65
12 65
14 65
16 65
17 65
18 65
21 65
22 65
24 65
25 65
26 65
28 65
30 65
32 65
33 65
35 65
38 65
40 65
41 65
43 65
44 65
45 65
46 65
51 65
52 65
53 65
54 65
62 65
63 65
65 65
66 65
67 65
68 65
69 65
70 65
71 65
73 65
75 65
78 65
79 65
80 65
83 65
84 65
86 65
88 65
93 65
95 65
98 65
99 65
100 65
1 66
3 66
4 66
5 66
6 66
8 66
13 66
14 66
17 66
18 66
20 66
22 66
24 66
25 66
26 66
30 66
33 66
36 66
38 66
39 66
41 66
43 66
44 66
46 66
47 66
50 66
52 66
53 66
57 66
59 66
60 66
61 66
64 66
65 66
68 66
70 66
72 66
74 66
75 66
77 66
78 66
79 66
81 66
82 66
83 66
84 66
85 66
95 66
97 66
99 66
100 66
2 67
3 67
4 67
6 67
9 67
10 67
11 67
14 67
15 67
16 67
18 67
20 67
21 67
22 67
26 67
27 67
33 67
35 67
36 67
38 67
42 67
43 67
46 67
47 67
49 67
50 67
51 67
52 67
54 67
56 67
57 67
59 67
60 67
64 67
67 67
69 67
70 67
71 67
73 67
79 67
80 67
82 67
84 67
85 67
87 67
88 67
89 67
93 67
95 67
99 67
100 67
1 68
2 68
3 68
5 68
7 68
8 68
10 68
11 68
12 68
13 68
14 68
15 68
16 68
17 68
19 68
21 68
24 68
26 68
28 68
31 68
36 68
38 68
39 68
40 68
42 68
43 68
47 68
48 68
49 68
51 68
53 68
54 68
55 68
57 68
61 68
67 68
69 68
71 68
74 68
76 68
79 68
81 68
82 68
83 68
84 68
89 68
94 68
95 68
96 68
97 68
99 68
100 68
2 69
4 69
5 69
7 69
12 69
13 69
15 69
17 69
19 69
22 69
23 69
24 69
25 69
28 69
30 69
31 69
32 69
33 69
35 69
36 69
39 69
40 69
41 69
42 69
43 69
44 69
47 69
48 69
49 69
50 69
57 69
58 69
59 69
61 69
63 69
67 69
70 69
72 69
75 69
77 69
78 69
79 69
80 69
81 69
82 69
83 69
85 69
86 69
87 69
88 69
89 69
90 69
92 69
93 69
94 69
95 69
96 69
98 69
100 69
1 70
4 70
5 70
6 70
7 70
8 70
9 70
10 70
13 70
14 70
15 70
18 70
22 70
24 70
27 70
29 70
31 70
33 70
35 70
36 70
40 70
41 70
43 70
45 70
46 70
48 70
49 70
50 70
51 70
53 70
57 70
59 70
60 70
61 70
63 70
67 70
68 70
69 70
70 70
74 70
75 70
77 70
78 70
79 70
81 70
82 70
84 70
87 70
88 70
89 70
92 70
93 70
94 70
96 70
97 70
98 70
99 70
100 70
4 71
5 71
7 71
10 71
12 71
14 71
15 71
17 71
20 71
24 71
25 71
27 71
29 71
30 71
31 71
32 71
33 71
34 71
35 71
36 71
37 71
38 71
41 71
42 71
43 71
46 71
48 71
49 71
50 71
51 71
52 71
53 71
54 71
61 71
63 71
64 71
67 71
70 71
71 71
72 71
73 71
74 71
75 71
77 71
80 71
81 71
82 71
83 71
84 71
92 71
93 71
94 71
95 71
98 71
99 71
100 71
1 72
3 72
9 72
10 72
11 72
16 72
18 72
20 72
21 72
24 72
25 72
26 72
27 72
29 72
30 72
32 72
33 72
35 72
37 72
41 72
42 72
43 72
44 72
45 72
48 72
49 72
51 72
52 72
56 72
57 72
59 72
60 72
61 72
63 72
66 72
67 72
68 72
71 72
72 72
73 72
74 72
75 72
76 72
77 72
79 72
81 72
82 72
84 72
89 72
90 72
91 72
94 72
95 72
98 72
1 73
2 73
6 73
7 73
11 73
12 73
13 73
14 73
16 73
19 73
21 73
23 73
26 73
28 73
29 73
34 73
35 73
36 73
40 73
41 73
42 73
43 73
44 73
47 73
50 73
51 73
54 73
56 73
58 73
59 73
60 73
61 73
63 73
64 73
65 73
67 73
68 73
69 73
71 73
72 73
73 73
74 73
78 73
80 73
82 73
84 73
86 73
88 73
90 73
92 73
95 73
96 73
98 73
1 74
3 74
6 74
7 74
11 74
16 74
17 74
18 74
20 74
25 74
26 74
30 74
32 74
33 74
34 74
35 74
36 74
37 74
38 74
47 74
48 74
50 74
52 74
54 74
56 74
58 74
60 74
61 74
63 74
64 74
66 74
68 74
70 74
78 74
80 74
81 74
83 74
84 74
88 74
90 74
94 74
95 74
96 74
97 74
98 74
2 75
4 75
6 75
7 75
10 75
11 75
14 75
15 75
16 75
19 75
24 75
25 75
26 75
28 75
29 75
31 75
33 75
34 75
37 75
38 75
39 75
40 75
41 75
42 75
44 75
45 75
46 75
47 75
48 75
50 75
51 75
53 75
55 75
56 75
57 75
58 75
59 75
60 75
61 75
66 75
67 75
70 75
77 75
79 75
81 75
82 75
83 75
85 75
86 75
87 75
89 75
92 75
93 75
95 75
96 75
97 75
98 75
1 76
2 76
3 76
5 76
8 76
9 76
11 76
13 76
14 76
15 76
17 76
19 76
20 76
21 76
22 76
23 76
24 76
25 76
28 76
31 76
32 76
34 76
36 76
37 76
39 76
41 76
42 76
43 76
44 76
49 76
51 76
55 76
56 76
64 76
65 76
66 76
67 76
69 76
71 76
72 76
73 76
79 76
81 76
83 76
84 76
85 76
86 76
90 76
92 76
95 76
97 76
98 76
99 76
1 77
2 77
7 77
8 77
9 77
11 77
14 77
16 77
18 77
19 77
20 77
23 77
24 77
25 77
27 77
28 77
29 77
30 77
33 77
34 77
41 77
42 77
43 77
47 77
48 77
50 77
53 77
54 77
57 77
61 77
63 77
65 77
67 77
70 77
71 77
72 77
75 77
77 77
80 77
82 77
83 77
84 77
86 77
87 77
88 77
89 77
93 77
94 77
95 77
96 77
97 77
98 77
1 78
2 78
4 78
6 78
9 78
10 78
11 78
13 78
15 78
19 78
20 78
21 78
22 78
23 78
24 78
26 78
27 78
29 78
34 78
35 78
37 78
42 78
44 78
46 78
48 78
49 78
52 78
54 78
56 78
58 78
61 78
62 78
63 78
65 78
67 78
69 78
71 78
72 78
76 78
79 78
80 78
82 78
83 78
85 78
87 78
88 78
89 78
90 78
91 78
92 78
93 78
94 78
95 78
96 78
99 78
100 78
1 79
2 79
4 79
7 79
10 79
12 79
13 79
14 79
15 79
16 79
18 79
19 79
20 79
21 79
22 79
23 79
25 79
26 79
27 79
29 79
30 79
31 79
33 79
41 79
43 79
44 79
46 79
47 79
48 79
50 79
52 79
54 79
56 79
57 79
59 79
60 79
64 79
65 79
66 79
67 79
68 79
69 79
70 79
71 79
72 79
74 79
76 79
77 79
79 79
82 79
85 79
89 79
91 79
92 79
93 79
97 79
99 79
100 79
2 80
3 80
4 80
6 80
13 80
14 80
20 80
21 80
23 80
26 80
29 80
30 80
32 80
33 80
34 80
37 80
38 80
44 80
45 80
48 80
50 80
52 80
53 80
55 80
56 80
59 80
61 80
62 80
65 80
67 80
69 80
70 80
71 80
73 80
75 80
77 80
78 80
80 80
81 80
83 80
84 80
85 80
86 80
88 80
89 80
91 80
92 80
93 80
94 80
96 80
98 80
1 81
2 81
10 81
13 81
16 81
17 81
18 81
21 81
22 81
25 81
27 81
28 81
29 81
32 81
36 81
38 81
41 81
42 81
46 81
49 81
54 81
56 81
57 81
58 81
60 81
62 81
69 81
74 81
77 81
78 81
79 81
80 81
81 81
82 81
83 81
86 81
87 81
88 81
89 81
90 81
92 81
94 81
95 81
96 81
99 81
100 81
1 82
2 82
3 82
4 82
7 82
9 82
11 82
13 82
14 82
20 82
21 82
22 82
23 82
25 82
26 82
30 82
33 82
34 82
36 82
38 82
40 82
42 82
43 82
44 82
45 82
46 82
48 82
50 82
53 82
57 82
60 82
61 82
62 82
63 82
66 82
67 82
69 82
70 82
71 82
72 82
75 82
76 82
77 82
79 82
83 82
84 82
85 82
87 82
88 82
91 82
98 82
100 82
3 83
4 83
5 83
7 83
9 83
10 83
11 83
17 83
18 83
19 83
20 83
22 83
25 83
27 83
28 83
30 83
33 83
35 83
37 83
38 83
39 83
42 83
43 83
49 83
50 83
52 83
53 83
54 83
55 83
64 83
65 83
67 83
68 83
69 83
71 83
72 83
73 83
75 83
80 83
81 83
82 83
87 83
88 83
89 83
91 83
93 83
94 83
95 83
96 83
97 83
100 83
1 84
3 84
5 84
6 84
7 84
10 84
12 84
16 84
17 84
18 84
21 84
25 84
26 84
27 84
30 84
32 84
36 84
38 84
39 84
42 84
43 84
47 84
50 84
51 84
52 84
53 84
55 84
57 84
59 84
61 84
62 84
63 84
68 84
69 84
71 84
78 84
80 84
81 84
82 84
83 84
84 84
85 84
92 84
93 84
94 84
98 84
99 84
1 85
4 85
6 85
7 85
13 85
17 85
18 85
21 85
23 85
24 85
26 85
28 85
30 85
33 85
36 85
37 85
38 85
40 85
41 85
43 85
44 85
47 85
48 85
50 85
51 85
52 85
55 85
56 85
60 85
61 85
62 85
64 85
66 85
70 85
71 85
74 85
77 85
78 85
79 85
82 85
83 85
86 85
89 85
90 85
92 85
95 85
96 85
100 85
4 86
6 86
9 86
10 86
12 86
13 86
14 86
15 86
17 86
19 86
20 86
21 86
27 86
30 86
31 86
33 86
34 86
38 86
39 86
41 86
43 86
44 86
45 86
46 86
48 86
50 86
51 86
52 86
53 86
58 86
60 86
62 86
63 86
64 86
65 86
66 86
67 86
69 86
71 86
73 86
74 86
76 86
79 86
80 86
83 86
85 86
87 86
88 86
90 86
91 86
92 86
93 86
96 86
97 86
98 86
1 87
2 87
3 87
6 87
7 87
8 87
9 87
12 87
14 87
17 87
18 87
21 87
22 87
23 87
24 87
27 87
28 87
32 87
33 87
34 87
36 87
37 87
41 87
46 87
47 87
48 87
51 87
54 87
56 87
58 87
61 87
63 87
69 87
77 87
78 87
79 87
81 87
82 87
84 87
85 87
87 87
88 87
89 87
92 87
93 87
95 87
98 87
1 88
3 88
11 88
15 88
16 88
19 88
23 88
26 88
27 88
29 88
35 88
36 88
37 88
38 88
39 88
42 88
43 88
44 88
47 88
48 88
49 88
51 88
52 88
55 88
57 88
60 88
61 88
62 88
66 88
67 88
68 88
71 88
74 88
75 88
82 88
84 88
86 88
89 88
90 88
91 88
92 88
95 88
98 88
3 89
6 89
10 89
11 89
13 89
15 89
18 89
21 89
23 89
24 89
29 89
34 89
35 89
36 89
37 89
40 89
43 89
46 89
47 89
56 89
58 89
59 89
61 89
66 89
68 89
72 89
73 89
75 89
76 89
77 89
78 89
80 89
82 89
83 89
84 89
88 89
90 89
94 89
100 89
4 90
5 90
7 90
10 90
12 90
13 90
15 90
17 90
18 90
20 90
24 90
27 90
30 90
31 90
34 90
35 90
36 90
38 90
43 90
45 90
48 90
52 90
54 90
56 90
58 90
63 90
64 90
65 90
66 90
69 90
72 90
78 90
80 90
81 90
85 90
89 90
90 90
91 90
92 90
93 90
95 90
96 90
97 90
100 90
1 91
5 91
6 91
9 91
12 91
13 91
14 91
18 91
19 91
21 91
22 91
24 91
25 91
26 91
28 91
29 91
31 91
34 91
35 91
36 91
38 91
41 91
42 91
43 91
44 91
45 91
46 91
47 91
49 91
59 91
62 91
66 91
67 91
69 91
76 91
77 91
79 91
82 91
83 91
84 91
86 91
88 91
89 91
90 91
92 91
93 91
94 91
95 91
97 91
98 91
99 91
100 91
1 92
2 92
5 92
6 92
8 92
11 92
12 92
13 92
14 92
15 92
17 92
19 92
20 92
21 92
22 92
23 92
24 92
26 92
27 92
28 92
29 92
30 92
34 92
40 92
42 92
45 92
46 92
47 92
51 92
54 92
55 92
59 92
61 92
63 92
65 92
68 92
69 92
70 92
71 92
73 92
78 92
82 92
85 92
88 92
92 92
93 92
94 92
96 92
97 92
99 92
4 93
5 93
6 93
7 93
8 93
10 93
13 93
14 93
15 93
16 93
17 93
26 93
27 93
28 93
29 93
30 93
31 93
36 93
40 93
42 93
43 93
44 93
45 93
46 93
47 93
48 93
49 93
54 93
56 93
57 93
59 93
60 93
61 93
64 93
66 93
69 93
73 93
74 93
77 93
81 93
82 93
83 93
84 93
86 93
87 93
89 93
91 93
92 93
95 93
2 94
5 94
7 94
8 94
9 94
13 94
14 94
19 94
23 94
24 94
26 94
28 94
34 94
35 94
37 94
46 94
47 94
49 94
52 94
53 94
54 94
55 94
57 94
59 94
60 94
61 94
62 94
63 94
65 94
67 94
70 94
74 94
75 94
76 94
80 94
84 94
85 94
88 94
93 94
94 94
96 94
97 94
98 94
1 95
3 95
8 95
10 95
15 95
18 95
21 95
22 95
26 95
27 95
28 95
31 95
32 95
35 95
37 95
39 95
40 95
41 95
42 95
46 95
48 95
49 95
50 95
51 95
53 95
55 95
57 95
64 95
66 95
67 95
70 95
71 95
72 95
73 95
74 95
75 95
79 95
82 95
84 95
86 95
87 95
90 95
93 95
1 96
2 96
5 96
7 96
9 96
10 96
11 96
13 96
15 96
16 96
17 96
18 96
20 96
23 96
24 96
30 96
32 96
34 96
35 96
36 96
37 96
39 96
40 96
41 96
42 96
46 96
47 96
48 96
50 96
52 96
53 96
54 96
55 96
56 96
57 96
61 96
62 96
64 96
65 96
66 96
68 96
69 96
70 96
73 96
79 96
80 96
83 96
84 96
88 96
91 96
92 96
96 96
98 96
99 96
2 97
3 97
4 97
5 97
6 97
7 97
8 97
11 97
12 97
14 97
15 97
17 97
21 97
22 97
23 97
24 97
26 97
27 97
28 97
29 97
31 97
33 97
34 97
36 97
40 97
45 97
48 97
52 97
53 97
54 97
55 97
59 97
60 97
61 97
63 97
65 97
66 97
68 97
70 97
71 97
73 97
74 97
77 97
79 97
81 97
86 97
87 97
90 97
91 97
93 97
99 97
100 97
3 98
7 98
12 98
14 98
15 98
16 98
18 98
20 98
21 98
22 98
23 98
25 98
28 98
29 98
31 98
35 98
36 98
41 98
44 98
46 98
48 98
50 98
51 98
54 98
57 98
59 98
60 98
63 98
64 98
65 98
66 98
67 98
68 98
69 98
70 98
71 98
75 98
78 98
79 98
81 98
83 98
84 98
85 98
87 98
88 98
89 98
91 98
94 98
100 98
1 99
2 99
3 99
5 99
7 99
8 99
11 99
12 99
13 99
15 99
18 99
21 99
24 99
26 99
27 99
29 99
32 99
33 99
34 99
37 99
38 99
39 99
40 99
41 99
48 99
50 99
51 99
52 99
53 99
56 99
57 99
59 99
60 99
61 99
62 99
63 99
65 99
66 99
69 99
70 99
71 99
74 99
76 99
79 99
80 99
86 99
88 99
89 99
90 99
91 99
93 99
94 99
97 99
99 99
4 100
5 100
6 100
7 100
8 100
10 100
13 100
14 100
15 100
18 100
19 100
23 100
24 100
25 100
26 100
27 100
28 100
29 100
32 100
33 100
34 100
35 100
36 100
37 100
38 100
40 100
47 100
51 100
52 100
54 100
55 100
56 100
58 100
59 100
61 100
64 100
65 100
66 100
67 100
70 100
72 100
76 100
78 100
80 100
81 100
82 100
83 100
84 100
88 100
91 100
92 100
95 100
97 100
98 100
