100
90 1
7 2
81 3
13 6
31 6
79 7
21 10
12 11
69 11
100 11
43 12
50 13
11 14
33 16
25 17
20 18
69 18
75 18
53 19
13 20
66 20
3 21
56 22
73 23
45 24
52 24
55 24
8 27
16 27
28 27
28 28
44 28
71 28
82 29
56 31
27 32
32 32
74 32
86 32
50 36
61 36
17 38
82 38
23 39
70 39
60 40
62 40
42 45
43 45
45 46
39 48
62 48
1 50
18 50
16 51
67 52
87 52
91 52
24 53
23 56
82 56
3 57
16 58
87 61
87 64
50 65
57 65
65 65
3 69
87 69
7 70
33 70
70 70
31 71
59 71
27 72
49 73
73 73
84 74
83 78
97 78
7 79
58 79
89 79
63 81
83 82
35 83
17 84
55 85
33 86
19 87
86 87
6 88
29 89
57 89
23 90
76 91
26 92
36 94
51 94
16 95
58 96
12 97
