100
83 1
7 2
9 2
97 2
30 3
73 3
20 4
46 4
7 5
10 7
78 9
92 9
35 10
61 14
40 15
11 16
68 16
1 17
50 17
96 20
55 21
49 22
55 22
93 23
14 24
54 24
99 25
73 29
79 29
77 30
100 30
1 32
96 32
51 33
49 37
96 38
60 39
72 39
38 40
81 40
68 41
5 42
22 42
98 42
12 43
46 44
56 44
22 45
69 45
11 47
36 50
83 50
23 51
83 52
2 53
45 54
61 54
64 55
98 55
4 58
50 58
91 58
93 58
14 61
100 62
18 63
22 64
65 67
38 68
96 69
69 70
14 71
26 72
67 74
69 74
88 74
69 75
5 76
67 76
31 77
32 79
25 81
96 82
100 84
37 85
80 85
40 88
18 89
31 89
54 90
83 91
91 92
22 94
55 95
71 96
11 97
46 99
71 100
