100
64 1
65 1
6 2
33 5
51 6
52 7
97 7
10 8
16 9
93 10
40 12
3 13
4 13
9 13
35 13
63 13
91 14
55 17
49 18
66 21
62 24
92 24
99 24
22 26
76 26
75 27
46 28
84 28
5 29
57 29
20 30
31 31
45 32
78 32
71 33
48 34
63 36
36 37
90 37
95 37
4 38
54 38
28 39
32 39
73 39
60 41
15 42
43 44
58 46
60 48
100 48
41 49
49 49
97 49
27 51
10 53
74 53
58 54
80 54
49 55
16 59
86 59
2 62
40 62
52 64
80 64
82 65
56 66
61 66
67 67
84 68
32 69
70 73
41 74
19 78
35 78
11 79
54 79
14 80
88 81
33 82
80 83
37 86
3 87
16 87
66 88
3 89
29 89
26 90
18 91
24 92
45 92
82 94
99 94
53 95
95 95
34 97
65 97
35 99
38 99
78 99
