100
37 1
99 2
39 3
56 3
73 4
6 6
82 6
52 7
53 8
11 9
60 10
92 10
94 10
24 12
29 13
55 13
62 13
27 16
32 16
69 17
73 18
59 19
6 20
44 23
79 23
49 25
13 26
99 26
44 27
68 27
98 27
51 28
10 29
73 30
32 32
50 32
65 32
72 33
73 33
94 33
52 35
24 37
61 37
43 38
48 38
51 38
79 38
13 40
82 40
13 42
47 46
73 46
19 47
60 48
100 49
3 50
99 50
3 53
86 53
73 56
1 59
31 59
59 60
36 61
56 61
100 62
37 64
32 70
24 71
89 71
5 73
21 73
24 74
26 77
90 77
3 78
93 79
14 80
56 80
52 81
16 82
3 83
86 84
32 85
70 85
5 91
45 91
8 92
70 92
3 93
9 93
77 93
35 94
69 94
29 95
31 95
100 95
22 96
54 96
77 99
