100
35 1
1 2
23 2
25 2
60 2
2 3
85 3
19 5
32 5
90 6
39 7
48 7
26 10
65 10
81 10
82 10
38 11
54 11
77 11
45 12
95 13
70 15
66 17
74 17
58 18
76 19
25 20
88 23
12 24
23 25
26 25
84 25
11 27
67 27
80 27
9 28
92 28
62 29
41 30
44 30
54 30
81 30
17 33
8 34
26 34
43 35
2 36
8 36
81 38
59 39
94 39
8 40
41 41
29 43
7 44
61 44
82 45
95 45
72 46
100 46
15 51
87 53
99 54
58 56
61 56
63 59
91 59
50 60
77 60
81 61
24 62
72 62
5 64
21 64
14 65
37 65
51 68
21 69
45 70
79 70
4 71
88 72
69 73
88 73
16 74
57 75
25 80
72 80
31 82
35 82
66 83
79 83
38 84
58 84
23 86
76 87
61 89
73 90
73 93
69 96
99 97
6 98
30 98
3 100
24 100
