100
5 2
88 3
66 5
85 5
26 8
34 10
67 10
54 12
66 13
10 14
35 16
100 17
1 18
30 21
87 24
8 29
10 30
20 30
95 30
29 31
52 34
20 35
26 36
76 37
91 37
15 38
65 38
86 38
14 39
60 40
62 40
28 41
51 43
54 45
79 48
50 49
29 50
47 50
75 51
46 52
58 52
99 52
52 53
77 53
37 54
10 55
97 56
91 58
37 59
26 61
29 63
80 63
2 65
16 65
59 65
71 65
98 65
65 66
76 66
17 69
43 69
5 70
59 72
56 74
62 74
22 77
63 77
80 77
86 77
93 78
2 80
60 80
78 80
6 81
48 81
42 82
15 83
16 83
95 84
48 85
62 85
65 85
37 86
45 88
53 88
52 93
11 94
20 94
28 95
100 95
3 96
6 96
34 96
85 97
20 98
61 98
92 98
56 99
86 99
9 100
46 100
