100
69 1
8 3
51 3
47 6
70 9
64 10
71 11
32 13
32 14
72 14
92 14
43 16
54 18
75 18
29 19
81 19
27 20
69 20
84 20
96 21
74 22
7 23
26 23
44 23
53 23
76 23
57 25
69 25
57 26
85 27
4 28
39 29
78 29
61 30
100 30
75 31
31 33
62 33
24 34
49 34
61 34
64 34
5 35
36 35
81 35
14 38
84 38
36 39
8 40
27 41
35 41
55 41
91 41
1 42
36 42
100 42
35 44
80 45
40 47
60 47
60 50
98 50
27 51
87 53
13 54
53 54
91 55
97 57
41 59
27 60
19 62
60 62
44 65
25 68
36 68
83 68
82 69
50 70
61 70
77 70
65 73
16 75
33 75
50 75
36 77
12 79
57 79
100 79
90 80
88 84
51 85
91 85
1 86
80 86
55 90
58 91
90 95
56 96
8 97
36 99
46 99
78 99
