100
24 2
52 3
81 3
25 4
72 4
77 4
25 5
82 5
5 6
92 6
54 7
73 9
46 11
41 12
48 13
68 13
28 16
90 20
18 22
68 22
19 23
19 25
81 25
68 27
17 29
92 29
30 36
52 36
81 36
99 37
72 38
31 39
23 40
72 41
52 42
71 44
1 45
81 45
9 47
31 49
64 49
68 49
67 52
76 53
85 53
11 55
19 55
69 57
40 58
93 58
95 61
98 62
54 63
95 63
81 65
78 67
65 69
71 70
60 71
30 73
29 74
50 75
87 75
24 78
24 79
96 79
3 82
11 82
52 83
69 83
34 84
67 84
74 84
6 85
63 87
20 88
88 90
3 92
27 92
17 94
39 94
91 96
8 98
70 98
17 99
24 100
