100
12 2
21 3
83 4
97 4
10 6
56 6
68 6
1 7
5 7
16 8
77 9
96 9
51 10
91 11
12 13
43 13
61 13
26 15
51 16
70 16
78 16
14 22
29 23
26 24
89 24
7 26
97 26
47 27
34 28
82 28
22 29
12 31
24 31
50 33
14 34
88 35
88 36
65 40
27 41
82 41
34 42
38 42
3 43
1 44
43 44
93 44
22 45
29 45
38 45
83 45
65 47
61 48
92 48
82 51
68 52
9 54
50 54
4 55
21 56
45 56
19 58
84 58
51 60
64 62
73 65
38 67
85 67
41 68
34 69
40 69
73 69
12 70
72 71
34 72
47 72
9 73
10 73
77 74
10 75
48 75
90 75
24 76
3 77
20 77
97 77
9 78
29 78
47 79
65 79
92 81
9 82
23 82
84 82
75 83
5 92
85 93
20 94
21 94
4 97
23 98
27 98
55 98
43 99
46 99
59 99
54 100
