100
23 1
5 3
67 3
80 3
61 4
1 9
9 9
23 10
37 10
79 10
59 11
4 12
69 12
7 13
32 13
50 14
53 14
10 15
36 16
61 16
80 18
29 19
46 20
60 21
88 23
22 24
70 24
91 24
92 24
34 27
81 27
97 27
10 28
28 29
25 30
75 30
18 31
79 31
72 37
86 37
22 38
39 40
47 41
78 41
58 42
62 43
47 45
89 46
31 47
42 48
83 48
20 49
37 49
46 49
14 50
26 51
25 55
88 56
49 57
6 58
47 60
53 64
56 66
98 67
67 68
93 69
87 71
2 72
82 72
37 73
55 74
63 74
95 75
97 76
3 83
39 83
72 84
64 85
70 86
9 89
39 89
55 89
29 91
34 92
72 93
80 96
93 96
96 96
19 97
72 99
