100
59 1
24 2
55 2
17 3
93 4
93 5
25 6
53 6
52 7
10 8
2 11
74 13
54 14
31 16
85 17
16 18
25 18
37 18
66 18
14 20
49 20
74 22
9 23
69 23
26 25
99 26
50 27
69 28
26 29
26 32
66 32
45 33
48 35
52 36
70 36
79 36
31 38
53 39
63 39
97 41
76 42
58 43
50 44
49 45
84 47
52 49
59 49
63 49
90 50
46 51
37 52
86 52
52 53
61 54
69 56
100 56
63 57
37 58
5 60
70 60
75 61
81 61
11 62
78 64
82 66
7 68
51 68
83 68
85 68
51 69
81 69
57 70
61 70
77 70
14 72
23 74
40 74
86 75
18 76
13 78
75 80
32 81
29 82
35 82
40 82
44 82
13 83
91 83
16 85
72 86
5 88
50 88
88 88
29 89
46 89
55 90
16 91
28 94
58 94
67 94
38 95
58 95
51 97
52 98
57 99
83 99
