100
81 2
41 5
50 5
68 5
79 11
63 12
16 15
31 15
58 15
96 15
63 16
71 16
55 17
5 18
12 18
85 18
14 19
40 21
7 24
23 24
65 27
61 28
72 28
80 28
30 29
65 29
96 29
58 30
76 31
85 31
91 32
63 35
94 37
11 39
50 39
1 40
81 40
57 43
77 44
10 45
41 46
83 47
27 48
20 51
40 52
55 52
88 52
65 54
54 55
1 57
64 57
61 59
48 61
70 61
26 62
66 63
47 65
58 66
50 67
50 68
45 69
47 70
18 71
78 71
84 71
73 72
80 72
17 73
32 73
2 74
25 74
38 74
64 74
45 76
60 76
82 76
25 77
61 77
91 77
15 82
23 82
88 85
60 87
12 88
30 88
41 88
5 89
58 89
31 90
27 91
64 91
25 92
97 92
21 93
88 95
22 97
72 97
30 98
41 98
20 99
2 100
59 100
62 100
