100
27 2
37 3
96 3
3 7
39 8
26 9
91 13
13 14
42 15
80 17
99 17
29 18
11 19
46 19
73 19
83 19
81 20
92 20
70 22
81 24
32 25
46 25
75 27
22 28
86 30
95 30
98 30
1 31
100 32
18 33
94 33
52 35
99 35
21 39
59 39
27 42
35 42
39 43
69 43
92 43
24 44
29 44
61 44
94 44
52 45
33 49
43 49
67 50
91 51
96 52
48 54
96 57
28 58
84 60
1 64
46 64
77 64
69 65
73 65
84 65
13 66
14 66
45 66
82 68
96 69
23 70
33 70
76 70
73 72
1 73
81 73
37 79
15 82
91 83
7 87
26 87
35 87
54 87
61 90
26 91
54 91
94 95
74 96
98 96
79 98
