100
24 1
50 1
81 1
68 3
70 3
13 4
19 4
11 5
55 5
74 7
83 8
46 10
62 10
85 10
72 11
100 11
52 13
13 15
14 15
85 15
71 16
17 17
68 17
75 17
87 17
23 18
29 19
49 20
66 21
82 22
82 23
13 25
44 28
14 29
61 29
88 29
62 30
72 30
56 31
34 34
77 34
79 34
95 34
34 35
5 36
7 37
12 37
20 37
31 37
84 38
83 40
10 43
84 43
86 43
41 44
83 44
21 45
36 45
5 47
50 47
39 54
86 55
98 55
4 56
17 56
35 56
20 57
97 59
90 60
62 62
65 63
99 63
35 64
12 66
62 67
99 68
37 69
91 69
75 71
85 72
59 73
43 75
86 75
1 76
15 78
81 79
56 80
25 81
45 81
49 82
33 83
6 85
23 85
44 86
61 87
64 87
77 87
92 87
3 88
29 90
64 90
98 90
14 91
37 92
24 93
30 93
49 93
54 93
33 94
41 94
20 95
2 96
22 100
23 100
