100
71 2
89 2
19 5
64 5
24 9
8 10
27 11
56 13
4 14
48 15
97 16
13 18
26 18
59 18
43 21
23 22
57 22
79 22
98 22
2 25
61 25
8 26
39 27
86 27
10 28
25 28
21 30
51 30
60 31
65 31
36 35
6 37
20 37
31 38
76 38
84 38
43 39
17 40
78 40
22 41
53 41
17 44
13 46
38 46
90 46
34 47
67 47
99 48
38 49
70 49
35 54
95 54
19 55
45 55
54 58
94 60
49 61
54 61
55 62
83 62
85 62
40 63
65 68
18 69
19 69
23 70
32 70
66 74
99 74
37 75
53 75
30 76
47 77
54 80
95 80
71 81
89 81
25 82
96 83
13 84
19 84
54 84
60 84
81 86
70 87
85 87
96 89
47 90
72 92
89 92
21 94
29 94
70 97
34 99
92 99
32 100
65 100
