100
27 4
41 5
13 6
77 6
3 7
51 8
91 8
93 10
86 11
4 12
29 13
62 13
63 14
97 14
52 15
99 15
100 15
70 17
84 17
67 18
68 18
100 19
14 20
88 20
8 24
5 25
75 26
76 28
79 28
76 29
87 29
17 31
9 32
42 32
1 37
79 37
84 37
42 39
28 40
54 40
62 40
32 41
63 41
22 45
73 47
79 51
81 51
72 53
66 55
32 58
47 59
48 59
85 59
31 60
51 60
73 60
39 62
50 63
61 63
38 66
55 66
79 66
29 67
56 67
85 67
53 69
71 69
97 72
90 74
73 75
8 76
91 77
87 78
32 79
38 80
87 81
83 82
13 83
57 84
47 86
91 86
7 87
16 87
6 88
86 88
54 90
68 90
66 91
25 93
4 95
54 95
97 95
34 96
85 97
78 98
