100
2 1
15 1
15 2
89 2
2 5
1 7
45 8
61 9
3 10
15 12
86 12
10 15
77 15
11 16
86 16
60 17
45 18
71 18
77 18
11 20
66 21
94 21
45 22
56 22
47 23
39 24
26 28
37 28
68 28
77 32
66 34
91 36
26 37
69 38
95 39
42 41
77 41
98 41
65 43
85 43
29 45
81 45
46 51
80 51
98 51
66 52
5 54
26 56
65 58
4 59
22 60
32 60
43 60
46 60
96 60
1 61
32 62
67 62
91 62
99 63
36 66
87 66
90 66
59 67
89 67
50 68
78 68
3 69
70 69
60 71
76 71
75 72
96 72
85 73
98 73
20 74
9 75
47 75
51 79
63 79
71 79
78 79
57 80
55 82
34 83
31 88
64 88
2 94
10 95
30 95
84 95
44 96
32 97
33 99
45 100
