100
1 4
24 4
45 4
33 5
13 7
56 8
76 8
68 11
81 11
64 12
78 12
27 13
34 15
46 15
53 15
62 15
12 17
92 18
7 19
14 21
72 21
34 22
44 23
7 24
33 25
5 27
49 27
80 28
48 32
60 35
37 37
7 38
6 40
50 40
16 41
72 41
26 42
74 43
73 45
12 47
36 47
57 47
60 50
52 52
25 54
27 55
65 55
8 56
83 56
83 57
97 57
16 58
29 58
67 58
1 61
3 61
61 62
16 63
25 64
41 65
64 65
63 66
91 71
66 72
22 73
81 73
57 74
21 75
42 75
91 75
98 75
80 76
79 78
34 79
15 80
54 80
67 80
66 82
50 85
54 85
47 86
99 87
19 89
26 90
49 90
34 91
5 93
9 94
55 94
51 95
97 97
2 98
4 99
21 99
