100
1 3
3 5
28 6
57 6
15 7
26 7
36 7
68 8
64 10
15 11
57 12
59 12
70 13
59 14
13 15
19 15
10 17
27 19
28 19
31 19
69 20
41 21
85 21
90 22
33 23
21 25
50 25
56 26
48 27
70 28
34 30
76 30
76 33
24 35
33 35
37 35
60 35
58 36
59 39
44 40
87 40
56 41
36 42
76 43
12 45
46 45
55 46
72 46
24 47
65 47
71 49
22 50
70 50
74 50
96 51
92 52
4 54
74 56
12 57
22 59
40 59
99 60
2 61
9 61
20 62
52 62
83 62
91 63
16 64
67 64
64 65
94 69
77 70
79 70
83 70
31 72
81 74
17 75
41 75
39 77
48 77
5 80
52 80
59 80
64 82
42 83
84 84
87 86
9 87
60 89
50 90
8 92
61 92
70 93
98 94
47 95
1 96
62 96
63 97
9 99
20 100
89 100
