100
53 4
87 5
30 7
1 8
41 8
77 8
33 10
3 11
64 11
47 12
9 15
38 15
45 15
9 16
58 18
6 20
15 20
39 20
71 21
59 22
57 23
80 25
92 25
20 28
62 28
78 28
24 29
82 29
9 30
43 32
69 32
48 33
2 34
41 34
5 36
44 37
30 38
36 42
33 44
2 45
94 45
96 45
92 46
13 49
26 49
1 50
18 51
46 51
34 53
75 53
81 53
85 53
20 55
57 55
95 55
6 57
2 58
46 58
49 58
32 60
24 61
43 61
60 61
18 62
20 62
35 62
54 64
8 65
12 65
58 65
18 66
58 66
60 66
86 67
26 68
58 68
93 68
13 70
8 71
47 72
94 73
46 74
54 74
77 76
79 76
72 78
75 79
82 79
77 80
31 81
28 83
65 84
82 84
47 85
2 86
45 86
63 86
28 88
76 88
81 88
70 90
51 92
65 92
63 94
49 95
6 96
37 96
64 96
11 97
1 98
57 98
41 100
