100
79 1
43 2
30 3
90 3
60 5
14 10
92 10
37 11
20 12
33 13
97 15
34 17
35 17
73 17
95 17
20 18
55 19
93 19
53 20
94 22
91 23
34 24
74 24
17 27
89 27
93 27
58 31
94 32
93 33
85 34
39 35
64 35
3 37
17 41
56 42
67 42
32 43
77 45
61 46
9 47
70 47
32 48
50 50
7 51
85 51
55 52
82 52
38 54
55 57
64 57
78 57
95 57
6 60
9 60
60 60
13 61
45 61
95 62
3 63
45 63
39 64
33 65
43 67
68 67
99 69
5 71
33 71
20 73
98 73
7 74
43 74
100 75
71 78
49 79
30 81
92 81
45 82
61 82
62 84
81 84
17 86
59 86
17 87
19 88
21 88
71 88
57 91
97 91
22 92
27 93
68 93
26 94
32 95
98 95
46 96
18 97
86 97
53 98
15 99
62 99
