100
12 1
8 2
80 2
12 4
100 4
91 5
25 6
65 6
70 8
61 9
9 11
15 11
53 13
22 15
81 15
78 16
49 18
95 21
42 22
93 23
25 24
89 24
3 26
77 26
89 26
83 31
53 34
99 35
83 38
26 41
20 42
66 42
47 49
82 49
89 49
20 50
29 50
25 53
44 53
5 54
25 55
18 56
66 56
69 56
44 57
59 57
44 58
73 58
46 59
1 60
3 61
9 62
14 62
73 62
46 63
72 66
16 69
89 72
35 73
62 73
10 74
61 74
10 75
63 75
68 75
11 79
17 79
12 81
65 81
31 82
47 82
58 83
45 84
51 84
49 85
27 87
13 89
16 89
81 89
2 90
6 91
20 91
27 91
61 92
4 93
45 94
97 94
45 96
100 96
50 97
51 97
74 97
91 97
39 98
67 98
91 98
12 99
77 100
