100
84 4
42 6
32 7
8 8
46 8
90 12
8 15
46 15
55 15
37 16
2 17
84 19
22 20
37 23
64 23
95 23
99 23
1 24
9 25
62 27
87 28
1 30
85 31
75 33
77 33
2 35
43 35
46 36
44 37
70 37
82 37
93 38
39 40
25 41
27 42
41 42
81 42
3 44
29 44
14 45
53 45
66 45
96 45
46 46
62 46
90 46
52 47
15 49
47 49
59 54
84 54
17 55
27 56
89 56
20 58
16 60
9 61
43 61
85 61
95 61
47 65
94 65
18 67
36 67
73 67
54 69
84 69
54 73
83 75
99 77
99 78
1 79
99 79
49 80
2 82
43 83
6 84
50 84
22 85
62 86
65 86
34 87
46 89
83 91
26 92
35 92
62 92
9 95
24 96
25 97
40 97
92 97
14 98
15 98
2 100
25 100
