100
9 1
65 1
22 6
42 8
91 8
23 10
80 12
61 13
4 14
51 14
63 14
2 17
28 17
79 17
4 19
20 21
67 22
45 24
48 24
76 25
53 26
86 26
46 27
97 27
54 28
40 29
58 29
37 30
47 30
1 31
64 31
5 32
42 33
66 35
93 35
96 35
94 37
2 38
1 39
9 40
25 41
45 41
63 41
71 42
82 44
55 45
62 47
18 52
20 56
37 56
58 56
64 56
12 58
16 59
21 60
45 60
88 61
34 62
53 62
100 62
25 63
74 63
80 64
10 65
13 65
43 65
78 67
80 67
12 68
7 69
62 69
98 70
5 71
21 71
32 73
66 73
81 73
7 75
11 75
15 75
38 75
86 76
78 81
99 81
90 82
92 84
2 85
4 85
18 86
88 86
4 87
9 89
49 89
24 90
57 90
82 90
11 91
58 91
22 92
49 92
55 92
7 93
65 94
57 95
60 95
17 96
35 97
57 98
31 100
96 100
97 100
