100
77 2
80 3
49 4
73 4
28 7
84 7
43 8
88 8
1 10
1 13
64 13
13 18
20 19
99 19
100 19
32 20
42 21
27 22
58 24
73 25
63 26
14 27
27 27
65 27
1 28
89 28
54 29
6 30
9 30
47 30
53 31
61 31
76 32
15 34
28 34
47 34
88 35
10 36
39 36
39 37
86 38
78 39
91 39
72 41
5 42
11 42
75 42
76 42
6 43
26 43
77 43
86 44
22 48
65 49
69 49
92 49
32 50
87 50
14 52
56 52
90 52
2 53
65 53
93 53
23 54
54 54
94 56
14 57
95 58
87 59
100 61
8 63
14 63
96 64
27 66
16 67
67 67
9 68
51 68
58 70
31 71
85 72
44 73
100 73
47 74
87 74
15 76
17 76
65 76
69 76
19 77
87 78
42 79
13 82
22 84
3 88
62 88
53 91
84 92
57 93
72 93
84 94
53 96
14 97
13 98
32 98
15 99
72 99
