100
5 1
8 1
12 1
14 1
20 1
21 1
23 1
24 1
26 1
30 1
33 1
40 1
41 1
48 1
53 1
54 1
57 1
62 1
65 1
69 1
73 1
77 1
80 1
91 1
93 1
100 1
1 2
3 2
9 2
11 2
15 2
19 2
25 2
27 2
32 2
43 2
47 2
50 2
53 2
56 2
58 2
59 2
61 2
75 2
85 2
89 2
93 2
94 2
98 2
99 2
5 3
10 3
18 3
22 3
24 3
33 3
34 3
43 3
46 3
54 3
56 3
58 3
62 3
64 3
71 3
73 3
74 3
83 3
86 3
93 3
100 3
1 4
7 4
12 4
15 4
17 4
36 4
37 4
38 4
41 4
45 4
47 4
52 4
56 4
58 4
61 4
63 4
64 4
65 4
71 4
72 4
77 4
81 4
82 4
86 4
87 4
99 4
3 5
4 5
5 5
8 5
10 5
20 5
21 5
30 5
35 5
38 5
41 5
42 5
43 5
46 5
50 5
51 5
57 5
58 5
60 5
64 5
66 5
70 5
72 5
73 5
76 5
90 5
97 5
98 5
99 5
13 6
15 6
21 6
24 6
27 6
28 6
35 6
42 6
46 6
53 6
54 6
63 6
64 6
66 6
71 6
73 6
79 6
84 6
88 6
4 7
6 7
7 7
10 7
15 7
17 7
21 7
24 7
29 7
34 7
44 7
61 7
62 7
73 7
78 7
82 7
87 7
93 7
95 7
96 7
97 7
98 7
2 8
10 8
22 8
25 8
27 8
31 8
32 8
35 8
37 8
40 8
41 8
48 8
51 8
52 8
54 8
56 8
57 8
58 8
60 8
62 8
64 8
65 8
71 8
73 8
75 8
77 8
78 8
79 8
81 8
89 8
93 8
100 8
5 9
6 9
8 9
13 9
15 9
16 9
19 9
21 9
23 9
31 9
37 9
40 9
41 9
45 9
46 9
47 9
54 9
55 9
57 9
61 9
63 9
67 9
75 9
79 9
80 9
81 9
93 9
95 9
7 10
9 10
26 10
32 10
35 10
36 10
37 10
40 10
41 10
43 10
49 10
51 10
54 10
56 10
58 10
60 10
61 10
62 10
65 10
70 10
76 10
79 10
82 10
86 10
7 11
11 11
12 11
15 11
16 11
21 11
24 11
25 11
31 11
32 11
36 11
43 11
45 11
46 11
47 11
49 11
51 11
57 11
64 11
67 11
68 11
69 11
72 11
74 11
78 11
88 11
90 11
93 11
99 11
100 11
1 12
7 12
8 12
23 12
24 12
25 12
27 12
33 12
41 12
43 12
47 12
53 12
60 12
63 12
65 12
68 12
77 12
78 12
83 12
84 12
88 12
90 12
94 12
98 12
4 13
5 13
21 13
22 13
26 13
27 13
28 13
31 13
35 13
37 13
38 13
40 13
43 13
46 13
48 13
55 13
57 13
61 13
63 13
65 13
67 13
71 13
80 13
82 13
85 13
86 13
95 13
98 13
99 13
10 14
20 14
26 14
27 14
39 14
40 14
50 14
51 14
52 14
55 14
58 14
66 14
72 14
74 14
76 14
79 14
80 14
86 14
89 14
92 14
97 14
8 15
12 15
13 15
16 15
18 15
23 15
24 15
27 15
31 15
43 15
44 15
48 15
57 15
61 15
65 15
72 15
73 15
74 15
75 15
76 15
78 15
90 15
92 15
94 15
95 15
98 15
99 15
2 16
6 16
7 16
9 16
13 16
15 16
31 16
34 16
36 16
42 16
45 16
50 16
52 16
53 16
56 16
58 16
60 16
65 16
66 16
67 16
70 16
71 16
74 16
76 16
77 16
84 16
85 16
91 16
92 16
97 16
98 16
2 17
3 17
5 17
9 17
15 17
21 17
22 17
23 17
25 17
26 17
32 17
38 17
46 17
49 17
58 17
61 17
63 17
65 17
72 17
80 17
84 17
90 17
93 17
95 17
3 18
18 18
20 18
24 18
25 18
27 18
31 18
33 18
38 18
42 18
44 18
45 18
46 18
51 18
53 18
56 18
61 18
63 18
66 18
73 18
81 18
83 18
85 18
87 18
88 18
95 18
100 18
1 19
8 19
21 19
22 19
29 19
32 19
33 19
35 19
36 19
40 19
42 19
43 19
46 19
47 19
50 19
55 19
59 19
64 19
65 19
66 19
68 19
69 19
71 19
80 19
81 19
89 19
91 19
97 19
99 19
2 20
5 20
10 20
11 20
15 20
18 20
23 20
29 20
31 20
32 20
35 20
37 20
39 20
42 20
46 20
48 20
56 20
59 20
74 20
76 20
79 20
81 20
83 20
86 20
87 20
92 20
93 20
95 20
97 20
98 20
1 21
3 21
7 21
9 21
18 21
21 21
24 21
25 21
28 21
31 21
40 21
41 21
42 21
48 21
50 21
51 21
59 21
61 21
67 21
77 21
78 21
79 21
83 21
85 21
89 21
94 21
95 21
96 21
100 21
2 22
3 22
4 22
11 22
13 22
20 22
29 22
31 22
39 22
41 22
50 22
52 22
56 22
75 22
76 22
77 22
78 22
79 22
82 22
92 22
94 22
95 22
98 22
3 23
6 23
10 23
11 23
15 23
22 23
34 23
40 23
45 23
46 23
52 23
55 23
56 23
59 23
60 23
66 23
71 23
74 23
76 23
78 23
91 23
99 23
5 24
6 24
7 24
10 24
20 24
29 24
30 24
33 24
43 24
48 24
49 24
50 24
54 24
59 24
69 24
70 24
72 24
77 24
80 24
87 24
96 24
98 24
99 24
1 25
2 25
10 25
11 25
13 25
17 25
25 25
31 25
35 25
46 25
54 25
60 25
73 25
75 25
77 25
78 25
79 25
80 25
82 25
83 25
85 25
88 25
89 25
92 25
99 25
1 26
5 26
7 26
8 26
11 26
15 26
21 26
26 26
30 26
36 26
39 26
42 26
45 26
47 26
54 26
56 26
59 26
62 26
63 26
69 26
70 26
73 26
75 26
77 26
79 26
81 26
85 26
88 26
93 26
97 26
98 26
3 27
7 27
10 27
22 27
23 27
26 27
36 27
37 27
41 27
49 27
50 27
51 27
52 27
61 27
67 27
70 27
72 27
77 27
81 27
82 27
95 27
99 27
100 27
6 28
8 28
10 28
11 28
14 28
21 28
23 28
26 28
30 28
31 28
32 28
40 28
41 28
49 28
51 28
52 28
54 28
56 28
57 28
61 28
62 28
64 28
65 28
70 28
74 28
79 28
80 28
82 28
86 28
87 28
90 28
91 28
98 28
6 29
13 29
14 29
15 29
16 29
19 29
21 29
33 29
34 29
41 29
59 29
64 29
65 29
66 29
68 29
72 29
77 29
81 29
82 29
83 29
84 29
85 29
90 29
92 29
98 29
99 29
5 30
10 30
13 30
16 30
17 30
24 30
25 30
27 30
30 30
35 30
37 30
42 30
46 30
48 30
53 30
57 30
59 30
65 30
66 30
70 30
77 30
78 30
86 30
90 30
91 30
95 30
9 31
16 31
21 31
25 31
27 31
32 31
37 31
41 31
43 31
44 31
45 31
50 31
59 31
63 31
67 31
70 31
75 31
76 31
78 31
79 31
81 31
83 31
95 31
100 31
1 32
4 32
6 32
14 32
16 32
24 32
25 32
26 32
32 32
37 32
38 32
47 32
53 32
54 32
57 32
65 32
69 32
71 32
72 32
76 32
77 32
79 32
83 32
90 32
91 32
98 32
2 33
3 33
8 33
10 33
11 33
18 33
21 33
26 33
28 33
31 33
34 33
51 33
53 33
55 33
57 33
66 33
67 33
70 33
71 33
75 33
86 33
88 33
89 33
90 33
98 33
99 33
4 34
9 34
25 34
29 34
32 34
35 34
37 34
40 34
41 34
45 34
53 34
59 34
60 34
62 34
72 34
73 34
78 34
80 34
86 34
92 34
93 34
98 34
3 35
10 35
13 35
19 35
21 35
23 35
24 35
26 35
35 35
42 35
48 35
49 35
50 35
57 35
60 35
63 35
68 35
70 35
71 35
77 35
84 35
90 35
93 35
2 36
4 36
7 36
13 36
19 36
24 36
26 36
32 36
35 36
38 36
41 36
44 36
50 36
53 36
55 36
57 36
58 36
62 36
65 36
74 36
76 36
78 36
80 36
84 36
90 36
5 37
14 37
15 37
16 37
19 37
20 37
23 37
24 37
25 37
26 37
31 37
32 37
39 37
40 37
46 37
48 37
51 37
53 37
54 37
63 37
65 37
70 37
76 37
90 37
92 37
96 37
11 38
14 38
18 38
20 38
33 38
34 38
37 38
38 38
43 38
53 38
56 38
57 38
59 38
71 38
81 38
88 38
89 38
96 38
5 39
12 39
13 39
16 39
20 39
21 39
24 39
25 39
26 39
27 39
29 39
31 39
34 39
43 39
45 39
55 39
57 39
68 39
69 39
72 39
76 39
78 39
83 39
88 39
91 39
94 39
97 39
7 40
8 40
15 40
18 40
32 40
34 40
35 40
36 40
39 40
49 40
57 40
59 40
62 40
64 40
66 40
68 40
75 40
78 40
79 40
83 40
85 40
87 40
89 40
91 40
93 40
95 40
100 40
4 41
7 41
10 41
16 41
31 41
34 41
37 41
38 41
39 41
42 41
44 41
56 41
65 41
67 41
69 41
79 41
83 41
88 41
94 41
11 42
12 42
13 42
20 42
22 42
26 42
27 42
37 42
41 42
44 42
46 42
51 42
55 42
56 42
59 42
63 42
69 42
73 42
77 42
78 42
83 42
85 42
89 42
94 42
99 42
1 43
2 43
6 43
10 43
13 43
22 43
39 43
46 43
47 43
50 43
51 43
52 43
57 43
59 43
60 43
63 43
66 43
81 43
85 43
86 43
89 43
94 43
3 44
4 44
7 44
8 44
16 44
23 44
27 44
38 44
44 44
48 44
51 44
52 44
56 44
66 44
67 44
69 44
72 44
73 44
75 44
77 44
81 44
84 44
88 44
92 44
95 44
96 44
98 44
2 45
3 45
7 45
8 45
10 45
23 45
24 45
28 45
34 45
37 45
38 45
40 45
44 45
46 45
50 45
52 45
53 45
55 45
56 45
59 45
62 45
63 45
66 45
72 45
76 45
77 45
81 45
82 45
84 45
85 45
86 45
99 45
9 46
10 46
11 46
16 46
18 46
20 46
23 46
39 46
42 46
44 46
52 46
58 46
61 46
67 46
74 46
75 46
80 46
83 46
4 47
7 47
8 47
15 47
18 47
21 47
25 47
30 47
31 47
33 47
43 47
54 47
55 47
62 47
64 47
69 47
73 47
79 47
81 47
86 47
96 47
98 47
1 48
3 48
5 48
7 48
9 48
16 48
19 48
26 48
28 48
29 48
32 48
33 48
35 48
37 48
41 48
44 48
59 48
66 48
71 48
76 48
83 48
84 48
92 48
97 48
99 48
5 49
7 49
12 49
16 49
17 49
20 49
24 49
35 49
60 49
61 49
62 49
63 49
64 49
67 49
72 49
74 49
77 49
78 49
84 49
89 49
90 49
100 49
1 50
4 50
5 50
6 50
17 50
18 50
20 50
21 50
25 50
27 50
35 50
40 50
42 50
44 50
46 50
47 50
48 50
50 50
52 50
53 50
55 50
57 50
66 50
69 50
73 50
76 50
79 50
81 50
85 50
86 50
90 50
91 50
93 50
94 50
96 50
100 50
8 51
10 51
29 51
31 51
32 51
33 51
34 51
50 51
51 51
52 51
53 51
55 51
56 51
58 51
60 51
65 51
73 51
76 51
78 51
79 51
89 51
94 51
97 51
7 52
8 52
16 52
19 52
26 52
27 52
28 52
30 52
36 52
43 52
44 52
46 52
66 52
69 52
74 52
77 52
81 52
84 52
85 52
96 52
97 52
3 53
11 53
13 53
19 53
25 53
33 53
34 53
40 53
48 53
49 53
59 53
63 53
64 53
72 53
86 53
88 53
89 53
91 53
92 53
6 54
7 54
8 54
9 54
15 54
21 54
40 54
51 54
52 54
65 54
68 54
71 54
72 54
73 54
79 54
84 54
89 54
97 54
98 54
99 54
9 55
15 55
17 55
18 55
22 55
24 55
28 55
32 55
33 55
36 55
38 55
42 55
52 55
53 55
58 55
59 55
74 55
85 55
87 55
89 55
90 55
92 55
97 55
1 56
6 56
7 56
10 56
14 56
17 56
20 56
22 56
23 56
27 56
29 56
30 56
32 56
36 56
38 56
41 56
44 56
53 56
54 56
56 56
65 56
67 56
71 56
72 56
75 56
86 56
88 56
90 56
92 56
93 56
97 56
98 56
99 56
5 57
6 57
7 57
8 57
12 57
13 57
16 57
26 57
28 57
29 57
30 57
32 57
34 57
41 57
42 57
48 57
54 57
57 57
60 57
63 57
64 57
66 57
67 57
68 57
70 57
75 57
76 57
85 57
92 57
94 57
95 57
98 57
100 57
4 58
5 58
8 58
18 58
19 58
20 58
22 58
25 58
32 58
34 58
36 58
40 58
43 58
44 58
50 58
53 58
56 58
67 58
70 58
71 58
80 58
84 58
88 58
89 58
94 58
98 58
99 58
1 59
5 59
6 59
8 59
10 59
14 59
15 59
23 59
25 59
26 59
29 59
44 59
49 59
50 59
59 59
62 59
63 59
75 59
80 59
85 59
90 59
93 59
100 59
7 60
16 60
17 60
18 60
27 60
28 60
30 60
34 60
38 60
39 60
43 60
44 60
48 60
50 60
53 60
59 60
60 60
63 60
71 60
85 60
86 60
93 60
1 61
5 61
8 61
9 61
11 61
12 61
16 61
18 61
27 61
29 61
31 61
33 61
34 61
38 61
41 61
48 61
58 61
60 61
64 61
67 61
69 61
75 61
90 61
95 61
1 62
2 62
6 62
7 62
10 62
12 62
14 62
16 62
17 62
28 62
32 62
33 62
39 62
45 62
50 62
56 62
61 62
65 62
69 62
70 62
74 62
77 62
79 62
83 62
84 62
85 62
89 62
95 62
98 62
3 63
7 63
8 63
13 63
14 63
16 63
17 63
24 63
25 63
26 63
32 63
41 63
44 63
45 63
50 63
51 63
53 63
54 63
62 63
65 63
66 63
67 63
71 63
72 63
78 63
81 63
83 63
84 63
85 63
87 63
88 63
92 63
95 63
2 64
4 64
6 64
9 64
16 64
22 64
24 64
25 64
26 64
28 64
29 64
30 64
33 64
35 64
37 64
38 64
42 64
51 64
59 64
62 64
66 64
70 64
80 64
81 64
82 64
85 64
91 64
92 64
93 64
97 64
99 64
3 65
7 65
11 65
17 65
19 65
27 65
28 65
29 65
31 65
36 65
39 65
43 65
45 65
53 65
55 65
57 65
59 65
69 65
70 65
72 65
73 65
76 65
79 65
93 65
95 65
4 66
7 66
14 66
15 66
27 66
36 66
43 66
44 66
48 66
51 66
54 66
61 66
68 66
70 66
72 66
74 66
81 66
85 66
86 66
89 66
91 66
5 67
7 67
9 67
12 67
15 67
19 67
20 67
25 67
34 67
35 67
38 67
39 67
41 67
43 67
48 67
52 67
54 67
57 67
60 67
65 67
67 67
70 67
72 67
78 67
79 67
89 67
91 67
93 67
95 67
97 67
4 68
5 68
7 68
9 68
12 68
15 68
21 68
22 68
27 68
31 68
33 68
36 68
40 68
56 68
58 68
59 68
60 68
63 68
65 68
68 68
75 68
76 68
77 68
79 68
87 68
95 68
96 68
99 68
3 69
5 69
12 69
17 69
18 69
23 69
24 69
25 69
26 69
33 69
40 69
42 69
44 69
46 69
47 69
56 69
62 69
63 69
65 69
70 69
77 69
89 69
91 69
94 69
99 69
2 70
5 70
9 70
20 70
24 70
28 70
33 70
38 70
45 70
46 70
51 70
61 70
64 70
66 70
69 70
80 70
1 71
2 71
4 71
11 71
13 71
16 71
20 71
21 71
25 71
26 71
27 71
34 71
35 71
44 71
50 71
55 71
57 71
58 71
60 71
61 71
63 71
72 71
73 71
78 71
88 71
91 71
92 71
95 71
8 72
11 72
20 72
28 72
40 72
41 72
43 72
45 72
54 72
58 72
61 72
64 72
65 72
74 72
77 72
86 72
89 72
100 72
1 73
2 73
3 73
12 73
14 73
16 73
18 73
19 73
24 73
25 73
26 73
34 73
39 73
40 73
45 73
50 73
60 73
62 73
63 73
67 73
71 73
72 73
74 73
76 73
77 73
84 73
85 73
89 73
94 73
95 73
100 73
4 74
13 74
14 74
16 74
23 74
24 74
28 74
30 74
35 74
36 74
42 74
44 74
47 74
52 74
53 74
55 74
57 74
73 74
79 74
81 74
83 74
85 74
92 74
96 74
97 74
98 74
1 75
2 75
4 75
6 75
8 75
13 75
15 75
20 75
21 75
24 75
25 75
26 75
30 75
39 75
42 75
43 75
44 75
47 75
49 75
56 75
60 75
63 75
65 75
68 75
69 75
71 75
73 75
77 75
79 75
82 75
84 75
1 76
5 76
10 76
13 76
24 76
26 76
29 76
31 76
32 76
33 76
34 76
35 76
45 76
47 76
49 76
58 76
62 76
64 76
66 76
69 76
75 76
81 76
84 76
86 76
93 76
94 76
95 76
97 76
98 76
1 77
5 77
6 77
9 77
10 77
14 77
18 77
19 77
20 77
27 77
30 77
41 77
42 77
43 77
51 77
57 77
59 77
61 77
66 77
68 77
77 77
83 77
86 77
90 77
92 77
93 77
97 77
100 77
2 78
3 78
8 78
13 78
15 78
18 78
21 78
25 78
29 78
30 78
33 78
39 78
40 78
42 78
45 78
47 78
54 78
61 78
63 78
73 78
74 78
79 78
82 78
86 78
87 78
2 79
5 79
6 79
13 79
20 79
22 79
24 79
29 79
31 79
36 79
44 79
45 79
50 79
51 79
62 79
63 79
66 79
69 79
72 79
75 79
77 79
87 79
88 79
91 79
99 79
2 80
4 80
6 80
13 80
32 80
34 80
49 80
50 80
54 80
55 80
57 80
61 80
62 80
77 80
79 80
81 80
83 80
87 80
88 80
89 80
91 80
93 80
94 80
97 80
7 81
13 81
15 81
19 81
23 81
25 81
29 81
30 81
31 81
34 81
36 81
37 81
44 81
51 81
58 81
62 81
67 81
73 81
85 81
89 81
91 81
93 81
94 81
97 81
2 82
3 82
9 82
10 82
13 82
14 82
21 82
23 82
27 82
38 82
39 82
40 82
43 82
54 82
56 82
62 82
65 82
71 82
72 82
75 82
78 82
79 82
84 82
87 82
90 82
91 82
97 82
7 83
8 83
10 83
14 83
21 83
27 83
33 83
38 83
39 83
46 83
48 83
54 83
61 83
64 83
66 83
67 83
72 83
79 83
80 83
87 83
91 83
92 83
98 83
2 84
6 84
9 84
11 84
13 84
19 84
26 84
27 84
28 84
31 84
36 84
37 84
41 84
42 84
51 84
56 84
59 84
61 84
62 84
63 84
68 84
73 84
74 84
75 84
79 84
80 84
84 84
91 84
100 84
5 85
6 85
7 85
9 85
12 85
13 85
16 85
17 85
24 85
27 85
29 85
34 85
41 85
43 85
49 85
53 85
61 85
65 85
66 85
69 85
78 85
91 85
97 85
98 85
99 85
1 86
2 86
3 86
7 86
9 86
12 86
14 86
15 86
16 86
18 86
21 86
22 86
28 86
31 86
35 86
37 86
38 86
40 86
42 86
44 86
46 86
47 86
54 86
56 86
57 86
60 86
68 86
73 86
74 86
75 86
80 86
84 86
96 86
97 86
4 87
6 87
7 87
8 87
9 87
14 87
17 87
20 87
26 87
27 87
30 87
42 87
43 87
45 87
47 87
53 87
54 87
55 87
59 87
68 87
73 87
79 87
92 87
3 88
6 88
12 88
13 88
16 88
17 88
21 88
23 88
24 88
26 88
32 88
47 88
48 88
50 88
51 88
54 88
56 88
57 88
60 88
63 88
64 88
66 88
68 88
75 88
80 88
82 88
83 88
85 88
86 88
88 88
91 88
97 88
100 88
4 89
12 89
15 89
22 89
24 89
26 89
30 89
32 89
33 89
34 89
35 89
37 89
47 89
50 89
51 89
53 89
55 89
58 89
67 89
70 89
71 89
87 89
92 89
94 89
99 89
14 90
26 90
30 90
34 90
36 90
38 90
44 90
46 90
50 90
54 90
56 90
57 90
60 90
61 90
65 90
68 90
71 90
76 90
77 90
79 90
85 90
94 90
7 91
8 91
10 91
14 91
17 91
21 91
26 91
29 91
34 91
35 91
36 91
43 91
45 91
56 91
58 91
66 91
70 91
73 91
75 91
77 91
79 91
83 91
84 91
87 91
88 91
95 91
99 91
4 92
9 92
10 92
12 92
16 92
17 92
18 92
19 92
21 92
33 92
35 92
36 92
42 92
44 92
46 92
47 92
52 92
55 92
56 92
57 92
58 92
64 92
65 92
69 92
86 92
87 92
90 92
98 92
100 92
9 93
10 93
12 93
14 93
19 93
21 93
31 93
39 93
46 93
53 93
55 93
57 93
59 93
60 93
62 93
64 93
68 93
71 93
72 93
73 93
74 93
76 93
79 93
82 93
83 93
84 93
93 93
95 93
98 93
99 93
100 93
2 94
3 94
5 94
10 94
18 94
19 94
23 94
24 94
28 94
30 94
40 94
43 94
44 94
46 94
54 94
56 94
66 94
75 94
77 94
83 94
86 94
92 94
5 95
7 95
9 95
10 95
11 95
12 95
13 95
15 95
18 95
19 95
21 95
28 95
29 95
32 95
33 95
35 95
40 95
50 95
53 95
55 95
56 95
57 95
63 95
65 95
68 95
69 95
72 95
85 95
93 95
95 95
1 96
8 96
9 96
15 96
18 96
21 96
26 96
27 96
28 96
29 96
30 96
33 96
37 96
44 96
45 96
49 96
61 96
74 96
82 96
83 96
85 96
86 96
87 96
96 96
1 97
5 97
7 97
8 97
13 97
15 97
16 97
19 97
20 97
21 97
32 97
39 97
40 97
41 97
42 97
46 97
52 97
55 97
64 97
74 97
76 97
78 97
83 97
84 97
85 97
87 97
89 97
96 97
100 97
5 98
13 98
19 98
20 98
24 98
33 98
44 98
48 98
61 98
65 98
70 98
71 98
73 98
80 98
82 98
86 98
93 98
94 98
2 99
4 99
7 99
12 99
13 99
19 99
21 99
29 99
30 99
33 99
38 99
40 99
52 99
53 99
54 99
56 99
58 99
59 99
65 99
67 99
69 99
77 99
79 99
80 99
82 99
87 99
91 99
94 99
3 100
5 100
8 100
12 100
14 100
17 100
21 100
24 100
26 100
39 100
46 100
49 100
52 100
55 100
56 100
58 100
62 100
63 100
64 100
66 100
70 100
71 100
73 100
74 100
83 100
84 100
86 100
88 100
