100
1 1
2 1
3 1
8 1
16 1
27 1
28 1
33 1
34 1
36 1
37 1
38 1
40 1
42 1
43 1
51 1
59 1
60 1
61 1
63 1
72 1
76 1
82 1
85 1
86 1
88 1
90 1
94 1
95 1
97 1
1 2
5 2
6 2
11 2
21 2
23 2
25 2
52 2
56 2
64 2
67 2
68 2
70 2
80 2
81 2
82 2
100 2
3 3
7 3
10 3
14 3
20 3
25 3
27 3
30 3
31 3
35 3
44 3
48 3
50 3
53 3
55 3
56 3
57 3
62 3
63 3
64 3
66 3
67 3
70 3
74 3
77 3
80 3
91 3
96 3
100 3
1 4
4 4
5 4
12 4
15 4
17 4
20 4
26 4
34 4
35 4
36 4
38 4
39 4
41 4
43 4
47 4
50 4
51 4
55 4
60 4
61 4
64 4
68 4
72 4
75 4
76 4
86 4
87 4
89 4
93 4
95 4
97 4
100 4
2 5
3 5
18 5
23 5
24 5
25 5
34 5
45 5
47 5
48 5
50 5
56 5
60 5
62 5
64 5
68 5
73 5
80 5
85 5
94 5
1 6
2 6
11 6
18 6
27 6
30 6
32 6
35 6
36 6
37 6
40 6
43 6
44 6
45 6
48 6
49 6
54 6
64 6
67 6
68 6
70 6
75 6
76 6
79 6
84 6
88 6
90 6
91 6
93 6
95 6
99 6
2 7
3 7
5 7
10 7
11 7
14 7
17 7
19 7
26 7
31 7
32 7
33 7
41 7
44 7
45 7
46 7
48 7
50 7
51 7
56 7
59 7
64 7
65 7
70 7
79 7
84 7
88 7
1 8
6 8
11 8
13 8
24 8
26 8
29 8
32 8
38 8
52 8
53 8
55 8
57 8
58 8
62 8
66 8
67 8
73 8
78 8
81 8
88 8
89 8
95 8
98 8
100 8
2 9
6 9
12 9
13 9
14 9
16 9
20 9
21 9
22 9
24 9
27 9
29 9
30 9
32 9
33 9
39 9
41 9
55 9
61 9
72 9
75 9
81 9
83 9
86 9
98 9
1 10
5 10
6 10
10 10
12 10
26 10
27 10
39 10
44 10
49 10
52 10
55 10
57 10
58 10
59 10
62 10
66 10
70 10
71 10
74 10
77 10
84 10
86 10
90 10
93 10
95 10
4 11
7 11
13 11
17 11
23 11
26 11
28 11
32 11
33 11
36 11
44 11
47 11
57 11
58 11
71 11
75 11
79 11
86 11
92 11
95 11
96 11
98 11
6 12
9 12
10 12
12 12
14 12
21 12
23 12
27 12
31 12
42 12
49 12
50 12
53 12
55 12
75 12
76 12
78 12
80 12
85 12
87 12
94 12
96 12
99 12
6 13
8 13
13 13
16 13
19 13
23 13
31 13
38 13
44 13
46 13
51 13
52 13
55 13
56 13
59 13
63 13
64 13
70 13
71 13
75 13
77 13
79 13
81 13
82 13
87 13
91 13
99 13
3 14
4 14
6 14
9 14
11 14
13 14
16 14
17 14
19 14
20 14
24 14
29 14
30 14
37 14
40 14
47 14
57 14
64 14
69 14
70 14
74 14
78 14
82 14
99 14
3 15
7 15
8 15
9 15
11 15
18 15
22 15
26 15
35 15
50 15
57 15
60 15
61 15
64 15
67 15
70 15
74 15
77 15
84 15
93 15
95 15
3 16
4 16
7 16
8 16
10 16
15 16
16 16
19 16
23 16
28 16
33 16
43 16
46 16
47 16
53 16
57 16
62 16
63 16
66 16
67 16
68 16
70 16
77 16
79 16
81 16
82 16
92 16
93 16
96 16
97 16
2 17
11 17
12 17
16 17
17 17
18 17
26 17
31 17
33 17
34 17
37 17
38 17
43 17
47 17
61 17
62 17
68 17
75 17
87 17
88 17
92 17
94 17
97 17
99 17
1 18
8 18
9 18
10 18
13 18
15 18
20 18
32 18
43 18
44 18
51 18
55 18
56 18
64 18
66 18
73 18
77 18
78 18
82 18
86 18
87 18
92 18
95 18
97 18
99 18
100 18
1 19
8 19
16 19
17 19
18 19
19 19
21 19
22 19
28 19
34 19
37 19
41 19
47 19
55 19
59 19
60 19
66 19
67 19
68 19
70 19
72 19
76 19
78 19
79 19
80 19
84 19
89 19
90 19
92 19
93 19
99 19
4 20
5 20
10 20
13 20
18 20
21 20
23 20
25 20
29 20
35 20
36 20
37 20
38 20
42 20
43 20
45 20
46 20
64 20
67 20
78 20
80 20
82 20
85 20
86 20
88 20
97 20
2 21
3 21
10 21
11 21
20 21
21 21
25 21
29 21
36 21
41 21
47 21
49 21
54 21
65 21
71 21
79 21
86 21
89 21
94 21
97 21
98 21
6 22
8 22
9 22
14 22
19 22
27 22
28 22
30 22
31 22
37 22
44 22
46 22
47 22
51 22
57 22
64 22
67 22
74 22
88 22
92 22
95 22
97 22
3 23
13 23
22 23
32 23
36 23
39 23
40 23
44 23
48 23
49 23
60 23
62 23
67 23
70 23
71 23
82 23
89 23
92 23
95 23
96 23
3 24
8 24
24 24
28 24
31 24
34 24
40 24
48 24
51 24
54 24
60 24
62 24
68 24
78 24
82 24
83 24
86 24
96 24
99 24
4 25
7 25
10 25
12 25
16 25
30 25
33 25
38 25
39 25
41 25
43 25
55 25
56 25
68 25
70 25
71 25
74 25
76 25
87 25
88 25
91 25
92 25
93 25
95 25
100 25
2 26
3 26
13 26
18 26
23 26
25 26
27 26
35 26
38 26
39 26
50 26
53 26
57 26
58 26
59 26
66 26
68 26
69 26
71 26
79 26
82 26
86 26
88 26
89 26
91 26
93 26
94 26
99 26
2 27
7 27
8 27
9 27
11 27
21 27
22 27
24 27
27 27
34 27
35 27
36 27
41 27
53 27
55 27
61 27
68 27
77 27
78 27
79 27
80 27
85 27
92 27
96 27
97 27
7 28
12 28
19 28
22 28
23 28
26 28
28 28
34 28
36 28
39 28
43 28
50 28
51 28
53 28
56 28
57 28
58 28
61 28
65 28
75 28
76 28
83 28
85 28
91 28
92 28
95 28
99 28
4 29
8 29
10 29
14 29
15 29
33 29
35 29
41 29
44 29
45 29
47 29
51 29
55 29
56 29
61 29
63 29
64 29
67 29
68 29
76 29
82 29
88 29
92 29
94 29
98 29
10 30
13 30
16 30
18 30
20 30
27 30
28 30
36 30
47 30
48 30
51 30
53 30
60 30
66 30
68 30
69 30
71 30
76 30
77 30
78 30
90 30
4 31
7 31
10 31
14 31
15 31
16 31
18 31
21 31
22 31
26 31
30 31
34 31
38 31
41 31
44 31
46 31
50 31
51 31
53 31
55 31
64 31
65 31
68 31
73 31
76 31
81 31
83 31
84 31
90 31
93 31
95 31
96 31
5 32
10 32
11 32
15 32
19 32
22 32
28 32
36 32
40 32
42 32
47 32
53 32
55 32
57 32
59 32
62 32
67 32
70 32
78 32
80 32
89 32
93 32
96 32
97 32
100 32
1 33
5 33
7 33
12 33
16 33
22 33
24 33
32 33
38 33
42 33
45 33
53 33
60 33
71 33
73 33
78 33
80 33
84 33
87 33
97 33
4 34
5 34
11 34
13 34
16 34
33 34
44 34
45 34
46 34
47 34
49 34
57 34
70 34
72 34
75 34
76 34
78 34
82 34
85 34
91 34
96 34
10 35
12 35
17 35
19 35
20 35
22 35
27 35
29 35
32 35
34 35
36 35
42 35
46 35
50 35
52 35
59 35
62 35
64 35
65 35
66 35
67 35
73 35
74 35
75 35
78 35
86 35
89 35
90 35
95 35
96 35
99 35
2 36
9 36
10 36
13 36
16 36
20 36
22 36
23 36
28 36
35 36
38 36
40 36
41 36
42 36
46 36
49 36
57 36
59 36
60 36
61 36
64 36
77 36
78 36
79 36
80 36
88 36
89 36
91 36
92 36
93 36
98 36
1 37
2 37
4 37
5 37
14 37
18 37
19 37
21 37
22 37
23 37
26 37
30 37
32 37
33 37
38 37
42 37
47 37
48 37
52 37
54 37
58 37
64 37
65 37
70 37
74 37
86 37
89 37
98 37
100 37
7 38
26 38
27 38
32 38
33 38
34 38
44 38
46 38
52 38
53 38
56 38
57 38
66 38
67 38
70 38
90 38
98 38
100 38
3 39
7 39
9 39
10 39
15 39
16 39
23 39
38 39
41 39
45 39
47 39
49 39
51 39
53 39
54 39
55 39
56 39
63 39
65 39
76 39
79 39
82 39
83 39
88 39
89 39
8 40
14 40
16 40
17 40
25 40
26 40
32 40
34 40
37 40
40 40
45 40
47 40
49 40
50 40
70 40
73 40
76 40
87 40
88 40
92 40
98 40
4 41
13 41
14 41
15 41
17 41
29 41
34 41
37 41
38 41
45 41
59 41
69 41
72 41
73 41
74 41
80 41
84 41
88 41
3 42
4 42
6 42
9 42
10 42
11 42
19 42
21 42
22 42
24 42
28 42
30 42
39 42
42 42
43 42
48 42
49 42
57 42
59 42
64 42
71 42
72 42
93 42
94 42
95 42
97 42
8 43
9 43
10 43
12 43
15 43
19 43
22 43
23 43
24 43
36 43
41 43
46 43
47 43
58 43
60 43
61 43
63 43
70 43
71 43
73 43
77 43
80 43
84 43
86 43
18 44
25 44
38 44
40 44
43 44
49 44
54 44
59 44
61 44
65 44
72 44
76 44
82 44
86 44
88 44
89 44
92 44
98 44
3 45
4 45
7 45
25 45
29 45
31 45
35 45
36 45
38 45
39 45
46 45
51 45
52 45
58 45
59 45
60 45
61 45
63 45
64 45
65 45
66 45
68 45
73 45
74 45
79 45
82 45
85 45
87 45
89 45
91 45
95 45
7 46
11 46
17 46
18 46
19 46
24 46
28 46
29 46
32 46
42 46
52 46
54 46
57 46
59 46
67 46
71 46
73 46
79 46
12 47
15 47
17 47
20 47
24 47
29 47
31 47
32 47
36 47
38 47
41 47
45 47
47 47
52 47
55 47
57 47
60 47
61 47
62 47
64 47
65 47
71 47
94 47
96 47
7 48
9 48
13 48
15 48
17 48
18 48
20 48
22 48
27 48
32 48
38 48
42 48
43 48
46 48
53 48
58 48
59 48
66 48
69 48
71 48
72 48
75 48
76 48
83 48
91 48
94 48
97 48
99 48
2 49
11 49
18 49
21 49
23 49
28 49
30 49
32 49
33 49
35 49
37 49
42 49
44 49
47 49
48 49
50 49
55 49
58 49
62 49
64 49
65 49
66 49
73 49
85 49
86 49
94 49
99 49
5 50
8 50
12 50
14 50
16 50
19 50
21 50
27 50
32 50
33 50
36 50
37 50
43 50
44 50
51 50
53 50
57 50
58 50
72 50
74 50
75 50
77 50
80 50
85 50
90 50
92 50
95 50
96 50
97 50
99 50
100 50
2 51
15 51
17 51
19 51
24 51
25 51
36 51
38 51
39 51
44 51
46 51
52 51
54 51
60 51
64 51
73 51
82 51
86 51
89 51
90 51
91 51
100 51
3 52
5 52
7 52
10 52
16 52
21 52
22 52
31 52
38 52
39 52
42 52
49 52
52 52
54 52
56 52
62 52
66 52
71 52
73 52
75 52
83 52
91 52
4 53
5 53
7 53
11 53
20 53
22 53
27 53
29 53
31 53
33 53
39 53
44 53
46 53
51 53
53 53
54 53
59 53
60 53
64 53
66 53
67 53
69 53
74 53
77 53
78 53
83 53
84 53
85 53
87 53
89 53
93 53
95 53
96 53
99 53
100 53
6 54
10 54
11 54
12 54
22 54
32 54
40 54
41 54
49 54
51 54
55 54
57 54
65 54
66 54
73 54
77 54
86 54
89 54
91 54
98 54
100 54
4 55
11 55
13 55
14 55
21 55
23 55
24 55
26 55
29 55
34 55
35 55
40 55
44 55
45 55
46 55
48 55
55 55
64 55
69 55
71 55
73 55
74 55
78 55
81 55
84 55
90 55
94 55
97 55
99 55
100 55
1 56
8 56
9 56
10 56
18 56
19 56
30 56
32 56
35 56
38 56
41 56
47 56
50 56
55 56
68 56
73 56
75 56
76 56
80 56
82 56
89 56
3 57
5 57
6 57
7 57
9 57
12 57
14 57
16 57
21 57
23 57
25 57
28 57
36 57
38 57
40 57
50 57
61 57
67 57
68 57
69 57
70 57
78 57
79 57
83 57
92 57
96 57
100 57
7 58
8 58
10 58
12 58
13 58
18 58
19 58
22 58
23 58
25 58
26 58
27 58
28 58
30 58
31 58
34 58
35 58
37 58
40 58
41 58
47 58
49 58
50 58
52 58
56 58
57 58
58 58
64 58
65 58
68 58
71 58
72 58
74 58
75 58
77 58
90 58
91 58
94 58
96 58
100 58
8 59
11 59
37 59
40 59
43 59
47 59
51 59
53 59
61 59
63 59
64 59
70 59
71 59
74 59
76 59
78 59
86 59
91 59
92 59
94 59
98 59
14 60
23 60
24 60
37 60
38 60
49 60
51 60
52 60
54 60
61 60
70 60
73 60
75 60
77 60
78 60
83 60
87 60
94 60
97 60
2 61
3 61
4 61
16 61
24 61
26 61
29 61
33 61
35 61
40 61
41 61
50 61
52 61
55 61
57 61
58 61
59 61
70 61
71 61
72 61
73 61
77 61
78 61
80 61
83 61
87 61
96 61
99 61
7 62
39 62
41 62
50 62
55 62
62 62
63 62
64 62
67 62
69 62
74 62
77 62
89 62
93 62
96 62
100 62
2 63
6 63
7 63
10 63
14 63
18 63
28 63
29 63
37 63
50 63
52 63
56 63
61 63
64 63
66 63
70 63
74 63
78 63
81 63
82 63
87 63
91 63
92 63
96 63
98 63
1 64
5 64
9 64
11 64
16 64
24 64
25 64
32 64
44 64
46 64
47 64
53 64
59 64
62 64
63 64
65 64
69 64
70 64
73 64
74 64
76 64
78 64
83 64
86 64
87 64
93 64
97 64
4 65
9 65
16 65
20 65
28 65
31 65
33 65
36 65
37 65
40 65
42 65
50 65
53 65
56 65
61 65
66 65
74 65
75 65
78 65
79 65
87 65
89 65
98 65
5 66
7 66
8 66
17 66
20 66
21 66
24 66
26 66
39 66
47 66
52 66
54 66
56 66
57 66
62 66
68 66
72 66
78 66
82 66
83 66
89 66
91 66
95 66
96 66
5 67
8 67
21 67
29 67
30 67
34 67
38 67
39 67
43 67
51 67
52 67
54 67
56 67
58 67
62 67
65 67
66 67
67 67
69 67
70 67
79 67
82 67
83 67
86 67
94 67
2 68
8 68
9 68
15 68
16 68
21 68
48 68
49 68
57 68
63 68
66 68
70 68
77 68
78 68
83 68
85 68
87 68
88 68
2 69
20 69
23 69
27 69
29 69
31 69
37 69
40 69
41 69
48 69
50 69
52 69
59 69
62 69
77 69
83 69
84 69
85 69
90 69
92 69
94 69
95 69
99 69
2 70
7 70
14 70
17 70
22 70
23 70
26 70
30 70
31 70
33 70
35 70
42 70
47 70
55 70
63 70
68 70
72 70
75 70
76 70
83 70
85 70
87 70
89 70
93 70
4 71
6 71
14 71
16 71
19 71
25 71
26 71
28 71
30 71
32 71
34 71
37 71
38 71
39 71
43 71
45 71
46 71
54 71
55 71
58 71
61 71
65 71
69 71
70 71
72 71
84 71
92 71
97 71
3 72
10 72
21 72
27 72
29 72
31 72
39 72
41 72
44 72
45 72
57 72
63 72
70 72
77 72
78 72
80 72
82 72
85 72
94 72
95 72
100 72
1 73
5 73
11 73
12 73
16 73
19 73
21 73
22 73
25 73
29 73
31 73
41 73
46 73
59 73
64 73
65 73
69 73
70 73
73 73
77 73
79 73
81 73
85 73
87 73
88 73
89 73
91 73
92 73
98 73
99 73
1 74
2 74
5 74
6 74
10 74
12 74
20 74
21 74
22 74
26 74
27 74
29 74
31 74
34 74
38 74
39 74
42 74
44 74
48 74
49 74
50 74
51 74
52 74
56 74
57 74
59 74
67 74
74 74
75 74
76 74
80 74
82 74
84 74
89 74
93 74
99 74
7 75
8 75
9 75
11 75
12 75
17 75
23 75
27 75
30 75
39 75
43 75
47 75
49 75
52 75
55 75
58 75
61 75
70 75
79 75
82 75
83 75
84 75
88 75
97 75
98 75
2 76
8 76
9 76
10 76
13 76
16 76
24 76
25 76
26 76
28 76
30 76
32 76
35 76
37 76
40 76
43 76
57 76
64 76
68 76
76 76
2 77
4 77
6 77
8 77
11 77
14 77
25 77
30 77
33 77
36 77
39 77
41 77
44 77
45 77
47 77
49 77
53 77
55 77
58 77
59 77
61 77
65 77
69 77
72 77
74 77
75 77
78 77
79 77
81 77
83 77
86 77
89 77
92 77
93 77
96 77
97 77
99 77
1 78
2 78
4 78
6 78
12 78
13 78
15 78
16 78
25 78
26 78
27 78
29 78
31 78
39 78
40 78
42 78
43 78
49 78
52 78
54 78
62 78
63 78
69 78
76 78
88 78
94 78
98 78
1 79
2 79
19 79
22 79
24 79
27 79
28 79
33 79
34 79
38 79
43 79
45 79
46 79
56 79
62 79
63 79
65 79
70 79
71 79
79 79
81 79
84 79
93 79
94 79
96 79
98 79
100 79
1 80
4 80
5 80
10 80
14 80
16 80
30 80
36 80
42 80
49 80
50 80
54 80
61 80
81 80
91 80
96 80
5 81
7 81
9 81
10 81
13 81
17 81
32 81
33 81
45 81
49 81
51 81
57 81
62 81
64 81
68 81
69 81
73 81
77 81
78 81
81 81
88 81
94 81
3 82
20 82
23 82
26 82
31 82
37 82
40 82
46 82
53 82
56 82
58 82
68 82
73 82
74 82
83 82
85 82
87 82
90 82
91 82
96 82
97 82
1 83
7 83
17 83
26 83
31 83
47 83
52 83
54 83
56 83
57 83
58 83
63 83
67 83
69 83
72 83
73 83
78 83
83 83
84 83
88 83
94 83
95 83
98 83
4 84
10 84
18 84
19 84
23 84
25 84
26 84
31 84
32 84
37 84
53 84
54 84
57 84
70 84
72 84
74 84
76 84
77 84
81 84
82 84
84 84
92 84
2 85
5 85
11 85
14 85
22 85
25 85
28 85
29 85
33 85
34 85
36 85
43 85
46 85
56 85
57 85
58 85
62 85
65 85
70 85
75 85
77 85
82 85
94 85
99 85
8 86
13 86
19 86
20 86
31 86
34 86
37 86
47 86
53 86
55 86
56 86
68 86
70 86
71 86
75 86
87 86
89 86
97 86
98 86
4 87
9 87
26 87
31 87
36 87
44 87
45 87
52 87
55 87
66 87
73 87
75 87
76 87
77 87
78 87
79 87
85 87
87 87
2 88
6 88
9 88
11 88
24 88
31 88
34 88
36 88
38 88
42 88
44 88
45 88
48 88
49 88
51 88
62 88
70 88
71 88
73 88
87 88
91 88
95 88
98 88
3 89
8 89
10 89
17 89
22 89
28 89
30 89
38 89
39 89
40 89
42 89
43 89
46 89
54 89
55 89
56 89
62 89
69 89
72 89
74 89
79 89
83 89
90 89
92 89
93 89
94 89
95 89
100 89
10 90
14 90
15 90
16 90
22 90
23 90
25 90
26 90
27 90
31 90
32 90
34 90
40 90
43 90
44 90
46 90
47 90
49 90
56 90
69 90
72 90
74 90
77 90
78 90
79 90
81 90
85 90
89 90
95 90
96 90
99 90
100 90
2 91
9 91
11 91
14 91
18 91
19 91
26 91
27 91
31 91
32 91
34 91
35 91
38 91
46 91
47 91
55 91
57 91
58 91
60 91
61 91
64 91
66 91
68 91
75 91
78 91
79 91
84 91
87 91
91 91
93 91
95 91
96 91
97 91
99 91
100 91
8 92
13 92
16 92
17 92
22 92
25 92
27 92
31 92
32 92
34 92
38 92
41 92
42 92
45 92
53 92
55 92
56 92
60 92
66 92
75 92
76 92
78 92
80 92
87 92
89 92
93 92
94 92
1 93
8 93
15 93
16 93
18 93
22 93
23 93
31 93
40 93
42 93
72 93
75 93
77 93
80 93
88 93
89 93
90 93
91 93
93 93
94 93
96 93
7 94
8 94
16 94
19 94
22 94
23 94
24 94
33 94
35 94
44 94
45 94
50 94
51 94
54 94
55 94
57 94
60 94
70 94
71 94
74 94
77 94
78 94
80 94
82 94
83 94
85 94
93 94
96 94
97 94
98 94
99 94
9 95
31 95
38 95
43 95
44 95
45 95
50 95
52 95
55 95
57 95
60 95
63 95
64 95
68 95
71 95
74 95
81 95
88 95
1 96
3 96
16 96
17 96
18 96
23 96
24 96
29 96
31 96
36 96
46 96
48 96
51 96
52 96
64 96
69 96
75 96
78 96
88 96
91 96
94 96
95 96
96 96
97 96
99 96
100 96
1 97
2 97
9 97
10 97
11 97
12 97
13 97
14 97
17 97
20 97
25 97
33 97
34 97
41 97
43 97
45 97
49 97
54 97
55 97
56 97
57 97
59 97
60 97
65 97
68 97
71 97
72 97
74 97
75 97
76 97
80 97
81 97
86 97
90 97
99 97
100 97
1 98
4 98
5 98
6 98
9 98
12 98
18 98
34 98
39 98
43 98
51 98
53 98
55 98
56 98
57 98
59 98
61 98
62 98
63 98
65 98
66 98
71 98
75 98
79 98
83 98
85 98
88 98
90 98
92 98
93 98
97 98
98 98
4 99
9 99
29 99
30 99
31 99
33 99
40 99
42 99
47 99
50 99
59 99
60 99
66 99
70 99
72 99
74 99
77 99
79 99
85 99
93 99
94 99
97 99
3 100
13 100
14 100
21 100
27 100
29 100
41 100
46 100
50 100
55 100
64 100
65 100
71 100
73 100
80 100
81 100
92 100
94 100
95 100
96 100
97 100
98 100
