100
1 1
2 1
9 1
15 1
19 1
21 1
22 1
36 1
41 1
43 1
47 1
61 1
65 1
72 1
73 1
82 1
83 1
91 1
92 1
98 1
4 2
5 2
6 2
20 2
22 2
24 2
26 2
27 2
32 2
39 2
43 2
46 2
49 2
51 2
57 2
63 2
78 2
80 2
83 2
87 2
88 2
95 2
98 2
4 3
17 3
22 3
26 3
29 3
32 3
33 3
40 3
42 3
45 3
49 3
53 3
54 3
58 3
62 3
65 3
67 3
68 3
70 3
71 3
72 3
74 3
75 3
79 3
86 3
94 3
95 3
97 3
98 3
99 3
100 3
6 4
16 4
22 4
24 4
26 4
33 4
42 4
45 4
47 4
48 4
52 4
53 4
62 4
68 4
74 4
75 4
78 4
83 4
85 4
88 4
89 4
92 4
96 4
98 4
99 4
4 5
6 5
10 5
14 5
18 5
19 5
21 5
25 5
26 5
31 5
34 5
43 5
63 5
64 5
69 5
70 5
81 5
82 5
84 5
85 5
88 5
89 5
90 5
96 5
8 6
9 6
10 6
14 6
16 6
19 6
21 6
26 6
41 6
43 6
46 6
53 6
62 6
67 6
70 6
72 6
76 6
2 7
5 7
6 7
8 7
11 7
18 7
19 7
21 7
23 7
26 7
32 7
37 7
45 7
50 7
54 7
55 7
57 7
58 7
60 7
62 7
67 7
71 7
78 7
82 7
88 7
100 7
9 8
10 8
12 8
18 8
20 8
29 8
34 8
44 8
48 8
49 8
60 8
69 8
78 8
80 8
82 8
88 8
94 8
3 9
6 9
12 9
18 9
19 9
20 9
21 9
25 9
29 9
41 9
49 9
50 9
52 9
53 9
65 9
67 9
68 9
71 9
76 9
78 9
82 9
85 9
87 9
92 9
94 9
96 9
100 9
3 10
7 10
8 10
9 10
10 10
15 10
19 10
20 10
25 10
29 10
33 10
35 10
36 10
38 10
42 10
43 10
53 10
57 10
59 10
64 10
66 10
74 10
78 10
79 10
83 10
87 10
93 10
95 10
97 10
4 11
5 11
6 11
11 11
18 11
21 11
22 11
24 11
29 11
35 11
37 11
41 11
46 11
52 11
62 11
67 11
71 11
74 11
79 11
81 11
83 11
89 11
97 11
98 11
99 11
3 12
7 12
8 12
10 12
13 12
15 12
16 12
17 12
19 12
20 12
24 12
27 12
29 12
42 12
44 12
50 12
55 12
60 12
63 12
66 12
69 12
78 12
80 12
87 12
93 12
94 12
2 13
6 13
10 13
19 13
22 13
36 13
37 13
60 13
70 13
71 13
72 13
76 13
84 13
92 13
100 13
1 14
9 14
11 14
13 14
19 14
23 14
24 14
28 14
29 14
30 14
31 14
32 14
33 14
34 14
42 14
46 14
56 14
57 14
58 14
65 14
67 14
69 14
70 14
77 14
79 14
81 14
83 14
86 14
91 14
92 14
95 14
2 15
4 15
5 15
6 15
7 15
9 15
13 15
16 15
19 15
21 15
25 15
33 15
38 15
45 15
48 15
52 15
53 15
54 15
60 15
63 15
69 15
70 15
78 15
79 15
81 15
84 15
85 15
91 15
96 15
3 16
9 16
31 16
38 16
40 16
44 16
46 16
53 16
64 16
66 16
67 16
69 16
76 16
77 16
80 16
81 16
85 16
86 16
89 16
93 16
94 16
99 16
1 17
5 17
6 17
10 17
17 17
24 17
33 17
35 17
37 17
40 17
46 17
47 17
55 17
57 17
59 17
65 17
66 17
72 17
74 17
78 17
84 17
86 17
94 17
4 18
12 18
15 18
18 18
24 18
30 18
35 18
38 18
39 18
42 18
48 18
49 18
50 18
51 18
53 18
65 18
67 18
68 18
70 18
71 18
77 18
80 18
85 18
86 18
88 18
89 18
90 18
94 18
5 19
7 19
10 19
12 19
14 19
16 19
17 19
27 19
28 19
29 19
33 19
36 19
43 19
48 19
53 19
56 19
57 19
61 19
77 19
78 19
81 19
82 19
90 19
91 19
93 19
94 19
98 19
2 20
3 20
5 20
6 20
9 20
11 20
16 20
17 20
18 20
19 20
20 20
22 20
23 20
35 20
36 20
44 20
55 20
56 20
57 20
61 20
64 20
71 20
77 20
85 20
89 20
94 20
98 20
9 21
13 21
14 21
15 21
20 21
25 21
27 21
28 21
37 21
41 21
56 21
59 21
60 21
63 21
65 21
71 21
72 21
74 21
75 21
76 21
79 21
84 21
89 21
92 21
98 21
2 22
3 22
6 22
7 22
10 22
14 22
19 22
25 22
29 22
41 22
44 22
48 22
52 22
54 22
57 22
61 22
63 22
72 22
76 22
84 22
88 22
90 22
94 22
98 22
99 22
8 23
12 23
15 23
25 23
26 23
27 23
31 23
39 23
42 23
45 23
52 23
53 23
56 23
63 23
67 23
78 23
90 23
92 23
93 23
97 23
7 24
15 24
16 24
18 24
19 24
21 24
23 24
26 24
35 24
37 24
42 24
43 24
44 24
47 24
48 24
57 24
58 24
63 24
64 24
65 24
72 24
79 24
80 24
85 24
95 24
96 24
98 24
3 25
5 25
7 25
8 25
10 25
19 25
24 25
25 25
28 25
29 25
31 25
37 25
38 25
39 25
41 25
46 25
47 25
50 25
51 25
59 25
65 25
66 25
67 25
71 25
79 25
84 25
85 25
89 25
90 25
92 25
93 25
95 25
2 26
10 26
18 26
19 26
22 26
34 26
36 26
38 26
40 26
45 26
51 26
52 26
53 26
54 26
58 26
59 26
64 26
69 26
71 26
75 26
78 26
83 26
86 26
87 26
90 26
93 26
94 26
96 26
99 26
100 26
1 27
8 27
9 27
10 27
12 27
17 27
24 27
25 27
26 27
30 27
33 27
38 27
42 27
49 27
50 27
51 27
53 27
58 27
67 27
74 27
97 27
3 28
4 28
10 28
11 28
30 28
31 28
34 28
43 28
45 28
52 28
63 28
65 28
68 28
70 28
79 28
81 28
89 28
90 28
91 28
92 28
1 29
3 29
5 29
10 29
25 29
30 29
31 29
33 29
35 29
44 29
52 29
54 29
56 29
71 29
76 29
79 29
80 29
89 29
92 29
93 29
99 29
2 30
6 30
7 30
9 30
10 30
13 30
14 30
15 30
16 30
20 30
23 30
25 30
28 30
29 30
36 30
39 30
42 30
43 30
52 30
58 30
67 30
72 30
76 30
79 30
86 30
89 30
92 30
97 30
99 30
7 31
8 31
11 31
16 31
17 31
20 31
29 31
32 31
39 31
44 31
48 31
61 31
63 31
67 31
71 31
73 31
74 31
78 31
82 31
83 31
98 31
99 31
6 32
8 32
9 32
11 32
12 32
16 32
26 32
30 32
36 32
44 32
46 32
47 32
49 32
54 32
57 32
59 32
60 32
79 32
83 32
90 32
92 32
94 32
3 33
8 33
11 33
17 33
24 33
27 33
30 33
35 33
39 33
42 33
65 33
67 33
68 33
73 33
77 33
80 33
83 33
84 33
87 33
89 33
93 33
94 33
100 33
1 34
5 34
7 34
12 34
18 34
24 34
26 34
27 34
30 34
38 34
39 34
41 34
44 34
50 34
52 34
60 34
61 34
67 34
71 34
76 34
78 34
79 34
80 34
82 34
83 34
85 34
88 34
95 34
98 34
3 35
7 35
8 35
9 35
10 35
11 35
17 35
27 35
34 35
35 35
38 35
42 35
44 35
45 35
54 35
55 35
59 35
71 35
72 35
73 35
83 35
93 35
95 35
97 35
99 35
3 36
8 36
10 36
11 36
13 36
21 36
24 36
30 36
33 36
38 36
39 36
43 36
46 36
51 36
52 36
54 36
55 36
65 36
71 36
72 36
79 36
81 36
84 36
86 36
87 36
92 36
94 36
9 37
11 37
14 37
16 37
18 37
32 37
38 37
46 37
51 37
53 37
55 37
59 37
62 37
64 37
70 37
71 37
73 37
78 37
81 37
87 37
89 37
91 37
94 37
95 37
97 37
98 37
99 37
100 37
2 38
3 38
6 38
15 38
16 38
20 38
21 38
22 38
28 38
29 38
37 38
38 38
49 38
52 38
62 38
76 38
78 38
79 38
81 38
82 38
87 38
88 38
89 38
91 38
94 38
96 38
99 38
1 39
5 39
15 39
18 39
20 39
22 39
24 39
26 39
36 39
38 39
44 39
45 39
46 39
48 39
59 39
62 39
63 39
65 39
70 39
73 39
74 39
79 39
83 39
87 39
89 39
91 39
2 40
3 40
4 40
7 40
9 40
13 40
16 40
18 40
22 40
33 40
38 40
39 40
40 40
43 40
44 40
46 40
48 40
51 40
52 40
61 40
65 40
67 40
68 40
69 40
72 40
73 40
85 40
88 40
95 40
8 41
11 41
19 41
20 41
21 41
32 41
33 41
39 41
44 41
45 41
46 41
49 41
51 41
53 41
57 41
58 41
74 41
84 41
90 41
91 41
99 41
20 42
31 42
33 42
35 42
43 42
48 42
49 42
65 42
66 42
71 42
74 42
79 42
80 42
81 42
82 42
86 42
94 42
95 42
3 43
17 43
20 43
23 43
28 43
36 43
45 43
51 43
58 43
67 43
72 43
80 43
81 43
90 43
92 43
3 44
11 44
12 44
17 44
18 44
21 44
22 44
28 44
31 44
37 44
41 44
54 44
56 44
60 44
61 44
72 44
74 44
75 44
82 44
95 44
2 45
7 45
19 45
28 45
29 45
31 45
37 45
38 45
43 45
48 45
50 45
51 45
53 45
55 45
56 45
73 45
74 45
80 45
85 45
88 45
90 45
93 45
94 45
9 46
10 46
12 46
25 46
26 46
45 46
54 46
60 46
63 46
65 46
68 46
72 46
73 46
77 46
79 46
81 46
95 46
100 46
1 47
2 47
5 47
8 47
11 47
15 47
18 47
19 47
22 47
24 47
25 47
30 47
31 47
35 47
38 47
40 47
41 47
43 47
51 47
54 47
55 47
56 47
62 47
65 47
66 47
76 47
77 47
81 47
85 47
88 47
100 47
6 48
9 48
10 48
12 48
15 48
17 48
19 48
23 48
26 48
30 48
32 48
36 48
38 48
40 48
44 48
46 48
54 48
63 48
67 48
70 48
72 48
73 48
76 48
77 48
85 48
92 48
96 48
2 49
11 49
17 49
19 49
20 49
22 49
25 49
26 49
27 49
32 49
35 49
39 49
40 49
42 49
45 49
47 49
51 49
56 49
60 49
61 49
63 49
64 49
66 49
67 49
68 49
72 49
75 49
83 49
87 49
94 49
96 49
3 50
9 50
11 50
14 50
16 50
21 50
22 50
24 50
25 50
32 50
37 50
40 50
41 50
53 50
59 50
69 50
73 50
77 50
81 50
87 50
88 50
90 50
92 50
93 50
95 50
1 51
2 51
9 51
10 51
11 51
12 51
13 51
14 51
15 51
16 51
20 51
27 51
31 51
35 51
38 51
42 51
43 51
44 51
50 51
51 51
52 51
53 51
64 51
68 51
80 51
88 51
89 51
91 51
98 51
1 52
5 52
7 52
11 52
16 52
17 52
18 52
20 52
22 52
23 52
31 52
34 52
38 52
40 52
43 52
50 52
57 52
60 52
61 52
63 52
70 52
73 52
74 52
79 52
83 52
85 52
89 52
94 52
95 52
96 52
9 53
11 53
12 53
14 53
20 53
21 53
23 53
29 53
32 53
41 53
50 53
52 53
56 53
64 53
68 53
74 53
75 53
79 53
86 53
90 53
91 53
93 53
100 53
3 54
5 54
9 54
10 54
15 54
25 54
31 54
36 54
40 54
49 54
67 54
74 54
76 54
81 54
90 54
97 54
100 54
1 55
2 55
13 55
14 55
17 55
18 55
20 55
27 55
33 55
40 55
41 55
43 55
49 55
56 55
61 55
65 55
80 55
81 55
82 55
86 55
87 55
88 55
89 55
93 55
98 55
99 55
100 55
3 56
4 56
5 56
8 56
10 56
15 56
18 56
19 56
22 56
34 56
40 56
41 56
55 56
62 56
69 56
73 56
75 56
76 56
85 56
86 56
88 56
90 56
93 56
95 56
99 56
100 56
1 57
9 57
10 57
16 57
17 57
19 57
28 57
29 57
31 57
32 57
33 57
34 57
37 57
42 57
44 57
45 57
62 57
65 57
71 57
76 57
78 57
82 57
83 57
86 57
90 57
91 57
93 57
98 57
2 58
3 58
13 58
36 58
37 58
41 58
45 58
48 58
51 58
55 58
58 58
59 58
60 58
61 58
66 58
74 58
77 58
78 58
3 59
5 59
12 59
13 59
15 59
20 59
24 59
31 59
33 59
37 59
44 59
48 59
52 59
54 59
58 59
64 59
71 59
72 59
75 59
78 59
79 59
83 59
86 59
87 59
95 59
96 59
99 59
9 60
12 60
19 60
20 60
28 60
29 60
31 60
40 60
41 60
47 60
64 60
65 60
67 60
69 60
74 60
77 60
79 60
84 60
86 60
91 60
95 60
99 60
6 61
8 61
15 61
25 61
27 61
39 61
42 61
43 61
45 61
46 61
49 61
54 61
56 61
57 61
59 61
61 61
64 61
65 61
66 61
77 61
80 61
86 61
89 61
98 61
2 62
4 62
5 62
10 62
12 62
15 62
20 62
22 62
35 62
36 62
38 62
39 62
40 62
42 62
48 62
51 62
55 62
57 62
61 62
63 62
67 62
71 62
78 62
79 62
81 62
87 62
88 62
94 62
1 63
3 63
5 63
7 63
8 63
14 63
15 63
16 63
18 63
24 63
26 63
28 63
29 63
34 63
37 63
45 63
50 63
57 63
58 63
62 63
64 63
66 63
67 63
75 63
90 63
93 63
98 63
2 64
5 64
9 64
17 64
18 64
24 64
28 64
32 64
34 64
38 64
40 64
41 64
50 64
55 64
59 64
61 64
62 64
74 64
77 64
79 64
81 64
90 64
91 64
95 64
99 64
2 65
7 65
8 65
10 65
13 65
20 65
22 65
23 65
38 65
40 65
44 65
46 65
51 65
52 65
54 65
59 65
62 65
67 65
69 65
71 65
76 65
77 65
80 65
81 65
89 65
91 65
94 65
3 66
9 66
17 66
20 66
24 66
30 66
38 66
40 66
41 66
44 66
52 66
55 66
56 66
60 66
70 66
72 66
74 66
75 66
79 66
81 66
86 66
89 66
94 66
95 66
96 66
2 67
4 67
12 67
16 67
25 67
28 67
39 67
42 67
52 67
54 67
56 67
59 67
61 67
62 67
66 67
72 67
75 67
82 67
86 67
88 67
98 67
100 67
1 68
2 68
11 68
18 68
23 68
25 68
29 68
33 68
34 68
38 68
39 68
41 68
48 68
55 68
60 68
68 68
70 68
75 68
82 68
83 68
87 68
89 68
2 69
5 69
15 69
18 69
19 69
21 69
22 69
23 69
24 69
31 69
45 69
47 69
52 69
53 69
71 69
81 69
84 69
86 69
96 69
98 69
100 69
2 70
3 70
4 70
5 70
7 70
8 70
13 70
15 70
20 70
22 70
29 70
31 70
32 70
43 70
44 70
47 70
65 70
66 70
67 70
69 70
84 70
86 70
87 70
88 70
98 70
1 71
2 71
9 71
17 71
18 71
24 71
31 71
38 71
43 71
44 71
49 71
50 71
61 71
74 71
75 71
78 71
85 71
89 71
98 71
100 71
5 72
9 72
12 72
14 72
15 72
17 72
22 72
23 72
25 72
38 72
41 72
44 72
58 72
60 72
62 72
70 72
71 72
73 72
76 72
80 72
81 72
84 72
86 72
89 72
93 72
96 72
99 72
100 72
1 73
7 73
10 73
12 73
15 73
18 73
19 73
29 73
31 73
35 73
45 73
49 73
51 73
55 73
65 73
67 73
71 73
78 73
81 73
82 73
92 73
99 73
2 74
9 74
10 74
11 74
13 74
14 74
15 74
30 74
53 74
57 74
61 74
62 74
66 74
69 74
70 74
76 74
85 74
92 74
27 75
36 75
38 75
39 75
49 75
53 75
55 75
60 75
64 75
65 75
71 75
82 75
84 75
86 75
89 75
92 75
96 75
3 76
8 76
12 76
14 76
19 76
20 76
25 76
30 76
36 76
37 76
40 76
42 76
45 76
46 76
50 76
54 76
58 76
66 76
72 76
86 76
88 76
90 76
97 76
99 76
100 76
2 77
9 77
11 77
13 77
14 77
16 77
19 77
23 77
24 77
29 77
36 77
39 77
41 77
49 77
61 77
70 77
74 77
79 77
81 77
82 77
92 77
96 77
97 77
2 78
6 78
9 78
10 78
12 78
14 78
23 78
26 78
29 78
38 78
40 78
53 78
54 78
55 78
67 78
70 78
71 78
74 78
80 78
89 78
90 78
92 78
94 78
97 78
98 78
99 78
4 79
14 79
15 79
16 79
17 79
22 79
23 79
24 79
26 79
31 79
36 79
38 79
46 79
47 79
51 79
54 79
57 79
59 79
62 79
68 79
70 79
73 79
97 79
99 79
1 80
5 80
16 80
31 80
38 80
39 80
41 80
42 80
46 80
47 80
48 80
49 80
52 80
53 80
58 80
59 80
64 80
73 80
76 80
89 80
90 80
91 80
92 80
95 80
96 80
97 80
5 81
11 81
23 81
24 81
32 81
40 81
41 81
52 81
63 81
66 81
67 81
69 81
72 81
81 81
86 81
94 81
2 82
7 82
9 82
12 82
16 82
33 82
39 82
40 82
41 82
43 82
47 82
69 82
70 82
71 82
78 82
83 82
86 82
90 82
92 82
95 82
96 82
97 82
5 83
10 83
22 83
24 83
34 83
37 83
47 83
49 83
53 83
56 83
57 83
67 83
68 83
69 83
71 83
73 83
75 83
84 83
85 83
96 83
98 83
4 84
5 84
13 84
14 84
19 84
20 84
29 84
30 84
32 84
36 84
39 84
40 84
41 84
44 84
46 84
51 84
52 84
53 84
75 84
89 84
90 84
96 84
99 84
1 85
4 85
5 85
8 85
10 85
14 85
16 85
18 85
20 85
25 85
27 85
29 85
43 85
45 85
47 85
59 85
71 85
73 85
87 85
91 85
98 85
4 86
13 86
14 86
17 86
22 86
27 86
29 86
30 86
36 86
38 86
40 86
45 86
56 86
57 86
58 86
68 86
69 86
80 86
81 86
90 86
91 86
2 87
7 87
8 87
10 87
14 87
17 87
22 87
24 87
26 87
30 87
36 87
44 87
46 87
50 87
58 87
59 87
69 87
75 87
79 87
84 87
86 87
87 87
88 87
89 87
93 87
95 87
96 87
100 87
6 88
8 88
14 88
20 88
35 88
36 88
43 88
45 88
55 88
59 88
61 88
63 88
64 88
65 88
67 88
70 88
75 88
79 88
80 88
84 88
92 88
95 88
96 88
100 88
1 89
2 89
5 89
9 89
13 89
16 89
36 89
40 89
49 89
57 89
59 89
60 89
64 89
65 89
67 89
70 89
72 89
74 89
76 89
80 89
87 89
91 89
94 89
100 89
4 90
8 90
12 90
14 90
18 90
20 90
22 90
32 90
34 90
42 90
43 90
50 90
52 90
62 90
66 90
68 90
69 90
71 90
72 90
73 90
76 90
80 90
81 90
82 90
86 90
92 90
99 90
2 91
8 91
10 91
15 91
17 91
18 91
24 91
28 91
37 91
41 91
52 91
54 91
58 91
62 91
67 91
68 91
70 91
71 91
72 91
79 91
86 91
90 91
92 91
95 91
2 92
3 92
9 92
12 92
15 92
17 92
34 92
35 92
46 92
47 92
48 92
49 92
53 92
58 92
63 92
69 92
73 92
86 92
90 92
95 92
96 92
97 92
98 92
3 93
6 93
7 93
8 93
9 93
12 93
13 93
18 93
22 93
28 93
30 93
35 93
42 93
44 93
47 93
51 93
52 93
54 93
58 93
59 93
63 93
64 93
77 93
80 93
83 93
84 93
88 93
89 93
93 93
97 93
3 94
9 94
12 94
18 94
21 94
23 94
29 94
30 94
35 94
36 94
40 94
57 94
62 94
65 94
67 94
68 94
69 94
76 94
83 94
86 94
87 94
89 94
91 94
97 94
1 95
2 95
3 95
8 95
14 95
30 95
31 95
34 95
37 95
40 95
42 95
44 95
50 95
53 95
56 95
58 95
59 95
64 95
69 95
73 95
82 95
93 95
1 96
2 96
3 96
6 96
7 96
8 96
10 96
14 96
19 96
21 96
22 96
25 96
31 96
36 96
39 96
44 96
45 96
47 96
65 96
71 96
73 96
76 96
84 96
85 96
86 96
89 96
90 96
92 96
94 96
97 96
2 97
4 97
5 97
10 97
13 97
18 97
26 97
30 97
31 97
33 97
35 97
36 97
38 97
43 97
54 97
57 97
60 97
65 97
67 97
69 97
71 97
74 97
85 97
86 97
97 97
1 98
10 98
15 98
17 98
19 98
23 98
24 98
26 98
28 98
34 98
44 98
46 98
47 98
50 98
53 98
54 98
57 98
58 98
62 98
64 98
65 98
66 98
69 98
71 98
75 98
82 98
86 98
92 98
93 98
96 98
2 99
4 99
9 99
13 99
14 99
19 99
20 99
23 99
25 99
26 99
27 99
29 99
30 99
32 99
34 99
41 99
48 99
49 99
58 99
60 99
63 99
66 99
75 99
79 99
83 99
84 99
85 99
90 99
96 99
1 100
11 100
15 100
24 100
26 100
30 100
41 100
46 100
57 100
59 100
62 100
63 100
68 100
72 100
73 100
74 100
75 100
81 100
82 100
84 100
85 100
86 100
87 100
91 100
