100
1 1
3 1
4 1
7 1
11 1
18 1
23 1
24 1
31 1
32 1
34 1
37 1
38 1
46 1
52 1
57 1
60 1
61 1
66 1
69 1
71 1
81 1
89 1
95 1
1 2
5 2
13 2
21 2
26 2
29 2
37 2
40 2
50 2
52 2
55 2
67 2
69 2
75 2
77 2
79 2
80 2
81 2
83 2
84 2
87 2
95 2
1 3
3 3
5 3
8 3
11 3
12 3
17 3
18 3
23 3
27 3
30 3
36 3
39 3
40 3
41 3
43 3
47 3
58 3
61 3
65 3
74 3
77 3
90 3
93 3
97 3
98 3
100 3
2 4
5 4
6 4
13 4
14 4
15 4
20 4
25 4
26 4
29 4
35 4
41 4
44 4
51 4
52 4
54 4
61 4
64 4
77 4
80 4
83 4
84 4
86 4
87 4
88 4
90 4
94 4
3 5
11 5
12 5
16 5
19 5
20 5
34 5
46 5
49 5
51 5
61 5
62 5
65 5
73 5
78 5
79 5
96 5
100 5
3 6
6 6
8 6
10 6
25 6
28 6
38 6
49 6
53 6
55 6
56 6
57 6
61 6
62 6
75 6
78 6
86 6
92 6
93 6
96 6
97 6
100 6
2 7
3 7
7 7
15 7
19 7
22 7
25 7
26 7
35 7
41 7
46 7
47 7
48 7
64 7
66 7
67 7
70 7
71 7
74 7
77 7
83 7
88 7
90 7
93 7
95 7
100 7
5 8
9 8
13 8
14 8
16 8
18 8
20 8
22 8
23 8
25 8
28 8
36 8
37 8
38 8
39 8
43 8
44 8
47 8
49 8
51 8
52 8
62 8
64 8
66 8
69 8
70 8
71 8
72 8
77 8
80 8
84 8
85 8
86 8
90 8
93 8
97 8
98 8
1 9
12 9
15 9
18 9
23 9
24 9
41 9
42 9
44 9
46 9
49 9
50 9
51 9
52 9
56 9
59 9
62 9
67 9
84 9
85 9
89 9
96 9
98 9
100 9
2 10
3 10
6 10
7 10
14 10
20 10
23 10
30 10
36 10
37 10
43 10
47 10
48 10
62 10
69 10
74 10
82 10
89 10
91 10
2 11
23 11
30 11
32 11
35 11
37 11
38 11
44 11
65 11
71 11
72 11
79 11
82 11
83 11
86 11
92 11
1 12
3 12
4 12
10 12
11 12
12 12
17 12
18 12
19 12
24 12
25 12
36 12
43 12
44 12
45 12
47 12
49 12
54 12
60 12
62 12
63 12
71 12
80 12
86 12
92 12
1 13
2 13
5 13
7 13
11 13
13 13
30 13
32 13
35 13
37 13
40 13
47 13
53 13
54 13
56 13
57 13
60 13
61 13
65 13
68 13
70 13
71 13
73 13
76 13
86 13
87 13
88 13
92 13
93 13
95 13
96 13
99 13
12 14
14 14
15 14
16 14
18 14
21 14
36 14
37 14
41 14
42 14
44 14
45 14
46 14
49 14
50 14
58 14
67 14
69 14
71 14
73 14
74 14
76 14
78 14
81 14
84 14
85 14
91 14
95 14
99 14
100 14
5 15
11 15
12 15
14 15
18 15
21 15
32 15
33 15
34 15
38 15
41 15
44 15
48 15
52 15
54 15
56 15
67 15
68 15
71 15
76 15
90 15
91 15
95 15
96 15
97 15
98 15
99 15
100 15
4 16
5 16
6 16
9 16
16 16
17 16
28 16
29 16
31 16
33 16
36 16
41 16
44 16
49 16
55 16
64 16
66 16
69 16
71 16
73 16
77 16
79 16
86 16
93 16
2 17
8 17
12 17
21 17
23 17
30 17
31 17
32 17
34 17
40 17
44 17
46 17
50 17
54 17
58 17
63 17
64 17
71 17
78 17
79 17
80 17
82 17
83 17
87 17
89 17
92 17
96 17
4 18
6 18
8 18
10 18
11 18
12 18
19 18
22 18
32 18
36 18
38 18
42 18
45 18
49 18
50 18
58 18
62 18
64 18
65 18
69 18
70 18
75 18
79 18
81 18
82 18
85 18
87 18
88 18
89 18
1 19
6 19
8 19
12 19
15 19
17 19
22 19
24 19
25 19
26 19
34 19
35 19
37 19
43 19
52 19
53 19
55 19
59 19
63 19
64 19
70 19
74 19
77 19
84 19
88 19
90 19
92 19
93 19
97 19
4 20
6 20
14 20
18 20
19 20
24 20
28 20
31 20
35 20
37 20
45 20
48 20
50 20
53 20
62 20
66 20
69 20
73 20
78 20
80 20
94 20
6 21
12 21
13 21
14 21
21 21
22 21
24 21
27 21
35 21
41 21
43 21
44 21
49 21
50 21
52 21
59 21
61 21
64 21
66 21
68 21
69 21
75 21
85 21
94 21
5 22
14 22
15 22
20 22
27 22
31 22
34 22
38 22
41 22
44 22
47 22
53 22
54 22
57 22
61 22
64 22
70 22
72 22
75 22
79 22
83 22
90 22
98 22
100 22
1 23
7 23
9 23
13 23
14 23
29 23
30 23
32 23
43 23
47 23
53 23
54 23
55 23
57 23
58 23
60 23
64 23
69 23
73 23
79 23
83 23
85 23
90 23
94 23
96 23
99 23
4 24
5 24
9 24
17 24
19 24
21 24
23 24
24 24
33 24
37 24
42 24
46 24
53 24
59 24
62 24
67 24
69 24
74 24
76 24
77 24
82 24
84 24
91 24
95 24
5 25
14 25
18 25
23 25
29 25
31 25
36 25
40 25
43 25
44 25
46 25
48 25
50 25
58 25
65 25
66 25
77 25
81 25
82 25
87 25
88 25
92 25
93 25
95 25
97 25
99 25
6 26
7 26
8 26
10 26
16 26
23 26
25 26
27 26
28 26
32 26
38 26
43 26
46 26
49 26
50 26
57 26
58 26
59 26
60 26
62 26
66 26
69 26
76 26
84 26
96 26
10 27
18 27
29 27
34 27
41 27
46 27
48 27
56 27
57 27
59 27
61 27
63 27
64 27
65 27
67 27
79 27
83 27
87 27
93 27
95 27
98 27
3 28
4 28
6 28
11 28
17 28
19 28
24 28
25 28
28 28
30 28
32 28
33 28
35 28
42 28
46 28
57 28
62 28
63 28
66 28
67 28
68 28
71 28
76 28
79 28
80 28
83 28
85 28
89 28
94 28
3 29
7 29
8 29
11 29
14 29
16 29
25 29
28 29
32 29
43 29
48 29
49 29
52 29
54 29
66 29
68 29
69 29
70 29
73 29
74 29
76 29
79 29
82 29
84 29
86 29
92 29
93 29
95 29
98 29
5 30
7 30
10 30
13 30
14 30
17 30
18 30
25 30
33 30
38 30
41 30
44 30
51 30
55 30
63 30
66 30
75 30
76 30
79 30
83 30
86 30
90 30
94 30
97 30
3 31
12 31
17 31
19 31
24 31
25 31
27 31
29 31
32 31
38 31
44 31
56 31
60 31
64 31
68 31
70 31
71 31
73 31
76 31
82 31
83 31
89 31
92 31
93 31
95 31
98 31
6 32
8 32
15 32
25 32
28 32
30 32
31 32
34 32
39 32
49 32
62 32
65 32
73 32
77 32
86 32
87 32
89 32
91 32
93 32
94 32
96 32
6 33
17 33
25 33
26 33
32 33
44 33
51 33
55 33
61 33
62 33
73 33
79 33
80 33
81 33
83 33
84 33
91 33
93 33
94 33
96 33
3 34
17 34
21 34
23 34
26 34
31 34
35 34
38 34
39 34
41 34
42 34
59 34
60 34
67 34
68 34
83 34
84 34
85 34
87 34
90 34
98 34
99 34
12 35
13 35
14 35
15 35
16 35
29 35
35 35
37 35
38 35
41 35
42 35
43 35
56 35
58 35
65 35
76 35
79 35
80 35
88 35
92 35
94 35
95 35
5 36
11 36
12 36
16 36
25 36
27 36
29 36
30 36
32 36
41 36
45 36
46 36
48 36
62 36
65 36
67 36
70 36
75 36
81 36
86 36
88 36
89 36
1 37
2 37
14 37
16 37
24 37
25 37
29 37
30 37
31 37
32 37
33 37
34 37
37 37
38 37
40 37
41 37
47 37
48 37
53 37
55 37
64 37
66 37
70 37
74 37
77 37
79 37
86 37
93 37
99 37
1 38
8 38
10 38
13 38
14 38
22 38
26 38
27 38
28 38
31 38
32 38
34 38
35 38
40 38
44 38
46 38
50 38
52 38
54 38
56 38
57 38
60 38
65 38
67 38
74 38
76 38
81 38
87 38
99 38
5 39
6 39
7 39
10 39
13 39
15 39
22 39
25 39
28 39
33 39
40 39
44 39
54 39
55 39
56 39
60 39
63 39
67 39
68 39
70 39
75 39
79 39
88 39
91 39
93 39
4 40
11 40
12 40
15 40
21 40
23 40
35 40
46 40
48 40
53 40
68 40
75 40
77 40
80 40
83 40
84 40
87 40
92 40
96 40
100 40
1 41
2 41
5 41
8 41
13 41
14 41
17 41
19 41
20 41
22 41
24 41
28 41
29 41
38 41
39 41
51 41
58 41
61 41
63 41
64 41
76 41
77 41
79 41
86 41
90 41
93 41
94 41
96 41
1 42
2 42
4 42
5 42
7 42
9 42
10 42
15 42
19 42
20 42
24 42
34 42
40 42
55 42
61 42
66 42
67 42
75 42
76 42
77 42
79 42
85 42
87 42
95 42
18 43
23 43
33 43
35 43
36 43
40 43
41 43
47 43
50 43
57 43
60 43
62 43
66 43
70 43
71 43
77 43
83 43
84 43
85 43
91 43
94 43
99 43
8 44
10 44
13 44
16 44
18 44
23 44
25 44
32 44
33 44
40 44
44 44
61 44
66 44
72 44
75 44
86 44
90 44
96 44
98 44
6 45
7 45
10 45
14 45
17 45
20 45
33 45
43 45
47 45
50 45
55 45
57 45
59 45
62 45
63 45
66 45
68 45
70 45
78 45
83 45
85 45
95 45
98 45
100 45
1 46
9 46
13 46
17 46
18 46
24 46
26 46
30 46
40 46
57 46
61 46
64 46
65 46
69 46
81 46
85 46
87 46
94 46
99 46
100 46
1 47
5 47
16 47
19 47
27 47
33 47
39 47
44 47
45 47
50 47
58 47
65 47
69 47
70 47
71 47
80 47
83 47
87 47
99 47
1 48
9 48
11 48
17 48
18 48
22 48
23 48
24 48
25 48
26 48
28 48
29 48
30 48
33 48
36 48
39 48
49 48
52 48
69 48
73 48
82 48
92 48
93 48
94 48
2 49
4 49
7 49
8 49
12 49
14 49
16 49
19 49
24 49
26 49
27 49
33 49
35 49
40 49
41 49
42 49
49 49
56 49
59 49
60 49
63 49
92 49
22 50
26 50
31 50
43 50
44 50
53 50
60 50
64 50
69 50
76 50
78 50
80 50
81 50
82 50
88 50
93 50
3 51
11 51
13 51
16 51
17 51
20 51
25 51
31 51
41 51
54 51
67 51
70 51
80 51
81 51
90 51
92 51
93 51
94 51
96 51
99 51
2 52
9 52
11 52
16 52
21 52
23 52
24 52
25 52
37 52
38 52
40 52
45 52
52 52
53 52
59 52
63 52
68 52
69 52
71 52
77 52
78 52
86 52
87 52
98 52
9 53
11 53
24 53
27 53
34 53
35 53
39 53
55 53
57 53
63 53
66 53
69 53
73 53
74 53
75 53
82 53
89 53
90 53
2 54
4 54
11 54
13 54
15 54
18 54
20 54
21 54
29 54
36 54
42 54
46 54
53 54
56 54
58 54
61 54
62 54
65 54
66 54
67 54
71 54
72 54
75 54
78 54
81 54
82 54
84 54
97 54
2 55
12 55
14 55
18 55
22 55
25 55
29 55
31 55
32 55
33 55
41 55
42 55
45 55
46 55
48 55
58 55
63 55
67 55
72 55
74 55
76 55
82 55
84 55
90 55
100 55
8 56
10 56
13 56
16 56
21 56
28 56
34 56
37 56
40 56
49 56
52 56
55 56
58 56
62 56
63 56
67 56
72 56
81 56
83 56
84 56
93 56
100 56
2 57
4 57
5 57
17 57
18 57
23 57
33 57
36 57
42 57
44 57
47 57
48 57
49 57
54 57
55 57
57 57
61 57
64 57
75 57
77 57
78 57
79 57
80 57
85 57
89 57
90 57
92 57
100 57
7 58
13 58
14 58
17 58
18 58
20 58
23 58
24 58
27 58
28 58
31 58
36 58
46 58
63 58
67 58
69 58
75 58
79 58
80 58
85 58
95 58
99 58
1 59
3 59
7 59
15 59
17 59
25 59
29 59
30 59
31 59
32 59
41 59
67 59
68 59
70 59
82 59
87 59
91 59
92 59
95 59
4 60
6 60
8 60
11 60
15 60
19 60
23 60
32 60
34 60
35 60
37 60
38 60
45 60
51 60
54 60
59 60
60 60
61 60
63 60
64 60
68 60
69 60
83 60
84 60
85 60
93 60
100 60
1 61
12 61
15 61
16 61
20 61
21 61
23 61
25 61
28 61
32 61
33 61
42 61
52 61
53 61
57 61
60 61
63 61
64 61
66 61
70 61
77 61
79 61
84 61
85 61
86 61
88 61
89 61
96 61
1 62
8 62
10 62
16 62
19 62
20 62
22 62
23 62
25 62
35 62
39 62
51 62
52 62
56 62
60 62
64 62
68 62
73 62
75 62
78 62
79 62
80 62
83 62
86 62
88 62
91 62
92 62
95 62
4 63
7 63
11 63
12 63
13 63
16 63
18 63
22 63
25 63
34 63
35 63
44 63
45 63
54 63
55 63
57 63
59 63
62 63
66 63
73 63
74 63
76 63
81 63
89 63
91 63
92 63
93 63
95 63
3 64
6 64
7 64
17 64
19 64
26 64
28 64
37 64
39 64
40 64
53 64
63 64
65 64
71 64
84 64
90 64
93 64
2 65
5 65
9 65
12 65
20 65
21 65
31 65
32 65
35 65
36 65
38 65
39 65
42 65
47 65
49 65
53 65
55 65
64 65
65 65
66 65
75 65
77 65
83 65
91 65
1 66
2 66
6 66
12 66
15 66
16 66
23 66
25 66
26 66
28 66
33 66
41 66
45 66
51 66
53 66
59 66
67 66
68 66
69 66
79 66
92 66
97 66
100 66
7 67
8 67
15 67
21 67
24 67
30 67
32 67
34 67
35 67
37 67
47 67
50 67
62 67
65 67
67 67
69 67
71 67
76 67
77 67
80 67
81 67
86 67
90 67
92 67
94 67
100 67
1 68
3 68
7 68
11 68
14 68
17 68
30 68
31 68
32 68
34 68
35 68
45 68
51 68
54 68
57 68
59 68
60 68
62 68
68 68
69 68
89 68
91 68
94 68
95 68
2 69
5 69
11 69
17 69
26 69
28 69
30 69
33 69
34 69
35 69
37 69
39 69
48 69
55 69
56 69
63 69
64 69
67 69
72 69
73 69
82 69
83 69
84 69
85 69
89 69
91 69
93 69
98 69
4 70
5 70
11 70
12 70
15 70
16 70
18 70
20 70
21 70
25 70
26 70
27 70
33 70
36 70
40 70
49 70
60 70
65 70
69 70
71 70
89 70
91 70
97 70
99 70
1 71
2 71
4 71
21 71
25 71
26 71
32 71
33 71
38 71
40 71
46 71
49 71
55 71
61 71
64 71
65 71
66 71
70 71
73 71
79 71
83 71
93 71
3 72
5 72
7 72
15 72
16 72
21 72
27 72
33 72
37 72
45 72
49 72
50 72
51 72
55 72
56 72
66 72
71 72
75 72
80 72
92 72
94 72
99 72
100 72
3 73
4 73
7 73
9 73
16 73
35 73
41 73
42 73
44 73
45 73
50 73
53 73
54 73
55 73
57 73
60 73
62 73
63 73
64 73
65 73
66 73
69 73
73 73
77 73
78 73
81 73
87 73
88 73
92 73
94 73
99 73
5 74
7 74
11 74
18 74
21 74
22 74
24 74
25 74
28 74
44 74
60 74
64 74
73 74
74 74
77 74
80 74
82 74
84 74
88 74
93 74
95 74
98 74
11 75
13 75
21 75
26 75
27 75
33 75
35 75
36 75
40 75
42 75
43 75
44 75
55 75
58 75
60 75
64 75
65 75
73 75
75 75
78 75
82 75
83 75
87 75
93 75
94 75
3 76
5 76
12 76
13 76
17 76
22 76
25 76
28 76
37 76
40 76
44 76
45 76
47 76
50 76
55 76
56 76
64 76
68 76
73 76
77 76
81 76
85 76
88 76
89 76
90 76
1 77
8 77
10 77
11 77
21 77
22 77
25 77
28 77
39 77
45 77
49 77
54 77
60 77
69 77
73 77
78 77
87 77
94 77
2 78
12 78
15 78
16 78
18 78
22 78
23 78
26 78
30 78
36 78
38 78
41 78
48 78
54 78
57 78
60 78
69 78
71 78
73 78
74 78
75 78
80 78
81 78
83 78
87 78
93 78
94 78
97 78
99 78
1 79
3 79
4 79
7 79
9 79
12 79
13 79
18 79
19 79
20 79
23 79
30 79
42 79
44 79
54 79
58 79
63 79
64 79
68 79
70 79
76 79
77 79
81 79
84 79
86 79
89 79
90 79
93 79
96 79
97 79
3 80
4 80
6 80
11 80
13 80
15 80
17 80
22 80
23 80
31 80
33 80
54 80
58 80
83 80
94 80
98 80
99 80
3 81
4 81
11 81
21 81
26 81
31 81
32 81
42 81
43 81
47 81
62 81
77 81
78 81
86 81
92 81
98 81
1 82
3 82
9 82
10 82
11 82
19 82
21 82
22 82
24 82
26 82
27 82
30 82
37 82
38 82
39 82
41 82
43 82
44 82
58 82
65 82
74 82
75 82
82 82
85 82
88 82
91 82
92 82
3 83
12 83
15 83
18 83
19 83
20 83
22 83
24 83
27 83
31 83
33 83
34 83
35 83
36 83
37 83
44 83
48 83
54 83
70 83
80 83
89 83
95 83
98 83
1 84
5 84
10 84
13 84
28 84
30 84
36 84
38 84
47 84
49 84
51 84
72 84
76 84
86 84
88 84
94 84
97 84
2 85
6 85
7 85
14 85
16 85
18 85
19 85
20 85
22 85
32 85
34 85
36 85
49 85
51 85
56 85
57 85
63 85
66 85
79 85
94 85
99 85
3 86
8 86
12 86
19 86
20 86
27 86
49 86
51 86
53 86
54 86
56 86
60 86
61 86
63 86
66 86
70 86
73 86
81 86
82 86
87 86
88 86
92 86
12 87
14 87
16 87
22 87
23 87
35 87
37 87
41 87
49 87
53 87
54 87
55 87
68 87
70 87
71 87
80 87
86 87
87 87
88 87
98 87
3 88
5 88
7 88
9 88
21 88
22 88
28 88
32 88
38 88
41 88
42 88
44 88
47 88
49 88
50 88
51 88
55 88
59 88
69 88
71 88
73 88
74 88
77 88
80 88
82 88
83 88
91 88
4 89
6 89
18 89
24 89
25 89
26 89
30 89
33 89
42 89
44 89
50 89
51 89
58 89
63 89
64 89
68 89
71 89
74 89
81 89
82 89
83 89
92 89
96 89
97 89
100 89
4 90
5 90
8 90
9 90
12 90
22 90
24 90
27 90
38 90
47 90
49 90
50 90
55 90
65 90
68 90
69 90
73 90
74 90
79 90
82 90
86 90
88 90
89 90
91 90
100 90
2 91
3 91
5 91
7 91
10 91
14 91
20 91
23 91
26 91
30 91
36 91
41 91
43 91
46 91
52 91
60 91
61 91
62 91
63 91
67 91
75 91
76 91
77 91
79 91
80 91
88 91
96 91
3 92
5 92
7 92
22 92
23 92
25 92
29 92
30 92
32 92
34 92
40 92
48 92
50 92
52 92
53 92
54 92
61 92
74 92
76 92
77 92
79 92
81 92
82 92
91 92
94 92
95 92
96 92
1 93
6 93
7 93
20 93
21 93
22 93
24 93
30 93
32 93
33 93
34 93
38 93
40 93
43 93
56 93
61 93
65 93
70 93
71 93
73 93
74 93
77 93
78 93
81 93
83 93
86 93
89 93
90 93
92 93
94 93
95 93
96 93
1 94
4 94
5 94
6 94
7 94
19 94
21 94
23 94
24 94
39 94
42 94
45 94
51 94
55 94
56 94
65 94
69 94
71 94
72 94
73 94
74 94
76 94
79 94
80 94
87 94
92 94
93 94
94 94
95 94
97 94
1 95
9 95
18 95
19 95
21 95
29 95
30 95
31 95
32 95
35 95
38 95
40 95
54 95
58 95
59 95
65 95
66 95
79 95
87 95
89 95
92 95
1 96
3 96
5 96
6 96
23 96
25 96
27 96
35 96
39 96
41 96
53 96
57 96
62 96
66 96
68 96
72 96
73 96
77 96
78 96
79 96
83 96
85 96
87 96
89 96
91 96
98 96
6 97
10 97
12 97
16 97
20 97
44 97
45 97
46 97
55 97
60 97
75 97
76 97
79 97
82 97
83 97
86 97
91 97
93 97
98 97
99 97
6 98
11 98
12 98
13 98
15 98
19 98
21 98
24 98
27 98
30 98
31 98
32 98
33 98
35 98
40 98
46 98
49 98
50 98
52 98
54 98
61 98
67 98
69 98
77 98
84 98
90 98
92 98
93 98
94 98
98 98
100 98
8 99
11 99
12 99
13 99
14 99
18 99
19 99
22 99
26 99
28 99
30 99
32 99
36 99
42 99
45 99
47 99
53 99
57 99
59 99
63 99
66 99
83 99
84 99
96 99
2 100
4 100
5 100
9 100
12 100
13 100
14 100
21 100
24 100
25 100
26 100
27 100
30 100
43 100
44 100
46 100
53 100
59 100
64 100
66 100
68 100
74 100
76 100
82 100
93 100
98 100
