100
1 1
8 1
14 1
17 1
22 1
28 1
30 1
37 1
39 1
40 1
46 1
47 1
48 1
53 1
62 1
67 1
79 1
80 1
85 1
91 1
93 1
94 1
95 1
97 1
99 1
3 2
4 2
5 2
8 2
13 2
15 2
32 2
33 2
37 2
38 2
40 2
55 2
57 2
60 2
61 2
62 2
66 2
69 2
71 2
76 2
77 2
79 2
80 2
81 2
88 2
89 2
94 2
98 2
8 3
19 3
43 3
44 3
51 3
53 3
54 3
55 3
58 3
62 3
67 3
69 3
71 3
78 3
80 3
81 3
83 3
84 3
87 3
95 3
98 3
1 4
5 4
14 4
15 4
17 4
19 4
20 4
21 4
22 4
24 4
25 4
26 4
32 4
35 4
39 4
45 4
46 4
50 4
52 4
58 4
61 4
64 4
70 4
75 4
78 4
79 4
87 4
92 4
95 4
97 4
100 4
4 5
7 5
9 5
10 5
12 5
22 5
29 5
32 5
35 5
36 5
38 5
42 5
43 5
47 5
51 5
54 5
57 5
58 5
64 5
65 5
71 5
72 5
74 5
77 5
84 5
91 5
93 5
100 5
2 6
15 6
20 6
22 6
23 6
24 6
27 6
32 6
39 6
40 6
45 6
53 6
57 6
58 6
60 6
61 6
66 6
67 6
71 6
74 6
76 6
77 6
80 6
81 6
82 6
87 6
91 6
96 6
99 6
3 7
9 7
13 7
22 7
24 7
25 7
32 7
34 7
39 7
40 7
47 7
48 7
53 7
54 7
58 7
61 7
62 7
65 7
66 7
68 7
71 7
74 7
83 7
90 7
4 8
5 8
13 8
15 8
16 8
19 8
23 8
26 8
28 8
46 8
50 8
52 8
66 8
70 8
75 8
93 8
3 9
6 9
10 9
17 9
20 9
23 9
29 9
33 9
40 9
43 9
59 9
60 9
61 9
64 9
74 9
76 9
80 9
82 9
87 9
94 9
95 9
96 9
99 9
5 10
12 10
14 10
15 10
16 10
17 10
18 10
19 10
21 10
22 10
25 10
40 10
41 10
44 10
46 10
50 10
51 10
56 10
60 10
61 10
68 10
70 10
71 10
79 10
80 10
81 10
83 10
86 10
95 10
97 10
1 11
9 11
11 11
14 11
24 11
28 11
34 11
38 11
44 11
45 11
50 11
56 11
59 11
61 11
68 11
75 11
85 11
90 11
92 11
97 11
100 11
9 12
12 12
23 12
24 12
25 12
32 12
33 12
38 12
44 12
50 12
51 12
52 12
53 12
63 12
76 12
79 12
82 12
83 12
84 12
85 12
5 13
7 13
9 13
12 13
15 13
17 13
18 13
24 13
28 13
31 13
32 13
34 13
37 13
42 13
51 13
53 13
54 13
56 13
59 13
65 13
67 13
73 13
79 13
84 13
86 13
89 13
94 13
96 13
99 13
3 14
4 14
12 14
15 14
16 14
17 14
21 14
24 14
32 14
35 14
39 14
46 14
53 14
59 14
60 14
63 14
67 14
68 14
81 14
84 14
87 14
90 14
92 14
3 15
4 15
7 15
13 15
14 15
20 15
21 15
30 15
41 15
51 15
55 15
58 15
62 15
63 15
65 15
71 15
72 15
77 15
80 15
83 15
85 15
89 15
94 15
100 15
4 16
7 16
12 16
18 16
22 16
24 16
34 16
36 16
40 16
41 16
44 16
60 16
61 16
63 16
64 16
65 16
67 16
74 16
75 16
76 16
81 16
82 16
84 16
87 16
88 16
92 16
93 16
94 16
96 16
3 17
4 17
10 17
12 17
22 17
23 17
26 17
28 17
29 17
40 17
48 17
49 17
54 17
56 17
61 17
67 17
70 17
73 17
83 17
84 17
85 17
90 17
91 17
96 17
98 17
5 18
12 18
19 18
21 18
22 18
28 18
31 18
37 18
38 18
40 18
41 18
43 18
47 18
52 18
53 18
58 18
59 18
67 18
72 18
73 18
76 18
89 18
90 18
94 18
100 18
7 19
10 19
16 19
17 19
18 19
21 19
23 19
30 19
34 19
35 19
46 19
47 19
48 19
50 19
52 19
58 19
63 19
64 19
65 19
70 19
71 19
72 19
73 19
74 19
75 19
76 19
83 19
84 19
91 19
93 19
96 19
98 19
99 19
14 20
15 20
20 20
27 20
33 20
43 20
50 20
53 20
57 20
58 20
69 20
71 20
74 20
76 20
82 20
84 20
88 20
90 20
96 20
7 21
11 21
14 21
16 21
18 21
24 21
26 21
30 21
35 21
39 21
42 21
45 21
49 21
52 21
54 21
56 21
59 21
62 21
64 21
75 21
77 21
82 21
96 21
3 22
5 22
9 22
11 22
16 22
17 22
19 22
20 22
36 22
39 22
50 22
53 22
56 22
58 22
59 22
64 22
69 22
70 22
71 22
74 22
75 22
88 22
90 22
92 22
95 22
98 22
99 22
10 23
11 23
17 23
25 23
27 23
28 23
32 23
40 23
52 23
58 23
59 23
62 23
65 23
66 23
73 23
74 23
77 23
78 23
83 23
84 23
87 23
91 23
93 23
96 23
99 23
1 24
2 24
4 24
5 24
9 24
14 24
17 24
27 24
30 24
31 24
33 24
37 24
50 24
51 24
55 24
61 24
62 24
67 24
70 24
72 24
73 24
74 24
80 24
83 24
84 24
90 24
91 24
95 24
96 24
98 24
99 24
100 24
2 25
7 25
9 25
11 25
14 25
17 25
21 25
39 25
47 25
50 25
58 25
68 25
79 25
82 25
87 25
95 25
98 25
100 25
4 26
14 26
15 26
19 26
21 26
32 26
34 26
37 26
44 26
48 26
50 26
57 26
61 26
72 26
90 26
91 26
94 26
97 26
98 26
9 27
10 27
11 27
14 27
18 27
21 27
24 27
28 27
30 27
36 27
41 27
44 27
46 27
49 27
61 27
62 27
64 27
66 27
73 27
75 27
80 27
81 27
86 27
88 27
90 27
94 27
95 27
100 27
4 28
5 28
6 28
9 28
12 28
14 28
21 28
27 28
32 28
34 28
38 28
46 28
47 28
50 28
57 28
58 28
61 28
65 28
73 28
76 28
85 28
92 28
100 28
9 29
11 29
13 29
14 29
18 29
21 29
22 29
23 29
25 29
27 29
31 29
37 29
38 29
49 29
53 29
55 29
64 29
65 29
75 29
78 29
81 29
89 29
96 29
97 29
3 30
9 30
15 30
18 30
25 30
26 30
27 30
30 30
41 30
42 30
49 30
52 30
57 30
64 30
73 30
78 30
80 30
87 30
89 30
91 30
1 31
7 31
8 31
10 31
12 31
22 31
24 31
25 31
38 31
39 31
44 31
48 31
51 31
56 31
64 31
66 31
68 31
73 31
81 31
86 31
90 31
97 31
6 32
8 32
12 32
14 32
15 32
19 32
21 32
23 32
30 32
35 32
38 32
39 32
43 32
44 32
51 32
55 32
58 32
59 32
60 32
69 32
71 32
72 32
76 32
81 32
83 32
89 32
95 32
98 32
8 33
15 33
16 33
19 33
22 33
25 33
29 33
31 33
34 33
38 33
39 33
41 33
44 33
51 33
55 33
56 33
59 33
62 33
70 33
73 33
75 33
87 33
89 33
90 33
91 33
10 34
11 34
12 34
13 34
16 34
19 34
20 34
22 34
31 34
32 34
37 34
39 34
40 34
43 34
49 34
53 34
54 34
63 34
68 34
71 34
73 34
75 34
78 34
79 34
84 34
87 34
88 34
7 35
8 35
12 35
13 35
15 35
22 35
28 35
33 35
34 35
37 35
38 35
39 35
51 35
52 35
58 35
65 35
67 35
68 35
72 35
79 35
81 35
84 35
85 35
90 35
92 35
94 35
99 35
100 35
2 36
4 36
8 36
23 36
24 36
25 36
26 36
28 36
29 36
33 36
39 36
50 36
59 36
64 36
65 36
67 36
68 36
72 36
73 36
78 36
91 36
94 36
95 36
96 36
97 36
98 36
2 37
3 37
5 37
10 37
11 37
19 37
22 37
31 37
36 37
42 37
46 37
48 37
53 37
54 37
56 37
65 37
68 37
79 37
86 37
92 37
93 37
95 37
97 37
4 38
6 38
8 38
10 38
13 38
20 38
31 38
34 38
35 38
37 38
38 38
45 38
51 38
52 38
55 38
58 38
66 38
67 38
73 38
78 38
81 38
82 38
83 38
86 38
87 38
89 38
1 39
7 39
14 39
17 39
22 39
24 39
28 39
36 39
38 39
39 39
40 39
42 39
50 39
55 39
56 39
68 39
69 39
72 39
75 39
79 39
83 39
90 39
91 39
93 39
96 39
98 39
3 40
10 40
11 40
19 40
28 40
34 40
37 40
39 40
43 40
44 40
46 40
60 40
62 40
63 40
65 40
68 40
69 40
73 40
76 40
78 40
81 40
83 40
87 40
92 40
93 40
100 40
5 41
15 41
32 41
33 41
34 41
36 41
37 41
38 41
42 41
44 41
48 41
54 41
59 41
62 41
69 41
70 41
71 41
74 41
78 41
81 41
84 41
87 41
92 41
93 41
95 41
97 41
98 41
4 42
14 42
16 42
28 42
29 42
35 42
36 42
41 42
42 42
43 42
47 42
52 42
62 42
64 42
68 42
69 42
72 42
79 42
80 42
81 42
89 42
91 42
95 42
100 42
2 43
5 43
6 43
7 43
8 43
10 43
13 43
15 43
18 43
19 43
28 43
34 43
38 43
47 43
51 43
52 43
55 43
60 43
62 43
63 43
64 43
69 43
71 43
72 43
73 43
79 43
80 43
83 43
89 43
90 43
91 43
93 43
94 43
100 43
1 44
4 44
9 44
10 44
11 44
17 44
18 44
19 44
20 44
24 44
25 44
26 44
34 44
42 44
43 44
52 44
61 44
69 44
70 44
74 44
77 44
86 44
90 44
95 44
98 44
10 45
13 45
22 45
23 45
24 45
28 45
30 45
31 45
32 45
33 45
39 45
40 45
42 45
44 45
53 45
56 45
60 45
65 45
67 45
69 45
71 45
72 45
75 45
77 45
78 45
80 45
83 45
85 45
86 45
9 46
10 46
14 46
15 46
18 46
22 46
25 46
27 46
29 46
30 46
34 46
54 46
55 46
56 46
67 46
68 46
84 46
85 46
87 46
90 46
97 46
98 46
7 47
10 47
16 47
17 47
29 47
31 47
35 47
39 47
41 47
47 47
48 47
49 47
57 47
62 47
70 47
71 47
72 47
83 47
88 47
91 47
94 47
98 47
10 48
11 48
12 48
19 48
21 48
25 48
28 48
35 48
39 48
45 48
51 48
59 48
63 48
65 48
69 48
77 48
78 48
81 48
84 48
85 48
86 48
95 48
2 49
10 49
16 49
27 49
31 49
32 49
33 49
40 49
41 49
49 49
50 49
52 49
66 49
70 49
81 49
82 49
83 49
85 49
88 49
90 49
92 49
96 49
97 49
100 49
16 50
28 50
32 50
33 50
38 50
39 50
40 50
46 50
49 50
55 50
58 50
63 50
74 50
75 50
80 50
83 50
94 50
3 51
6 51
8 51
10 51
15 51
18 51
20 51
25 51
30 51
33 51
42 51
45 51
48 51
49 51
50 51
54 51
57 51
62 51
63 51
64 51
68 51
77 51
78 51
83 51
84 51
87 51
88 51
90 51
95 51
1 52
2 52
6 52
7 52
16 52
18 52
20 52
21 52
25 52
32 52
35 52
37 52
38 52
47 52
48 52
50 52
53 52
55 52
60 52
65 52
67 52
68 52
71 52
74 52
77 52
88 52
90 52
91 52
93 52
96 52
98 52
2 53
4 53
12 53
15 53
22 53
23 53
24 53
41 53
42 53
44 53
45 53
46 53
48 53
50 53
51 53
54 53
58 53
59 53
65 53
70 53
78 53
88 53
89 53
91 53
95 53
99 53
3 54
4 54
5 54
11 54
23 54
24 54
25 54
27 54
32 54
37 54
40 54
47 54
52 54
80 54
93 54
96 54
100 54
3 55
8 55
11 55
14 55
24 55
26 55
28 55
30 55
32 55
34 55
36 55
41 55
42 55
47 55
52 55
56 55
57 55
59 55
60 55
62 55
67 55
72 55
76 55
85 55
86 55
88 55
92 55
94 55
98 55
3 56
6 56
15 56
16 56
19 56
23 56
24 56
25 56
30 56
32 56
35 56
40 56
41 56
42 56
48 56
49 56
51 56
54 56
57 56
62 56
67 56
68 56
75 56
80 56
81 56
85 56
87 56
89 56
90 56
91 56
94 56
96 56
100 56
3 57
19 57
23 57
25 57
28 57
30 57
34 57
41 57
46 57
52 57
54 57
56 57
59 57
61 57
62 57
70 57
78 57
80 57
87 57
88 57
89 57
91 57
98 57
100 57
1 58
3 58
5 58
6 58
12 58
15 58
26 58
33 58
34 58
40 58
41 58
43 58
50 58
57 58
59 58
66 58
73 58
74 58
90 58
94 58
95 58
98 58
99 58
3 59
6 59
7 59
9 59
12 59
14 59
22 59
26 59
35 59
38 59
48 59
52 59
60 59
61 59
62 59
63 59
68 59
69 59
70 59
71 59
78 59
88 59
8 60
15 60
17 60
18 60
20 60
22 60
39 60
50 60
52 60
57 60
62 60
66 60
69 60
85 60
87 60
89 60
92 60
4 61
7 61
8 61
9 61
10 61
11 61
12 61
16 61
25 61
30 61
32 61
41 61
43 61
44 61
47 61
53 61
54 61
55 61
58 61
59 61
60 61
66 61
67 61
68 61
71 61
77 61
79 61
91 61
99 61
10 62
12 62
21 62
24 62
25 62
28 62
29 62
31 62
33 62
39 62
41 62
44 62
45 62
46 62
52 62
53 62
55 62
56 62
58 62
60 62
62 62
63 62
64 62
65 62
67 62
79 62
82 62
85 62
87 62
91 62
95 62
2 63
4 63
11 63
16 63
17 63
19 63
27 63
29 63
34 63
39 63
43 63
48 63
55 63
60 63
63 63
67 63
75 63
77 63
81 63
84 63
90 63
94 63
95 63
99 63
100 63
2 64
15 64
27 64
28 64
30 64
31 64
34 64
37 64
40 64
45 64
52 64
54 64
56 64
64 64
66 64
68 64
69 64
71 64
78 64
83 64
86 64
87 64
88 64
92 64
99 64
1 65
2 65
3 65
6 65
10 65
21 65
31 65
33 65
39 65
45 65
52 65
58 65
60 65
63 65
66 65
68 65
69 65
75 65
79 65
86 65
92 65
95 65
4 66
9 66
11 66
21 66
22 66
24 66
26 66
27 66
31 66
32 66
33 66
43 66
44 66
45 66
59 66
60 66
63 66
66 66
68 66
72 66
74 66
78 66
83 66
84 66
88 66
91 66
97 66
7 67
15 67
17 67
22 67
24 67
32 67
36 67
43 67
47 67
53 67
64 67
69 67
73 67
75 67
78 67
79 67
86 67
95 67
99 67
3 68
4 68
5 68
7 68
10 68
11 68
13 68
19 68
20 68
23 68
28 68
30 68
34 68
37 68
42 68
43 68
44 68
45 68
49 68
54 68
60 68
65 68
68 68
70 68
77 68
80 68
90 68
94 68
96 68
97 68
99 68
1 69
4 69
5 69
10 69
11 69
13 69
21 69
24 69
25 69
30 69
34 69
37 69
41 69
43 69
46 69
47 69
48 69
51 69
56 69
60 69
71 69
74 69
75 69
77 69
79 69
80 69
86 69
95 69
96 69
100 69
5 70
7 70
8 70
11 70
19 70
20 70
29 70
30 70
33 70
34 70
35 70
36 70
37 70
41 70
43 70
45 70
50 70
54 70
60 70
62 70
63 70
69 70
71 70
72 70
76 70
78 70
81 70
90 70
91 70
93 70
97 70
98 70
4 71
11 71
13 71
14 71
17 71
23 71
24 71
30 71
31 71
35 71
39 71
47 71
48 71
51 71
54 71
55 71
63 71
67 71
71 71
73 71
78 71
83 71
89 71
95 71
21 72
22 72
32 72
37 72
38 72
42 72
48 72
50 72
53 72
55 72
57 72
58 72
64 72
65 72
66 72
73 72
77 72
80 72
84 72
88 72
89 72
90 72
95 72
98 72
3 73
4 73
15 73
26 73
30 73
31 73
35 73
36 73
37 73
40 73
42 73
53 73
55 73
57 73
63 73
65 73
72 73
75 73
77 73
78 73
79 73
84 73
86 73
93 73
95 73
97 73
98 73
1 74
9 74
13 74
14 74
15 74
16 74
21 74
23 74
25 74
28 74
30 74
34 74
40 74
47 74
49 74
52 74
59 74
74 74
80 74
82 74
84 74
87 74
1 75
4 75
9 75
12 75
25 75
31 75
43 75
46 75
47 75
48 75
55 75
56 75
60 75
61 75
62 75
68 75
73 75
77 75
81 75
82 75
89 75
90 75
96 75
97 75
5 76
6 76
12 76
17 76
20 76
24 76
30 76
32 76
33 76
38 76
40 76
42 76
43 76
47 76
48 76
58 76
59 76
61 76
66 76
68 76
72 76
75 76
82 76
83 76
88 76
89 76
91 76
93 76
95 76
4 77
5 77
8 77
9 77
12 77
15 77
16 77
17 77
19 77
21 77
27 77
28 77
33 77
37 77
38 77
41 77
46 77
69 77
75 77
77 77
79 77
83 77
85 77
87 77
89 77
92 77
94 77
98 77
10 78
11 78
14 78
16 78
17 78
18 78
19 78
27 78
35 78
40 78
42 78
43 78
44 78
47 78
51 78
53 78
54 78
58 78
66 78
69 78
72 78
74 78
76 78
78 78
80 78
87 78
89 78
95 78
2 79
6 79
7 79
9 79
12 79
13 79
16 79
26 79
35 79
38 79
39 79
48 79
53 79
55 79
63 79
64 79
66 79
68 79
75 79
82 79
85 79
89 79
92 79
96 79
3 80
6 80
10 80
11 80
14 80
17 80
27 80
36 80
37 80
43 80
44 80
53 80
56 80
58 80
61 80
66 80
67 80
68 80
71 80
88 80
89 80
93 80
94 80
100 80
6 81
7 81
9 81
15 81
26 81
30 81
32 81
36 81
39 81
40 81
42 81
49 81
51 81
53 81
56 81
60 81
70 81
77 81
83 81
85 81
87 81
93 81
96 81
1 82
2 82
4 82
5 82
10 82
15 82
20 82
28 82
30 82
34 82
36 82
39 82
44 82
48 82
63 82
65 82
66 82
67 82
68 82
72 82
75 82
79 82
80 82
83 82
88 82
89 82
90 82
91 82
92 82
96 82
3 83
5 83
18 83
19 83
21 83
22 83
28 83
30 83
32 83
40 83
46 83
49 83
53 83
54 83
56 83
57 83
58 83
62 83
65 83
70 83
75 83
78 83
86 83
87 83
90 83
91 83
4 84
10 84
13 84
26 84
27 84
29 84
35 84
39 84
45 84
46 84
47 84
48 84
54 84
55 84
56 84
59 84
68 84
69 84
72 84
77 84
81 84
85 84
86 84
90 84
91 84
94 84
97 84
2 85
3 85
4 85
5 85
10 85
13 85
14 85
16 85
22 85
33 85
35 85
41 85
48 85
54 85
64 85
74 85
75 85
81 85
87 85
89 85
91 85
94 85
95 85
99 85
1 86
3 86
5 86
8 86
13 86
16 86
19 86
21 86
29 86
32 86
35 86
44 86
48 86
49 86
50 86
54 86
59 86
60 86
69 86
72 86
73 86
74 86
80 86
82 86
85 86
86 86
87 86
88 86
94 86
6 87
8 87
19 87
25 87
26 87
27 87
40 87
42 87
44 87
50 87
51 87
52 87
54 87
55 87
56 87
61 87
63 87
64 87
67 87
70 87
73 87
74 87
79 87
80 87
82 87
87 87
93 87
94 87
2 88
6 88
16 88
17 88
19 88
20 88
24 88
29 88
33 88
37 88
46 88
56 88
57 88
59 88
62 88
64 88
66 88
68 88
69 88
72 88
81 88
84 88
86 88
87 88
93 88
95 88
99 88
1 89
4 89
12 89
15 89
24 89
27 89
34 89
43 89
46 89
47 89
49 89
51 89
63 89
71 89
72 89
73 89
74 89
80 89
86 89
87 89
96 89
2 90
7 90
17 90
19 90
21 90
27 90
31 90
32 90
35 90
37 90
38 90
42 90
53 90
64 90
65 90
89 90
94 90
2 91
5 91
6 91
7 91
11 91
12 91
17 91
18 91
20 91
21 91
29 91
30 91
31 91
34 91
39 91
50 91
54 91
55 91
68 91
77 91
81 91
87 91
91 91
94 91
99 91
100 91
9 92
12 92
22 92
24 92
27 92
35 92
39 92
41 92
44 92
45 92
47 92
62 92
66 92
69 92
75 92
81 92
83 92
86 92
88 92
91 92
92 92
6 93
17 93
30 93
35 93
44 93
46 93
47 93
55 93
61 93
62 93
67 93
80 93
88 93
93 93
94 93
95 93
2 94
4 94
5 94
9 94
17 94
20 94
28 94
31 94
37 94
40 94
42 94
45 94
47 94
48 94
49 94
53 94
58 94
61 94
62 94
65 94
66 94
72 94
73 94
80 94
86 94
89 94
93 94
94 94
95 94
2 95
3 95
8 95
9 95
11 95
18 95
20 95
21 95
24 95
28 95
29 95
31 95
36 95
39 95
48 95
53 95
58 95
62 95
65 95
68 95
72 95
74 95
87 95
89 95
91 95
1 96
15 96
18 96
21 96
26 96
29 96
30 96
37 96
38 96
39 96
46 96
48 96
50 96
53 96
56 96
59 96
61 96
65 96
68 96
75 96
81 96
83 96
89 96
94 96
96 96
6 97
8 97
13 97
14 97
17 97
21 97
24 97
27 97
29 97
40 97
41 97
42 97
47 97
49 97
50 97
53 97
57 97
59 97
63 97
73 97
75 97
76 97
82 97
84 97
85 97
91 97
93 97
99 97
1 98
2 98
4 98
5 98
9 98
10 98
21 98
23 98
26 98
28 98
31 98
34 98
36 98
44 98
46 98
48 98
50 98
56 98
60 98
80 98
84 98
87 98
94 98
96 98
99 98
100 98
4 99
11 99
12 99
14 99
22 99
27 99
32 99
37 99
38 99
39 99
40 99
41 99
48 99
50 99
56 99
78 99
81 99
85 99
91 99
98 99
4 100
5 100
13 100
15 100
16 100
19 100
40 100
48 100
52 100
53 100
61 100
77 100
86 100
