100
6 1
7 1
16 1
18 1
21 1
25 1
28 1
29 1
33 1
34 1
37 1
43 1
52 1
59 1
61 1
62 1
66 1
71 1
74 1
75 1
76 1
79 1
83 1
92 1
94 1
99 1
1 2
3 2
5 2
13 2
15 2
20 2
21 2
23 2
27 2
34 2
37 2
43 2
65 2
70 2
71 2
73 2
75 2
76 2
78 2
94 2
96 2
98 2
2 3
11 3
12 3
14 3
18 3
21 3
22 3
28 3
31 3
34 3
41 3
44 3
46 3
48 3
52 3
53 3
54 3
56 3
61 3
65 3
67 3
68 3
71 3
75 3
78 3
81 3
88 3
90 3
93 3
95 3
96 3
97 3
99 3
1 4
4 4
6 4
11 4
18 4
20 4
23 4
29 4
41 4
47 4
49 4
58 4
59 4
60 4
62 4
63 4
72 4
77 4
80 4
84 4
85 4
86 4
89 4
99 4
100 4
7 5
11 5
21 5
22 5
23 5
25 5
36 5
51 5
52 5
55 5
58 5
60 5
71 5
74 5
75 5
79 5
82 5
85 5
87 5
94 5
97 5
98 5
4 6
5 6
11 6
15 6
18 6
20 6
21 6
22 6
26 6
29 6
32 6
35 6
36 6
44 6
49 6
51 6
55 6
56 6
57 6
62 6
67 6
69 6
71 6
74 6
76 6
83 6
85 6
86 6
87 6
94 6
100 6
1 7
3 7
5 7
11 7
17 7
23 7
26 7
35 7
39 7
40 7
42 7
43 7
45 7
47 7
49 7
54 7
61 7
63 7
66 7
69 7
75 7
76 7
84 7
88 7
92 7
93 7
94 7
98 7
99 7
100 7
1 8
3 8
9 8
14 8
16 8
17 8
20 8
21 8
22 8
28 8
37 8
38 8
39 8
41 8
46 8
47 8
49 8
51 8
54 8
56 8
65 8
68 8
80 8
86 8
88 8
89 8
92 8
93 8
96 8
2 9
3 9
5 9
10 9
22 9
25 9
26 9
29 9
33 9
34 9
36 9
46 9
52 9
53 9
54 9
56 9
57 9
62 9
66 9
75 9
93 9
98 9
1 10
7 10
8 10
12 10
17 10
25 10
31 10
33 10
35 10
39 10
47 10
54 10
55 10
59 10
62 10
66 10
68 10
74 10
76 10
79 10
80 10
90 10
93 10
95 10
98 10
3 11
4 11
8 11
11 11
17 11
21 11
24 11
25 11
29 11
36 11
37 11
46 11
57 11
58 11
59 11
61 11
66 11
67 11
68 11
72 11
76 11
79 11
80 11
84 11
95 11
100 11
2 12
8 12
12 12
37 12
44 12
54 12
58 12
60 12
71 12
76 12
79 12
81 12
83 12
84 12
88 12
89 12
98 12
99 12
1 13
8 13
11 13
22 13
25 13
29 13
35 13
38 13
46 13
53 13
56 13
62 13
68 13
71 13
81 13
84 13
86 13
87 13
91 13
98 13
7 14
13 14
16 14
17 14
21 14
22 14
24 14
26 14
34 14
36 14
37 14
42 14
43 14
44 14
65 14
73 14
78 14
79 14
83 14
86 14
89 14
91 14
92 14
96 14
98 14
100 14
8 15
9 15
12 15
13 15
15 15
26 15
29 15
31 15
49 15
51 15
56 15
57 15
58 15
59 15
62 15
63 15
68 15
70 15
74 15
75 15
83 15
86 15
87 15
88 15
90 15
95 15
2 16
12 16
19 16
21 16
22 16
32 16
34 16
41 16
44 16
51 16
53 16
54 16
56 16
61 16
68 16
69 16
70 16
78 16
81 16
86 16
91 16
97 16
99 16
100 16
8 17
14 17
20 17
24 17
29 17
34 17
39 17
40 17
49 17
51 17
53 17
58 17
69 17
70 17
73 17
75 17
79 17
81 17
83 17
86 17
87 17
91 17
97 17
2 18
8 18
18 18
21 18
23 18
26 18
32 18
33 18
40 18
45 18
48 18
49 18
52 18
53 18
58 18
61 18
67 18
68 18
71 18
73 18
76 18
78 18
80 18
81 18
83 18
90 18
96 18
98 18
99 18
1 19
9 19
13 19
19 19
23 19
35 19
37 19
40 19
41 19
45 19
53 19
54 19
57 19
59 19
68 19
70 19
72 19
73 19
76 19
80 19
81 19
83 19
85 19
89 19
92 19
95 19
98 19
100 19
4 20
6 20
7 20
8 20
12 20
14 20
17 20
18 20
30 20
32 20
39 20
42 20
52 20
53 20
55 20
56 20
59 20
66 20
67 20
69 20
74 20
80 20
84 20
92 20
96 20
100 20
3 21
8 21
10 21
11 21
20 21
21 21
29 21
31 21
38 21
46 21
47 21
50 21
57 21
58 21
62 21
71 21
73 21
75 21
80 21
82 21
86 21
88 21
89 21
90 21
99 21
12 22
23 22
24 22
30 22
32 22
34 22
36 22
44 22
45 22
54 22
55 22
56 22
57 22
60 22
67 22
69 22
74 22
77 22
81 22
83 22
89 22
93 22
97 22
5 23
8 23
13 23
17 23
18 23
19 23
24 23
32 23
35 23
39 23
43 23
45 23
50 23
57 23
68 23
71 23
73 23
76 23
79 23
80 23
83 23
86 23
89 23
90 23
92 23
1 24
2 24
4 24
13 24
17 24
21 24
25 24
26 24
34 24
40 24
41 24
45 24
51 24
58 24
61 24
71 24
74 24
76 24
77 24
81 24
84 24
92 24
97 24
98 24
1 25
3 25
6 25
7 25
8 25
9 25
12 25
14 25
16 25
22 25
23 25
24 25
25 25
28 25
35 25
41 25
43 25
48 25
49 25
50 25
52 25
56 25
58 25
59 25
67 25
72 25
83 25
84 25
91 25
94 25
1 26
2 26
4 26
6 26
11 26
19 26
25 26
30 26
32 26
33 26
36 26
37 26
40 26
41 26
44 26
47 26
49 26
52 26
55 26
59 26
71 26
74 26
80 26
85 26
86 26
87 26
98 26
99 26
4 27
9 27
19 27
24 27
35 27
36 27
39 27
42 27
43 27
45 27
47 27
59 27
60 27
62 27
68 27
73 27
75 27
81 27
82 27
88 27
91 27
94 27
95 27
96 27
3 28
8 28
9 28
11 28
20 28
30 28
33 28
35 28
36 28
51 28
53 28
55 28
56 28
59 28
61 28
64 28
67 28
69 28
79 28
85 28
90 28
91 28
92 28
99 28
1 29
2 29
5 29
9 29
10 29
11 29
14 29
18 29
27 29
30 29
31 29
34 29
40 29
47 29
48 29
50 29
51 29
54 29
57 29
63 29
69 29
76 29
77 29
78 29
81 29
83 29
84 29
85 29
92 29
100 29
10 30
13 30
16 30
24 30
26 30
27 30
38 30
43 30
48 30
52 30
54 30
55 30
62 30
64 30
66 30
68 30
77 30
83 30
86 30
91 30
92 30
95 30
96 30
6 31
12 31
14 31
16 31
19 31
25 31
28 31
33 31
38 31
42 31
43 31
44 31
60 31
63 31
64 31
65 31
69 31
71 31
75 31
77 31
78 31
79 31
81 31
87 31
93 31
4 32
5 32
6 32
19 32
20 32
22 32
30 32
34 32
35 32
39 32
42 32
43 32
45 32
49 32
56 32
62 32
65 32
67 32
69 32
72 32
74 32
77 32
81 32
84 32
87 32
93 32
94 32
95 32
97 32
2 33
6 33
7 33
11 33
22 33
25 33
26 33
28 33
30 33
31 33
41 33
49 33
51 33
52 33
54 33
55 33
56 33
57 33
60 33
62 33
63 33
64 33
65 33
67 33
81 33
82 33
88 33
89 33
3 34
7 34
14 34
15 34
18 34
29 34
31 34
34 34
35 34
37 34
53 34
55 34
61 34
62 34
66 34
69 34
84 34
87 34
88 34
90 34
97 34
98 34
99 34
7 35
9 35
12 35
14 35
16 35
20 35
21 35
23 35
24 35
29 35
37 35
41 35
47 35
49 35
52 35
57 35
65 35
68 35
69 35
72 35
73 35
74 35
79 35
83 35
88 35
99 35
100 35
2 36
6 36
7 36
8 36
11 36
15 36
17 36
24 36
30 36
32 36
35 36
41 36
45 36
51 36
53 36
57 36
59 36
61 36
62 36
63 36
64 36
65 36
67 36
71 36
73 36
74 36
79 36
81 36
88 36
89 36
90 36
91 36
94 36
99 36
100 36
2 37
6 37
8 37
12 37
15 37
16 37
21 37
24 37
25 37
28 37
29 37
32 37
33 37
37 37
44 37
50 37
53 37
58 37
67 37
70 37
72 37
73 37
81 37
83 37
87 37
5 38
12 38
22 38
24 38
31 38
32 38
37 38
38 38
41 38
44 38
45 38
47 38
56 38
57 38
58 38
59 38
60 38
64 38
66 38
70 38
71 38
73 38
74 38
81 38
88 38
95 38
2 39
7 39
9 39
19 39
20 39
23 39
34 39
36 39
38 39
59 39
60 39
64 39
66 39
74 39
99 39
1 40
5 40
11 40
13 40
19 40
27 40
29 40
30 40
33 40
35 40
44 40
45 40
46 40
50 40
51 40
55 40
64 40
71 40
72 40
80 40
84 40
85 40
87 40
90 40
93 40
5 41
6 41
8 41
10 41
17 41
20 41
22 41
23 41
31 41
35 41
38 41
39 41
43 41
56 41
58 41
63 41
68 41
78 41
94 41
96 41
100 41
2 42
5 42
12 42
13 42
14 42
20 42
25 42
27 42
32 42
38 42
41 42
44 42
47 42
51 42
52 42
54 42
56 42
57 42
66 42
67 42
72 42
75 42
77 42
79 42
93 42
100 42
6 43
7 43
21 43
23 43
25 43
28 43
36 43
54 43
58 43
60 43
65 43
67 43
80 43
93 43
99 43
1 44
2 44
10 44
29 44
33 44
35 44
44 44
46 44
55 44
56 44
57 44
60 44
64 44
66 44
72 44
77 44
78 44
79 44
87 44
89 44
91 44
92 44
5 45
15 45
16 45
23 45
24 45
28 45
38 45
41 45
46 45
53 45
55 45
61 45
65 45
67 45
77 45
84 45
86 45
87 45
90 45
92 45
93 45
94 45
95 45
100 45
10 46
16 46
24 46
32 46
33 46
35 46
41 46
42 46
44 46
57 46
63 46
67 46
68 46
71 46
72 46
73 46
74 46
79 46
81 46
86 46
88 46
93 46
94 46
2 47
6 47
10 47
14 47
15 47
22 47
23 47
34 47
35 47
48 47
51 47
53 47
57 47
63 47
64 47
75 47
92 47
5 48
7 48
10 48
12 48
20 48
22 48
27 48
28 48
36 48
40 48
44 48
46 48
60 48
64 48
66 48
69 48
70 48
71 48
80 48
82 48
84 48
85 48
90 48
95 48
96 48
99 48
100 48
5 49
6 49
7 49
19 49
20 49
21 49
23 49
25 49
26 49
27 49
29 49
30 49
39 49
43 49
47 49
51 49
56 49
58 49
62 49
63 49
67 49
70 49
74 49
76 49
77 49
79 49
84 49
86 49
3 50
4 50
6 50
9 50
10 50
12 50
13 50
22 50
24 50
28 50
31 50
36 50
37 50
43 50
51 50
61 50
64 50
66 50
73 50
75 50
85 50
88 50
90 50
3 51
5 51
10 51
12 51
13 51
14 51
17 51
21 51
26 51
29 51
34 51
36 51
42 51
47 51
49 51
50 51
53 51
67 51
73 51
74 51
75 51
78 51
79 51
82 51
84 51
85 51
86 51
92 51
94 51
96 51
2 52
3 52
7 52
9 52
11 52
15 52
24 52
25 52
26 52
30 52
33 52
42 52
45 52
46 52
52 52
54 52
67 52
69 52
80 52
84 52
86 52
88 52
89 52
90 52
93 52
94 52
99 52
1 53
9 53
10 53
26 53
28 53
30 53
31 53
33 53
34 53
40 53
47 53
54 53
57 53
58 53
60 53
61 53
63 53
66 53
71 53
75 53
79 53
80 53
83 53
84 53
89 53
93 53
96 53
97 53
100 53
1 54
5 54
12 54
13 54
15 54
21 54
29 54
32 54
39 54
41 54
44 54
46 54
54 54
55 54
66 54
68 54
81 54
87 54
91 54
3 55
5 55
9 55
14 55
19 55
21 55
23 55
27 55
33 55
37 55
40 55
50 55
56 55
57 55
58 55
64 55
70 55
75 55
79 55
83 55
93 55
94 55
95 55
99 55
3 56
5 56
7 56
8 56
10 56
11 56
12 56
16 56
18 56
21 56
22 56
30 56
31 56
33 56
44 56
45 56
59 56
61 56
64 56
68 56
72 56
75 56
77 56
79 56
86 56
93 56
97 56
100 56
2 57
5 57
6 57
13 57
15 57
16 57
22 57
25 57
34 57
35 57
36 57
40 57
43 57
52 57
54 57
60 57
61 57
65 57
69 57
73 57
77 57
86 57
93 57
2 58
5 58
7 58
16 58
18 58
21 58
24 58
25 58
33 58
41 58
43 58
45 58
47 58
52 58
54 58
55 58
63 58
73 58
77 58
79 58
82 58
85 58
87 58
88 58
94 58
98 58
100 58
7 59
11 59
15 59
16 59
17 59
25 59
32 59
38 59
40 59
43 59
47 59
48 59
51 59
52 59
56 59
57 59
67 59
68 59
70 59
72 59
74 59
75 59
76 59
77 59
80 59
82 59
86 59
93 59
98 59
100 59
5 60
10 60
13 60
14 60
19 60
20 60
30 60
32 60
47 60
50 60
62 60
69 60
80 60
86 60
88 60
1 61
3 61
5 61
6 61
7 61
8 61
18 61
26 61
28 61
30 61
31 61
37 61
38 61
39 61
43 61
45 61
49 61
56 61
57 61
59 61
64 61
67 61
68 61
77 61
81 61
89 61
93 61
95 61
98 61
5 62
18 62
20 62
25 62
27 62
28 62
30 62
35 62
37 62
40 62
44 62
56 62
60 62
62 62
67 62
78 62
81 62
85 62
88 62
94 62
98 62
99 62
2 63
3 63
5 63
6 63
9 63
12 63
17 63
22 63
23 63
25 63
26 63
27 63
30 63
33 63
38 63
41 63
42 63
46 63
48 63
50 63
53 63
62 63
67 63
71 63
72 63
74 63
81 63
83 63
88 63
89 63
92 63
93 63
97 63
98 63
100 63
3 64
15 64
16 64
23 64
24 64
30 64
37 64
40 64
41 64
51 64
55 64
64 64
67 64
70 64
71 64
74 64
79 64
82 64
84 64
89 64
91 64
92 64
93 64
4 65
7 65
10 65
11 65
14 65
15 65
16 65
18 65
26 65
42 65
55 65
56 65
62 65
65 65
67 65
71 65
72 65
76 65
84 65
87 65
90 65
92 65
96 65
98 65
100 65
12 66
15 66
17 66
27 66
28 66
29 66
34 66
37 66
40 66
43 66
44 66
50 66
53 66
55 66
57 66
58 66
62 66
64 66
66 66
67 66
68 66
71 66
76 66
81 66
83 66
85 66
90 66
94 66
96 66
100 66
2 67
5 67
15 67
16 67
17 67
20 67
21 67
25 67
38 67
42 67
45 67
47 67
51 67
53 67
57 67
59 67
61 67
62 67
65 67
78 67
80 67
83 67
86 67
88 67
93 67
95 67
100 67
2 68
6 68
10 68
18 68
21 68
23 68
26 68
48 68
50 68
56 68
59 68
62 68
66 68
72 68
81 68
83 68
86 68
88 68
90 68
91 68
96 68
100 68
4 69
7 69
9 69
14 69
17 69
22 69
24 69
29 69
35 69
37 69
41 69
45 69
47 69
56 69
67 69
69 69
74 69
78 69
82 69
85 69
87 69
96 69
98 69
4 70
6 70
7 70
14 70
17 70
35 70
44 70
47 70
48 70
56 70
59 70
62 70
65 70
70 70
73 70
76 70
77 70
85 70
89 70
91 70
95 70
96 70
100 70
1 71
2 71
3 71
10 71
11 71
16 71
19 71
22 71
28 71
35 71
37 71
38 71
50 71
56 71
59 71
60 71
65 71
66 71
67 71
69 71
76 71
79 71
80 71
81 71
85 71
90 71
91 71
93 71
100 71
1 72
2 72
4 72
5 72
6 72
11 72
12 72
17 72
20 72
21 72
25 72
27 72
29 72
30 72
40 72
42 72
43 72
44 72
45 72
46 72
47 72
52 72
54 72
57 72
60 72
69 72
73 72
79 72
86 72
90 72
91 72
97 72
99 72
2 73
4 73
5 73
7 73
8 73
9 73
16 73
34 73
38 73
43 73
47 73
49 73
50 73
52 73
58 73
59 73
63 73
69 73
72 73
73 73
74 73
77 73
78 73
83 73
87 73
88 73
90 73
93 73
98 73
3 74
7 74
23 74
26 74
27 74
28 74
32 74
33 74
38 74
40 74
44 74
49 74
55 74
56 74
57 74
62 74
73 74
75 74
79 74
2 75
3 75
9 75
10 75
18 75
24 75
26 75
32 75
35 75
48 75
50 75
54 75
57 75
65 75
67 75
70 75
71 75
72 75
77 75
85 75
86 75
87 75
92 75
94 75
97 75
99 75
6 76
9 76
11 76
18 76
27 76
34 76
36 76
43 76
48 76
49 76
50 76
52 76
54 76
55 76
61 76
62 76
68 76
69 76
74 76
78 76
82 76
98 76
4 77
12 77
18 77
21 77
23 77
27 77
28 77
30 77
33 77
34 77
37 77
38 77
50 77
55 77
60 77
64 77
67 77
73 77
78 77
79 77
81 77
83 77
84 77
92 77
99 77
100 77
3 78
11 78
13 78
25 78
31 78
33 78
34 78
37 78
40 78
42 78
47 78
51 78
59 78
68 78
70 78
75 78
79 78
86 78
89 78
90 78
91 78
97 78
2 79
18 79
21 79
24 79
29 79
38 79
42 79
47 79
49 79
55 79
60 79
61 79
64 79
65 79
72 79
73 79
80 79
81 79
83 79
86 79
91 79
99 79
1 80
2 80
6 80
12 80
15 80
19 80
23 80
28 80
32 80
33 80
34 80
36 80
38 80
39 80
43 80
44 80
46 80
47 80
53 80
56 80
61 80
64 80
67 80
70 80
71 80
82 80
84 80
89 80
92 80
1 81
8 81
10 81
11 81
14 81
15 81
21 81
23 81
26 81
27 81
41 81
42 81
49 81
50 81
54 81
60 81
61 81
66 81
73 81
82 81
84 81
87 81
94 81
98 81
99 81
2 82
4 82
5 82
13 82
17 82
19 82
22 82
31 82
32 82
33 82
34 82
36 82
50 82
53 82
57 82
63 82
64 82
67 82
68 82
70 82
73 82
74 82
77 82
78 82
79 82
81 82
87 82
90 82
91 82
98 82
5 83
7 83
14 83
15 83
16 83
17 83
18 83
23 83
25 83
28 83
30 83
31 83
32 83
37 83
44 83
48 83
51 83
58 83
73 83
74 83
76 83
77 83
78 83
81 83
85 83
88 83
91 83
94 83
97 83
100 83
1 84
2 84
4 84
9 84
20 84
33 84
43 84
53 84
56 84
60 84
66 84
72 84
76 84
81 84
84 84
86 84
88 84
89 84
90 84
91 84
92 84
93 84
94 84
2 85
3 85
5 85
18 85
19 85
26 85
31 85
33 85
37 85
39 85
47 85
49 85
50 85
51 85
58 85
59 85
63 85
71 85
75 85
80 85
85 85
86 85
87 85
88 85
3 86
7 86
11 86
17 86
18 86
22 86
34 86
40 86
44 86
47 86
50 86
51 86
54 86
57 86
58 86
69 86
71 86
74 86
80 86
82 86
92 86
4 87
8 87
11 87
13 87
15 87
16 87
18 87
20 87
22 87
23 87
27 87
50 87
55 87
60 87
64 87
69 87
81 87
82 87
86 87
93 87
94 87
100 87
9 88
13 88
14 88
19 88
24 88
29 88
33 88
34 88
36 88
38 88
41 88
48 88
53 88
54 88
57 88
61 88
66 88
68 88
71 88
73 88
74 88
77 88
81 88
87 88
91 88
92 88
93 88
96 88
98 88
100 88
1 89
5 89
7 89
11 89
15 89
17 89
18 89
20 89
21 89
22 89
38 89
43 89
45 89
50 89
51 89
53 89
58 89
61 89
66 89
85 89
88 89
97 89
5 90
7 90
11 90
13 90
15 90
17 90
18 90
19 90
24 90
26 90
31 90
35 90
42 90
44 90
45 90
47 90
48 90
49 90
50 90
54 90
56 90
58 90
61 90
75 90
82 90
85 90
89 90
96 90
97 90
17 91
18 91
19 91
25 91
27 91
28 91
31 91
34 91
35 91
36 91
37 91
41 91
43 91
48 91
55 91
56 91
59 91
61 91
63 91
66 91
68 91
78 91
80 91
81 91
82 91
84 91
87 91
91 91
1 92
3 92
4 92
5 92
6 92
7 92
10 92
19 92
24 92
25 92
31 92
34 92
37 92
40 92
50 92
52 92
56 92
60 92
65 92
67 92
68 92
70 92
71 92
73 92
74 92
78 92
82 92
83 92
84 92
91 92
93 92
2 93
5 93
8 93
12 93
13 93
14 93
16 93
19 93
22 93
24 93
25 93
26 93
27 93
30 93
31 93
33 93
35 93
37 93
48 93
49 93
56 93
58 93
61 93
68 93
74 93
80 93
83 93
85 93
86 93
91 93
99 93
2 94
7 94
8 94
10 94
15 94
17 94
19 94
27 94
37 94
41 94
42 94
50 94
56 94
57 94
58 94
64 94
71 94
74 94
75 94
76 94
81 94
87 94
92 94
94 94
99 94
5 95
6 95
11 95
15 95
21 95
26 95
34 95
35 95
37 95
42 95
44 95
59 95
60 95
61 95
64 95
72 95
74 95
75 95
76 95
77 95
89 95
94 95
96 95
100 95
1 96
4 96
12 96
13 96
14 96
15 96
16 96
17 96
22 96
29 96
39 96
45 96
46 96
55 96
58 96
61 96
74 96
76 96
82 96
83 96
94 96
98 96
21 97
22 97
24 97
33 97
35 97
39 97
52 97
60 97
61 97
63 97
68 97
70 97
73 97
78 97
81 97
82 97
85 97
89 97
93 97
5 98
6 98
8 98
24 98
25 98
26 98
30 98
37 98
39 98
45 98
49 98
52 98
53 98
55 98
60 98
61 98
62 98
66 98
70 98
78 98
83 98
89 98
93 98
95 98
96 98
99 98
2 99
10 99
13 99
18 99
30 99
32 99
35 99
37 99
41 99
43 99
44 99
47 99
49 99
55 99
58 99
71 99
76 99
82 99
88 99
89 99
90 99
91 99
99 99
100 99
17 100
22 100
23 100
29 100
32 100
36 100
38 100
40 100
43 100
48 100
52 100
56 100
57 100
63 100
67 100
68 100
72 100
78 100
79 100
83 100
85 100
87 100
91 100
92 100
