100
4 1
11 1
14 1
15 1
16 1
17 1
18 1
19 1
20 1
21 1
28 1
35 1
40 1
44 1
56 1
59 1
73 1
74 1
76 1
87 1
88 1
2 2
3 2
4 2
9 2
18 2
21 2
23 2
38 2
40 2
50 2
51 2
56 2
57 2
59 2
62 2
74 2
77 2
79 2
81 2
82 2
86 2
89 2
93 2
99 2
3 3
9 3
10 3
11 3
16 3
18 3
19 3
23 3
30 3
31 3
34 3
37 3
39 3
44 3
45 3
46 3
48 3
51 3
60 3
67 3
70 3
71 3
73 3
75 3
78 3
80 3
81 3
83 3
84 3
91 3
95 3
96 3
1 4
3 4
13 4
15 4
20 4
24 4
30 4
34 4
39 4
41 4
45 4
46 4
49 4
51 4
52 4
55 4
57 4
61 4
65 4
66 4
69 4
73 4
80 4
90 4
91 4
95 4
96 4
4 5
13 5
14 5
16 5
17 5
23 5
31 5
32 5
33 5
35 5
38 5
42 5
47 5
49 5
61 5
62 5
64 5
65 5
68 5
71 5
73 5
82 5
90 5
1 6
3 6
7 6
11 6
15 6
18 6
21 6
25 6
29 6
40 6
41 6
42 6
47 6
49 6
51 6
53 6
54 6
56 6
57 6
59 6
61 6
64 6
68 6
6 7
10 7
12 7
13 7
15 7
26 7
52 7
54 7
58 7
69 7
75 7
77 7
78 7
84 7
86 7
89 7
92 7
97 7
1 8
3 8
6 8
24 8
33 8
39 8
46 8
47 8
50 8
51 8
56 8
58 8
59 8
64 8
65 8
67 8
70 8
71 8
73 8
74 8
76 8
81 8
82 8
83 8
97 8
98 8
99 8
100 8
9 9
21 9
40 9
44 9
46 9
53 9
57 9
62 9
69 9
71 9
74 9
80 9
81 9
85 9
92 9
93 9
94 9
97 9
98 9
3 10
7 10
12 10
16 10
18 10
21 10
23 10
24 10
25 10
29 10
34 10
35 10
40 10
53 10
55 10
59 10
60 10
65 10
66 10
75 10
76 10
85 10
89 10
1 11
3 11
9 11
15 11
19 11
24 11
26 11
27 11
30 11
32 11
42 11
45 11
47 11
54 11
55 11
56 11
58 11
67 11
69 11
71 11
73 11
79 11
83 11
84 11
86 11
97 11
98 11
11 12
13 12
14 12
19 12
24 12
30 12
33 12
37 12
48 12
50 12
52 12
55 12
56 12
58 12
61 12
66 12
72 12
73 12
77 12
86 12
89 12
90 12
92 12
97 12
1 13
9 13
12 13
16 13
22 13
23 13
27 13
33 13
35 13
36 13
39 13
41 13
42 13
44 13
50 13
51 13
52 13
54 13
58 13
60 13
64 13
66 13
70 13
71 13
80 13
82 13
83 13
86 13
89 13
92 13
97 13
1 14
2 14
4 14
6 14
9 14
25 14
27 14
29 14
30 14
39 14
42 14
43 14
44 14
50 14
51 14
55 14
56 14
58 14
62 14
68 14
72 14
77 14
78 14
83 14
90 14
93 14
95 14
1 15
3 15
13 15
15 15
17 15
21 15
25 15
33 15
37 15
42 15
45 15
48 15
53 15
56 15
63 15
72 15
75 15
81 15
83 15
86 15
88 15
95 15
96 15
98 15
2 16
6 16
7 16
9 16
14 16
15 16
26 16
27 16
31 16
34 16
36 16
43 16
44 16
45 16
49 16
52 16
54 16
57 16
60 16
61 16
65 16
72 16
74 16
75 16
78 16
81 16
82 16
84 16
88 16
91 16
93 16
94 16
97 16
98 16
10 17
14 17
20 17
25 17
27 17
32 17
39 17
42 17
50 17
52 17
53 17
60 17
62 17
65 17
66 17
68 17
86 17
89 17
92 17
99 17
5 18
6 18
12 18
13 18
26 18
27 18
30 18
34 18
40 18
42 18
52 18
53 18
59 18
60 18
62 18
64 18
65 18
73 18
89 18
94 18
97 18
99 18
2 19
7 19
13 19
15 19
34 19
35 19
41 19
43 19
45 19
49 19
54 19
57 19
59 19
60 19
61 19
62 19
64 19
67 19
77 19
79 19
82 19
83 19
87 19
91 19
93 19
5 20
8 20
17 20
23 20
28 20
33 20
34 20
35 20
41 20
47 20
48 20
50 20
62 20
65 20
67 20
68 20
70 20
71 20
73 20
76 20
77 20
85 20
87 20
90 20
95 20
96 20
97 20
98 20
8 21
9 21
14 21
18 21
30 21
35 21
36 21
37 21
38 21
40 21
41 21
45 21
50 21
53 21
56 21
57 21
68 21
69 21
73 21
74 21
76 21
86 21
94 21
96 21
99 21
3 22
4 22
7 22
9 22
10 22
11 22
27 22
46 22
47 22
49 22
50 22
52 22
53 22
55 22
59 22
61 22
62 22
67 22
68 22
69 22
71 22
78 22
85 22
88 22
91 22
93 22
95 22
96 22
99 22
2 23
10 23
12 23
14 23
16 23
20 23
21 23
28 23
31 23
32 23
34 23
38 23
39 23
40 23
41 23
42 23
44 23
47 23
49 23
50 23
63 23
65 23
67 23
73 23
83 23
86 23
91 23
92 23
93 23
94 23
2 24
3 24
7 24
8 24
16 24
18 24
24 24
29 24
31 24
33 24
37 24
38 24
41 24
49 24
51 24
57 24
63 24
64 24
66 24
70 24
73 24
74 24
78 24
80 24
84 24
88 24
92 24
2 25
8 25
14 25
18 25
26 25
32 25
33 25
37 25
46 25
47 25
51 25
57 25
59 25
63 25
67 25
68 25
69 25
75 25
76 25
78 25
79 25
80 25
82 25
84 25
90 25
91 25
94 25
95 25
98 25
5 26
6 26
9 26
16 26
18 26
21 26
22 26
23 26
25 26
30 26
32 26
36 26
45 26
47 26
57 26
58 26
60 26
63 26
65 26
70 26
77 26
87 26
88 26
89 26
92 26
96 26
100 26
7 27
10 27
15 27
16 27
21 27
25 27
31 27
32 27
34 27
41 27
45 27
49 27
56 27
57 27
58 27
73 27
80 27
85 27
88 27
92 27
93 27
97 27
99 27
1 28
2 28
6 28
9 28
10 28
12 28
14 28
19 28
23 28
32 28
33 28
35 28
40 28
48 28
51 28
55 28
58 28
60 28
65 28
66 28
67 28
69 28
71 28
74 28
75 28
81 28
83 28
85 28
86 28
95 28
99 28
5 29
6 29
7 29
8 29
11 29
16 29
17 29
18 29
20 29
25 29
42 29
43 29
47 29
60 29
66 29
69 29
72 29
74 29
77 29
78 29
81 29
82 29
83 29
84 29
88 29
92 29
94 29
1 30
3 30
4 30
6 30
9 30
10 30
11 30
12 30
13 30
23 30
25 30
26 30
41 30
45 30
52 30
54 30
56 30
58 30
67 30
69 30
82 30
92 30
95 30
99 30
100 30
2 31
9 31
10 31
23 31
25 31
30 31
33 31
39 31
40 31
42 31
46 31
47 31
49 31
50 31
55 31
58 31
64 31
66 31
67 31
70 31
71 31
75 31
80 31
82 31
83 31
86 31
92 31
2 32
3 32
8 32
11 32
12 32
16 32
20 32
27 32
31 32
34 32
35 32
44 32
47 32
51 32
52 32
59 32
62 32
64 32
67 32
69 32
72 32
78 32
84 32
86 32
87 32
88 32
95 32
96 32
97 32
98 32
99 32
5 33
6 33
8 33
11 33
16 33
20 33
21 33
30 33
33 33
34 33
35 33
36 33
37 33
38 33
43 33
45 33
48 33
53 33
54 33
57 33
61 33
62 33
72 33
78 33
79 33
80 33
81 33
90 33
93 33
94 33
4 34
7 34
10 34
12 34
13 34
19 34
23 34
27 34
32 34
33 34
38 34
46 34
48 34
50 34
51 34
55 34
56 34
57 34
58 34
61 34
68 34
69 34
84 34
87 34
1 35
6 35
9 35
23 35
28 35
29 35
30 35
52 35
53 35
56 35
57 35
65 35
67 35
69 35
72 35
80 35
84 35
87 35
94 35
95 35
96 35
1 36
2 36
3 36
4 36
6 36
9 36
12 36
15 36
23 36
25 36
29 36
31 36
34 36
40 36
46 36
49 36
55 36
58 36
60 36
67 36
70 36
71 36
73 36
81 36
83 36
90 36
100 36
3 37
10 37
15 37
16 37
18 37
19 37
29 37
30 37
32 37
37 37
38 37
40 37
41 37
42 37
43 37
45 37
48 37
62 37
66 37
68 37
69 37
70 37
72 37
77 37
79 37
80 37
83 37
87 37
88 37
90 37
94 37
96 37
97 37
100 37
2 38
20 38
21 38
29 38
30 38
31 38
32 38
33 38
40 38
44 38
48 38
49 38
52 38
56 38
58 38
61 38
64 38
68 38
69 38
72 38
76 38
79 38
84 38
85 38
89 38
93 38
96 38
99 38
4 39
7 39
11 39
12 39
15 39
17 39
19 39
21 39
22 39
26 39
27 39
34 39
41 39
42 39
43 39
46 39
50 39
58 39
70 39
71 39
79 39
95 39
96 39
3 40
5 40
6 40
14 40
16 40
18 40
24 40
28 40
35 40
44 40
46 40
58 40
66 40
80 40
86 40
93 40
95 40
5 41
9 41
15 41
25 41
26 41
27 41
32 41
34 41
35 41
37 41
42 41
44 41
46 41
47 41
51 41
54 41
56 41
57 41
58 41
59 41
62 41
69 41
74 41
79 41
82 41
83 41
85 41
90 41
93 41
5 42
9 42
17 42
19 42
21 42
27 42
35 42
36 42
38 42
40 42
41 42
59 42
61 42
63 42
65 42
70 42
71 42
76 42
85 42
90 42
93 42
94 42
95 42
100 42
4 43
15 43
21 43
24 43
27 43
29 43
30 43
31 43
33 43
35 43
41 43
52 43
56 43
58 43
62 43
64 43
72 43
74 43
78 43
80 43
85 43
88 43
93 43
97 43
5 44
11 44
15 44
20 44
23 44
25 44
26 44
27 44
30 44
31 44
34 44
37 44
39 44
44 44
50 44
52 44
57 44
58 44
64 44
66 44
67 44
68 44
69 44
70 44
71 44
74 44
85 44
88 44
93 44
96 44
98 44
100 44
6 45
9 45
11 45
13 45
16 45
19 45
20 45
25 45
26 45
30 45
31 45
33 45
37 45
38 45
40 45
45 45
50 45
55 45
58 45
59 45
61 45
64 45
66 45
77 45
78 45
79 45
84 45
92 45
96 45
97 45
1 46
4 46
7 46
8 46
10 46
12 46
20 46
22 46
25 46
31 46
34 46
39 46
44 46
45 46
47 46
49 46
50 46
52 46
56 46
57 46
59 46
60 46
73 46
76 46
78 46
79 46
86 46
89 46
94 46
95 46
96 46
98 46
5 47
6 47
14 47
17 47
18 47
25 47
28 47
33 47
36 47
41 47
44 47
50 47
54 47
56 47
65 47
67 47
69 47
75 47
76 47
78 47
81 47
86 47
94 47
95 47
97 47
99 47
2 48
4 48
7 48
15 48
16 48
17 48
22 48
25 48
29 48
31 48
32 48
38 48
44 48
52 48
57 48
67 48
72 48
73 48
75 48
77 48
81 48
86 48
91 48
92 48
94 48
95 48
96 48
99 48
12 49
19 49
20 49
21 49
33 49
34 49
36 49
37 49
38 49
42 49
44 49
48 49
58 49
59 49
61 49
65 49
70 49
73 49
75 49
78 49
82 49
86 49
99 49
1 50
2 50
5 50
10 50
14 50
22 50
28 50
32 50
37 50
40 50
45 50
51 50
55 50
65 50
67 50
80 50
82 50
83 50
85 50
94 50
98 50
1 51
11 51
21 51
23 51
32 51
33 51
35 51
39 51
53 51
54 51
60 51
64 51
66 51
68 51
71 51
80 51
81 51
87 51
98 51
2 52
4 52
11 52
12 52
15 52
19 52
21 52
26 52
31 52
41 52
42 52
45 52
46 52
51 52
56 52
65 52
70 52
78 52
80 52
82 52
83 52
88 52
90 52
91 52
94 52
95 52
98 52
99 52
1 53
3 53
14 53
16 53
20 53
28 53
34 53
38 53
39 53
42 53
46 53
47 53
54 53
55 53
56 53
58 53
59 53
64 53
65 53
67 53
71 53
76 53
78 53
86 53
88 53
97 53
98 53
1 54
6 54
15 54
16 54
19 54
23 54
24 54
33 54
34 54
36 54
41 54
42 54
47 54
49 54
52 54
63 54
64 54
65 54
69 54
72 54
73 54
78 54
79 54
81 54
92 54
94 54
95 54
99 54
8 55
9 55
11 55
18 55
23 55
27 55
32 55
34 55
39 55
43 55
44 55
48 55
51 55
53 55
58 55
61 55
64 55
67 55
69 55
73 55
83 55
84 55
93 55
94 55
99 55
4 56
5 56
10 56
11 56
20 56
21 56
22 56
24 56
30 56
33 56
35 56
38 56
40 56
42 56
45 56
56 56
57 56
59 56
70 56
77 56
79 56
83 56
99 56
2 57
5 57
7 57
8 57
13 57
18 57
21 57
24 57
34 57
36 57
37 57
38 57
39 57
40 57
41 57
42 57
43 57
46 57
47 57
51 57
58 57
60 57
64 57
65 57
66 57
75 57
82 57
93 57
96 57
97 57
100 57
2 58
4 58
7 58
10 58
19 58
20 58
29 58
33 58
52 58
54 58
62 58
69 58
75 58
77 58
79 58
80 58
88 58
89 58
93 58
100 58
1 59
7 59
9 59
14 59
15 59
16 59
19 59
20 59
25 59
27 59
33 59
36 59
49 59
50 59
53 59
61 59
63 59
64 59
66 59
71 59
74 59
85 59
86 59
91 59
93 59
96 59
97 59
98 59
99 59
11 60
16 60
17 60
25 60
27 60
28 60
29 60
37 60
39 60
43 60
46 60
47 60
57 60
59 60
60 60
71 60
72 60
74 60
76 60
83 60
88 60
89 60
93 60
97 60
99 60
8 61
11 61
12 61
14 61
27 61
28 61
32 61
41 61
55 61
57 61
61 61
62 61
70 61
71 61
89 61
91 61
92 61
98 61
99 61
2 62
4 62
6 62
10 62
12 62
13 62
23 62
34 62
36 62
43 62
45 62
48 62
49 62
51 62
53 62
57 62
59 62
62 62
64 62
65 62
68 62
71 62
73 62
75 62
76 62
79 62
85 62
86 62
88 62
91 62
93 62
95 62
96 62
98 62
99 62
100 62
3 63
4 63
7 63
8 63
10 63
12 63
13 63
19 63
21 63
24 63
28 63
30 63
33 63
34 63
35 63
37 63
41 63
45 63
47 63
52 63
65 63
71 63
74 63
76 63
84 63
96 63
99 63
100 63
1 64
2 64
8 64
10 64
14 64
16 64
19 64
24 64
25 64
29 64
32 64
33 64
35 64
36 64
38 64
39 64
53 64
54 64
58 64
59 64
62 64
65 64
66 64
73 64
75 64
78 64
86 64
87 64
91 64
3 65
6 65
7 65
11 65
12 65
20 65
23 65
25 65
27 65
37 65
38 65
45 65
47 65
50 65
52 65
59 65
69 65
71 65
72 65
73 65
75 65
79 65
80 65
84 65
87 65
89 65
96 65
2 66
3 66
4 66
6 66
9 66
13 66
14 66
15 66
18 66
19 66
21 66
23 66
24 66
25 66
26 66
31 66
35 66
36 66
38 66
41 66
53 66
55 66
57 66
58 66
69 66
71 66
74 66
77 66
84 66
86 66
87 66
88 66
91 66
92 66
97 66
98 66
2 67
3 67
4 67
5 67
6 67
14 67
16 67
25 67
26 67
30 67
31 67
35 67
36 67
38 67
39 67
40 67
42 67
44 67
45 67
47 67
48 67
51 67
53 67
56 67
59 67
61 67
64 67
66 67
69 67
70 67
77 67
82 67
84 67
85 67
86 67
90 67
94 67
98 67
1 68
5 68
7 68
9 68
10 68
11 68
14 68
21 68
38 68
47 68
52 68
53 68
57 68
58 68
61 68
64 68
71 68
72 68
73 68
82 68
84 68
87 68
91 68
2 69
5 69
12 69
15 69
17 69
19 69
20 69
21 69
23 69
25 69
30 69
31 69
51 69
53 69
58 69
62 69
64 69
65 69
71 69
73 69
74 69
79 69
80 69
81 69
82 69
87 69
88 69
94 69
97 69
1 70
4 70
14 70
20 70
24 70
27 70
36 70
37 70
39 70
43 70
44 70
55 70
63 70
65 70
70 70
71 70
73 70
75 70
86 70
90 70
91 70
96 70
2 71
3 71
6 71
8 71
12 71
16 71
29 71
31 71
32 71
33 71
36 71
39 71
41 71
49 71
51 71
56 71
58 71
60 71
65 71
68 71
69 71
70 71
72 71
73 71
76 71
79 71
83 71
91 71
92 71
95 71
96 71
98 71
17 72
18 72
26 72
31 72
40 72
46 72
49 72
60 72
65 72
66 72
74 72
90 72
94 72
95 72
5 73
8 73
15 73
19 73
22 73
32 73
33 73
34 73
47 73
49 73
51 73
57 73
58 73
63 73
74 73
75 73
77 73
78 73
80 73
81 73
82 73
83 73
84 73
86 73
88 73
91 73
92 73
4 74
5 74
12 74
15 74
23 74
29 74
33 74
37 74
38 74
41 74
44 74
53 74
62 74
63 74
66 74
74 74
82 74
83 74
86 74
91 74
94 74
8 75
9 75
13 75
14 75
17 75
29 75
32 75
33 75
36 75
43 75
45 75
51 75
52 75
53 75
63 75
64 75
67 75
68 75
69 75
74 75
77 75
81 75
82 75
84 75
85 75
86 75
88 75
90 75
91 75
94 75
95 75
5 76
24 76
28 76
31 76
33 76
39 76
40 76
51 76
53 76
54 76
59 76
62 76
69 76
70 76
71 76
72 76
73 76
74 76
75 76
78 76
79 76
81 76
82 76
87 76
92 76
96 76
1 77
2 77
7 77
12 77
17 77
18 77
20 77
23 77
24 77
32 77
33 77
37 77
40 77
41 77
42 77
44 77
46 77
55 77
58 77
63 77
65 77
66 77
67 77
68 77
70 77
71 77
72 77
75 77
76 77
77 77
79 77
82 77
85 77
88 77
89 77
90 77
97 77
99 77
100 77
9 78
17 78
21 78
33 78
34 78
42 78
45 78
50 78
63 78
64 78
65 78
71 78
76 78
79 78
86 78
89 78
90 78
93 78
96 78
99 78
100 78
4 79
10 79
13 79
17 79
23 79
25 79
28 79
29 79
33 79
41 79
42 79
43 79
50 79
52 79
55 79
57 79
58 79
61 79
62 79
66 79
75 79
77 79
79 79
83 79
85 79
89 79
93 79
98 79
100 79
3 80
6 80
7 80
12 80
13 80
15 80
16 80
18 80
23 80
24 80
26 80
32 80
35 80
37 80
38 80
41 80
60 80
66 80
71 80
73 80
77 80
78 80
84 80
87 80
89 80
92 80
98 80
99 80
100 80
1 81
10 81
26 81
33 81
37 81
43 81
45 81
46 81
47 81
55 81
74 81
79 81
87 81
94 81
96 81
7 82
13 82
15 82
25 82
30 82
31 82
32 82
38 82
42 82
44 82
47 82
52 82
55 82
58 82
60 82
67 82
72 82
81 82
89 82
90 82
93 82
100 82
2 83
4 83
8 83
9 83
13 83
17 83
20 83
29 83
34 83
37 83
39 83
41 83
42 83
47 83
48 83
49 83
52 83
58 83
73 83
78 83
81 83
91 83
3 84
6 84
9 84
15 84
16 84
17 84
21 84
25 84
26 84
33 84
39 84
44 84
49 84
52 84
55 84
58 84
61 84
72 84
81 84
94 84
95 84
99 84
4 85
7 85
13 85
17 85
23 85
27 85
33 85
41 85
52 85
53 85
63 85
86 85
87 85
89 85
90 85
98 85
1 86
3 86
6 86
12 86
17 86
20 86
23 86
33 86
47 86
52 86
54 86
55 86
57 86
60 86
69 86
72 86
80 86
83 86
88 86
90 86
93 86
95 86
96 86
97 86
3 87
4 87
5 87
9 87
12 87
14 87
17 87
18 87
19 87
26 87
39 87
48 87
50 87
51 87
53 87
59 87
61 87
62 87
63 87
67 87
69 87
78 87
85 87
94 87
96 87
97 87
98 87
6 88
17 88
20 88
22 88
26 88
40 88
41 88
44 88
47 88
48 88
53 88
54 88
56 88
57 88
67 88
71 88
83 88
86 88
90 88
92 88
94 88
96 88
3 89
16 89
17 89
20 89
25 89
26 89
29 89
35 89
40 89
46 89
50 89
54 89
61 89
66 89
69 89
70 89
73 89
75 89
78 89
79 89
80 89
85 89
87 89
88 89
90 89
91 89
100 89
1 90
8 90
14 90
18 90
19 90
20 90
21 90
23 90
25 90
29 90
31 90
33 90
36 90
39 90
45 90
47 90
50 90
56 90
62 90
65 90
67 90
76 90
78 90
84 90
86 90
2 91
3 91
4 91
6 91
8 91
13 91
20 91
23 91
24 91
26 91
29 91
39 91
47 91
48 91
50 91
55 91
70 91
72 91
76 91
77 91
79 91
86 91
87 91
91 91
93 91
94 91
97 91
2 92
7 92
16 92
23 92
25 92
36 92
40 92
41 92
42 92
45 92
65 92
68 92
73 92
78 92
81 92
83 92
87 92
94 92
95 92
5 93
7 93
13 93
22 93
34 93
35 93
36 93
37 93
41 93
43 93
44 93
45 93
49 93
50 93
52 93
56 93
62 93
63 93
64 93
68 93
70 93
72 93
73 93
74 93
87 93
88 93
89 93
90 93
91 93
95 93
96 93
99 93
100 93
1 94
5 94
9 94
10 94
14 94
16 94
17 94
19 94
20 94
23 94
24 94
25 94
28 94
29 94
30 94
32 94
33 94
35 94
36 94
40 94
42 94
43 94
48 94
49 94
57 94
60 94
64 94
68 94
73 94
74 94
81 94
85 94
91 94
96 94
97 94
99 94
9 95
11 95
12 95
15 95
19 95
22 95
26 95
27 95
28 95
29 95
34 95
39 95
40 95
44 95
45 95
46 95
47 95
52 95
57 95
58 95
59 95
60 95
64 95
66 95
73 95
82 95
83 95
93 95
97 95
98 95
5 96
11 96
13 96
14 96
15 96
16 96
22 96
28 96
29 96
31 96
34 96
39 96
56 96
61 96
69 96
89 96
94 96
95 96
97 96
100 96
2 97
4 97
6 97
7 97
10 97
12 97
14 97
16 97
22 97
24 97
25 97
39 97
41 97
43 97
44 97
46 97
56 97
60 97
67 97
70 97
73 97
74 97
75 97
76 97
77 97
81 97
85 97
93 97
95 97
96 97
98 97
100 97
5 98
6 98
10 98
14 98
17 98
19 98
24 98
25 98
33 98
34 98
43 98
53 98
62 98
63 98
67 98
71 98
74 98
75 98
77 98
90 98
100 98
7 99
18 99
19 99
24 99
29 99
37 99
44 99
46 99
47 99
48 99
52 99
58 99
60 99
61 99
63 99
67 99
68 99
73 99
75 99
76 99
88 99
89 99
94 99
2 100
14 100
15 100
19 100
24 100
25 100
28 100
31 100
43 100
47 100
50 100
55 100
56 100
63 100
66 100
69 100
74 100
76 100
77 100
80 100
81 100
87 100
90 100
91 100
94 100
97 100
98 100
