100
11 1
12 1
17 1
20 1
22 1
25 1
26 1
27 1
39 1
40 1
43 1
44 1
45 1
47 1
59 1
63 1
65 1
71 1
77 1
86 1
87 1
89 1
90 1
99 1
100 1
3 2
9 2
15 2
18 2
20 2
21 2
22 2
29 2
30 2
31 2
37 2
39 2
42 2
47 2
48 2
54 2
63 2
66 2
72 2
74 2
78 2
95 2
96 2
4 3
5 3
7 3
15 3
17 3
20 3
24 3
26 3
34 3
39 3
40 3
44 3
48 3
74 3
79 3
80 3
84 3
89 3
93 3
96 3
97 3
11 4
19 4
20 4
33 4
35 4
39 4
42 4
48 4
49 4
53 4
56 4
58 4
59 4
63 4
72 4
73 4
78 4
79 4
93 4
95 4
3 5
8 5
9 5
20 5
23 5
25 5
29 5
35 5
36 5
39 5
44 5
45 5
48 5
59 5
62 5
67 5
69 5
72 5
73 5
74 5
75 5
77 5
79 5
85 5
90 5
95 5
96 5
99 5
1 6
2 6
4 6
5 6
10 6
14 6
15 6
25 6
31 6
33 6
40 6
43 6
44 6
46 6
50 6
59 6
68 6
79 6
80 6
81 6
85 6
100 6
2 7
14 7
22 7
24 7
30 7
35 7
39 7
41 7
56 7
59 7
62 7
63 7
75 7
80 7
82 7
85 7
89 7
91 7
93 7
94 7
99 7
8 8
10 8
13 8
17 8
31 8
42 8
43 8
63 8
64 8
65 8
67 8
74 8
75 8
77 8
85 8
88 8
94 8
95 8
96 8
99 8
100 8
1 9
3 9
11 9
12 9
13 9
14 9
15 9
20 9
21 9
22 9
23 9
41 9
48 9
52 9
58 9
63 9
66 9
67 9
71 9
74 9
77 9
78 9
86 9
92 9
97 9
3 10
7 10
9 10
10 10
14 10
17 10
31 10
32 10
42 10
43 10
47 10
52 10
55 10
61 10
63 10
65 10
66 10
69 10
75 10
81 10
86 10
93 10
94 10
95 10
99 10
2 11
11 11
16 11
18 11
20 11
23 11
31 11
32 11
33 11
34 11
36 11
39 11
41 11
43 11
46 11
47 11
51 11
66 11
71 11
72 11
73 11
75 11
83 11
84 11
86 11
93 11
96 11
5 12
6 12
10 12
11 12
12 12
20 12
21 12
24 12
30 12
41 12
47 12
68 12
70 12
72 12
77 12
82 12
83 12
88 12
90 12
91 12
92 12
96 12
100 12
8 13
9 13
11 13
16 13
18 13
26 13
28 13
33 13
39 13
42 13
50 13
51 13
62 13
65 13
67 13
72 13
74 13
75 13
79 13
81 13
88 13
100 13
4 14
12 14
14 14
17 14
21 14
28 14
30 14
32 14
34 14
36 14
40 14
53 14
58 14
60 14
67 14
68 14
70 14
74 14
79 14
80 14
82 14
83 14
84 14
86 14
89 14
92 14
94 14
98 14
1 15
9 15
10 15
13 15
14 15
16 15
20 15
25 15
26 15
28 15
30 15
32 15
36 15
37 15
40 15
44 15
46 15
49 15
57 15
60 15
64 15
69 15
73 15
75 15
86 15
88 15
90 15
91 15
92 15
99 15
1 16
3 16
12 16
19 16
26 16
29 16
30 16
31 16
34 16
35 16
42 16
44 16
47 16
55 16
56 16
57 16
58 16
59 16
61 16
64 16
68 16
73 16
76 16
78 16
79 16
83 16
86 16
94 16
98 16
1 17
6 17
7 17
18 17
22 17
24 17
31 17
33 17
35 17
48 17
49 17
50 17
59 17
65 17
70 17
78 17
94 17
97 17
98 17
100 17
11 18
14 18
18 18
25 18
27 18
34 18
39 18
58 18
63 18
68 18
72 18
76 18
80 18
83 18
89 18
92 18
94 18
3 19
7 19
14 19
17 19
18 19
26 19
33 19
39 19
40 19
41 19
45 19
52 19
56 19
61 19
63 19
64 19
65 19
74 19
77 19
81 19
91 19
94 19
95 19
98 19
100 19
4 20
5 20
7 20
9 20
11 20
15 20
20 20
22 20
25 20
26 20
36 20
44 20
49 20
52 20
54 20
62 20
68 20
80 20
81 20
83 20
84 20
91 20
98 20
99 20
100 20
7 21
13 21
14 21
23 21
24 21
30 21
35 21
36 21
37 21
38 21
39 21
45 21
53 21
54 21
56 21
57 21
58 21
59 21
62 21
70 21
73 21
76 21
79 21
85 21
87 21
90 21
91 21
94 21
98 21
1 22
5 22
7 22
12 22
13 22
14 22
17 22
22 22
32 22
36 22
37 22
38 22
39 22
44 22
50 22
56 22
57 22
58 22
62 22
65 22
68 22
69 22
70 22
73 22
74 22
84 22
91 22
94 22
95 22
96 22
4 23
7 23
9 23
11 23
14 23
19 23
24 23
26 23
34 23
36 23
37 23
39 23
42 23
44 23
49 23
51 23
54 23
55 23
57 23
70 23
79 23
83 23
84 23
85 23
94 23
97 23
98 23
8 24
11 24
13 24
22 24
41 24
44 24
46 24
51 24
55 24
57 24
59 24
61 24
62 24
65 24
66 24
70 24
71 24
72 24
74 24
76 24
77 24
78 24
83 24
86 24
89 24
91 24
92 24
96 24
97 24
98 24
99 24
100 24
12 25
16 25
21 25
25 25
29 25
34 25
37 25
39 25
43 25
44 25
46 25
57 25
61 25
66 25
71 25
82 25
92 25
98 25
4 26
8 26
11 26
14 26
17 26
20 26
27 26
28 26
31 26
32 26
41 26
42 26
48 26
49 26
56 26
63 26
68 26
69 26
71 26
74 26
78 26
79 26
82 26
92 26
98 26
1 27
10 27
16 27
23 27
24 27
25 27
27 27
28 27
30 27
31 27
33 27
34 27
41 27
42 27
45 27
53 27
58 27
62 27
66 27
69 27
85 27
89 27
91 27
95 27
99 27
1 28
2 28
3 28
7 28
18 28
23 28
27 28
30 28
32 28
40 28
46 28
48 28
54 28
58 28
61 28
62 28
65 28
69 28
73 28
76 28
77 28
79 28
87 28
89 28
91 28
92 28
93 28
1 29
2 29
3 29
6 29
7 29
12 29
16 29
17 29
24 29
45 29
46 29
52 29
53 29
55 29
61 29
63 29
68 29
69 29
76 29
78 29
81 29
83 29
87 29
93 29
97 29
98 29
2 30
12 30
13 30
15 30
18 30
19 30
28 30
30 30
39 30
43 30
44 30
48 30
49 30
50 30
52 30
57 30
58 30
59 30
63 30
65 30
66 30
71 30
85 30
89 30
92 30
97 30
99 30
4 31
7 31
15 31
23 31
24 31
26 31
31 31
33 31
40 31
41 31
48 31
52 31
55 31
63 31
81 31
87 31
88 31
93 31
97 31
98 31
99 31
10 32
14 32
15 32
17 32
21 32
27 32
28 32
29 32
31 32
36 32
41 32
43 32
50 32
52 32
71 32
74 32
86 32
90 32
98 32
2 33
3 33
4 33
9 33
10 33
13 33
18 33
21 33
25 33
27 33
31 33
35 33
39 33
44 33
45 33
49 33
50 33
51 33
58 33
60 33
61 33
67 33
69 33
76 33
77 33
80 33
84 33
85 33
86 33
92 33
94 33
97 33
99 33
100 33
3 34
6 34
7 34
12 34
19 34
21 34
23 34
24 34
32 34
35 34
44 34
49 34
54 34
55 34
59 34
61 34
67 34
72 34
76 34
77 34
81 34
83 34
84 34
86 34
87 34
89 34
91 34
94 34
2 35
3 35
9 35
13 35
18 35
27 35
31 35
35 35
37 35
38 35
39 35
43 35
45 35
46 35
48 35
49 35
52 35
57 35
60 35
62 35
64 35
65 35
67 35
69 35
70 35
81 35
88 35
96 35
2 36
4 36
7 36
18 36
19 36
21 36
30 36
31 36
37 36
40 36
43 36
44 36
48 36
49 36
50 36
51 36
52 36
57 36
65 36
66 36
67 36
69 36
81 36
83 36
99 36
100 36
1 37
12 37
16 37
31 37
34 37
38 37
39 37
46 37
53 37
65 37
66 37
71 37
74 37
76 37
77 37
89 37
90 37
91 37
94 37
95 37
96 37
97 37
98 37
4 38
5 38
8 38
11 38
13 38
14 38
16 38
17 38
21 38
25 38
34 38
38 38
41 38
42 38
44 38
47 38
50 38
57 38
59 38
67 38
69 38
71 38
72 38
80 38
81 38
87 38
6 39
14 39
19 39
21 39
24 39
30 39
31 39
37 39
43 39
50 39
55 39
59 39
64 39
69 39
75 39
76 39
77 39
80 39
81 39
83 39
87 39
90 39
91 39
24 40
29 40
37 40
40 40
43 40
45 40
49 40
51 40
52 40
53 40
55 40
60 40
62 40
63 40
64 40
67 40
68 40
70 40
76 40
77 40
80 40
84 40
87 40
88 40
89 40
92 40
97 40
2 41
4 41
8 41
15 41
16 41
31 41
32 41
35 41
38 41
42 41
43 41
44 41
45 41
49 41
52 41
54 41
55 41
59 41
60 41
70 41
71 41
73 41
80 41
81 41
84 41
89 41
92 41
99 41
1 42
2 42
6 42
7 42
11 42
20 42
21 42
22 42
24 42
28 42
32 42
38 42
41 42
42 42
43 42
44 42
45 42
56 42
58 42
64 42
65 42
66 42
72 42
75 42
76 42
78 42
80 42
85 42
87 42
90 42
99 42
2 43
6 43
12 43
14 43
17 43
18 43
21 43
25 43
29 43
31 43
35 43
37 43
53 43
57 43
60 43
71 43
73 43
75 43
80 43
83 43
88 43
91 43
94 43
99 43
6 44
7 44
8 44
16 44
19 44
26 44
28 44
34 44
35 44
36 44
42 44
43 44
47 44
56 44
60 44
64 44
69 44
71 44
81 44
84 44
86 44
88 44
93 44
94 44
97 44
4 45
5 45
9 45
12 45
17 45
19 45
39 45
40 45
42 45
49 45
57 45
69 45
70 45
71 45
73 45
76 45
81 45
86 45
92 45
93 45
98 45
100 45
6 46
9 46
13 46
14 46
19 46
20 46
22 46
24 46
29 46
32 46
46 46
49 46
54 46
55 46
59 46
70 46
72 46
74 46
78 46
83 46
84 46
89 46
94 46
96 46
2 47
5 47
8 47
13 47
14 47
18 47
19 47
25 47
28 47
30 47
31 47
36 47
42 47
44 47
45 47
46 47
47 47
52 47
57 47
59 47
65 47
68 47
75 47
80 47
84 47
85 47
98 47
99 47
100 47
1 48
13 48
18 48
21 48
25 48
27 48
28 48
46 48
48 48
49 48
57 48
58 48
59 48
62 48
67 48
69 48
70 48
71 48
75 48
82 48
90 48
91 48
92 48
99 48
1 49
2 49
4 49
9 49
10 49
11 49
15 49
18 49
23 49
36 49
42 49
44 49
45 49
52 49
56 49
59 49
60 49
62 49
63 49
66 49
69 49
70 49
76 49
77 49
80 49
81 49
85 49
90 49
94 49
96 49
99 49
10 50
17 50
23 50
29 50
47 50
48 50
49 50
50 50
55 50
64 50
65 50
66 50
87 50
93 50
5 51
6 51
7 51
18 51
21 51
28 51
29 51
36 51
40 51
41 51
43 51
44 51
45 51
46 51
53 51
55 51
57 51
69 51
70 51
75 51
76 51
82 51
92 51
93 51
97 51
100 51
7 52
12 52
14 52
17 52
20 52
22 52
25 52
26 52
28 52
33 52
36 52
40 52
45 52
49 52
50 52
53 52
68 52
70 52
77 52
78 52
79 52
82 52
87 52
91 52
94 52
95 52
97 52
98 52
7 53
12 53
19 53
23 53
24 53
29 53
33 53
37 53
43 53
44 53
49 53
52 53
56 53
60 53
71 53
80 53
81 53
82 53
86 53
88 53
90 53
98 53
4 54
9 54
13 54
17 54
21 54
24 54
40 54
44 54
47 54
51 54
65 54
70 54
73 54
74 54
79 54
94 54
6 55
8 55
16 55
20 55
24 55
34 55
35 55
36 55
39 55
40 55
42 55
52 55
55 55
56 55
59 55
66 55
72 55
74 55
84 55
86 55
87 55
88 55
90 55
95 55
2 56
7 56
10 56
13 56
17 56
22 56
26 56
28 56
38 56
40 56
47 56
50 56
51 56
56 56
58 56
60 56
62 56
66 56
69 56
72 56
73 56
75 56
77 56
81 56
91 56
97 56
8 57
9 57
13 57
14 57
21 57
22 57
24 57
28 57
37 57
40 57
41 57
44 57
50 57
52 57
58 57
62 57
69 57
70 57
71 57
75 57
77 57
79 57
82 57
88 57
91 57
98 57
14 58
32 58
33 58
38 58
56 58
58 58
60 58
68 58
71 58
72 58
73 58
92 58
94 58
97 58
6 59
7 59
13 59
15 59
17 59
18 59
25 59
36 59
42 59
43 59
45 59
46 59
50 59
55 59
61 59
62 59
70 59
75 59
78 59
83 59
85 59
86 59
89 59
98 59
1 60
3 60
4 60
7 60
15 60
16 60
23 60
24 60
29 60
47 60
54 60
63 60
72 60
77 60
83 60
89 60
90 60
2 61
7 61
13 61
14 61
18 61
19 61
22 61
23 61
38 61
40 61
48 61
49 61
51 61
53 61
57 61
58 61
61 61
64 61
67 61
69 61
76 61
90 61
97 61
5 62
13 62
17 62
19 62
31 62
33 62
36 62
39 62
40 62
41 62
45 62
47 62
48 62
49 62
56 62
63 62
75 62
77 62
79 62
81 62
86 62
92 62
94 62
95 62
96 62
97 62
100 62
1 63
2 63
8 63
11 63
13 63
15 63
21 63
25 63
28 63
29 63
34 63
38 63
44 63
52 63
54 63
55 63
57 63
60 63
62 63
63 63
65 63
69 63
71 63
77 63
80 63
83 63
87 63
88 63
89 63
92 63
8 64
10 64
11 64
17 64
21 64
25 64
26 64
28 64
29 64
34 64
36 64
44 64
55 64
56 64
60 64
61 64
66 64
67 64
70 64
72 64
80 64
81 64
83 64
84 64
89 64
91 64
98 64
1 65
3 65
9 65
13 65
15 65
21 65
32 65
38 65
40 65
42 65
44 65
51 65
54 65
59 65
67 65
76 65
84 65
85 65
86 65
87 65
89 65
96 65
98 65
99 65
100 65
2 66
4 66
6 66
11 66
17 66
18 66
19 66
23 66
27 66
34 66
40 66
47 66
54 66
55 66
56 66
57 66
58 66
60 66
66 66
69 66
70 66
71 66
77 66
82 66
83 66
91 66
94 66
95 66
100 66
7 67
10 67
19 67
25 67
30 67
31 67
36 67
39 67
41 67
42 67
48 67
53 67
57 67
59 67
63 67
64 67
68 67
69 67
74 67
80 67
89 67
95 67
96 67
1 68
8 68
10 68
13 68
16 68
18 68
19 68
26 68
41 68
44 68
55 68
62 68
63 68
64 68
66 68
71 68
77 68
80 68
83 68
84 68
86 68
93 68
99 68
100 68
11 69
13 69
15 69
17 69
19 69
22 69
25 69
26 69
28 69
33 69
35 69
39 69
42 69
47 69
50 69
57 69
59 69
63 69
65 69
73 69
74 69
76 69
79 69
82 69
91 69
92 69
98 69
99 69
2 70
7 70
10 70
11 70
13 70
14 70
20 70
23 70
29 70
33 70
34 70
36 70
37 70
41 70
46 70
50 70
53 70
59 70
61 70
62 70
63 70
69 70
73 70
74 70
78 70
79 70
84 70
89 70
90 70
92 70
94 70
97 70
98 70
100 70
2 71
4 71
6 71
12 71
21 71
26 71
31 71
33 71
39 71
40 71
42 71
43 71
49 71
50 71
52 71
55 71
58 71
59 71
63 71
66 71
68 71
71 71
75 71
8 72
10 72
19 72
31 72
38 72
46 72
57 72
63 72
64 72
65 72
75 72
80 72
84 72
89 72
98 72
100 72
3 73
12 73
14 73
15 73
20 73
23 73
26 73
28 73
30 73
31 73
33 73
47 73
60 73
65 73
66 73
70 73
73 73
79 73
80 73
84 73
88 73
90 73
100 73
5 74
22 74
30 74
36 74
46 74
47 74
60 74
63 74
66 74
67 74
80 74
84 74
97 74
1 75
5 75
6 75
7 75
9 75
20 75
28 75
32 75
36 75
41 75
42 75
45 75
47 75
52 75
53 75
56 75
57 75
59 75
60 75
63 75
66 75
68 75
74 75
75 75
77 75
83 75
84 75
85 75
89 75
90 75
93 75
99 75
5 76
6 76
9 76
13 76
23 76
26 76
34 76
35 76
41 76
44 76
61 76
62 76
63 76
65 76
76 76
77 76
82 76
85 76
86 76
88 76
92 76
96 76
97 76
2 77
3 77
5 77
6 77
8 77
9 77
17 77
24 77
25 77
30 77
31 77
33 77
38 77
39 77
42 77
45 77
47 77
50 77
53 77
57 77
58 77
60 77
61 77
62 77
65 77
66 77
68 77
71 77
74 77
78 77
83 77
92 77
95 77
4 78
7 78
8 78
15 78
19 78
22 78
26 78
28 78
32 78
36 78
43 78
46 78
54 78
57 78
61 78
62 78
66 78
67 78
78 78
82 78
89 78
91 78
8 79
13 79
16 79
26 79
30 79
35 79
38 79
41 79
43 79
44 79
52 79
54 79
56 79
57 79
59 79
64 79
66 79
71 79
75 79
76 79
95 79
100 79
1 80
2 80
12 80
18 80
21 80
24 80
28 80
29 80
31 80
35 80
38 80
39 80
42 80
50 80
51 80
68 80
76 80
88 80
92 80
96 80
9 81
10 81
13 81
17 81
20 81
30 81
35 81
41 81
42 81
43 81
46 81
47 81
57 81
60 81
62 81
64 81
65 81
66 81
68 81
71 81
72 81
79 81
82 81
91 81
92 81
94 81
1 82
4 82
7 82
8 82
13 82
28 82
38 82
42 82
48 82
49 82
51 82
58 82
68 82
69 82
73 82
75 82
80 82
82 82
85 82
90 82
94 82
95 82
98 82
3 83
4 83
8 83
11 83
14 83
15 83
16 83
18 83
25 83
26 83
31 83
32 83
40 83
57 83
62 83
63 83
64 83
65 83
66 83
71 83
72 83
74 83
82 83
90 83
94 83
96 83
14 84
16 84
20 84
23 84
24 84
33 84
37 84
47 84
48 84
50 84
52 84
62 84
63 84
65 84
67 84
69 84
76 84
81 84
82 84
85 84
90 84
92 84
99 84
100 84
1 85
21 85
22 85
25 85
28 85
32 85
45 85
47 85
54 85
61 85
65 85
67 85
71 85
74 85
75 85
76 85
77 85
89 85
95 85
96 85
10 86
12 86
14 86
21 86
29 86
30 86
33 86
36 86
37 86
40 86
55 86
58 86
60 86
66 86
67 86
78 86
85 86
86 86
87 86
89 86
90 86
97 86
98 86
1 87
5 87
11 87
13 87
20 87
25 87
27 87
29 87
35 87
37 87
43 87
44 87
49 87
58 87
59 87
61 87
69 87
71 87
78 87
85 87
87 87
89 87
95 87
12 88
19 88
26 88
35 88
39 88
40 88
43 88
49 88
51 88
56 88
59 88
66 88
68 88
73 88
74 88
81 88
85 88
89 88
2 89
11 89
12 89
13 89
18 89
25 89
26 89
30 89
32 89
36 89
41 89
42 89
48 89
55 89
57 89
75 89
76 89
78 89
83 89
86 89
4 90
7 90
10 90
18 90
22 90
24 90
27 90
30 90
33 90
37 90
41 90
43 90
45 90
51 90
54 90
59 90
68 90
71 90
74 90
80 90
89 90
98 90
5 91
9 91
12 91
14 91
17 91
20 91
23 91
36 91
41 91
43 91
45 91
46 91
49 91
52 91
54 91
56 91
64 91
65 91
66 91
69 91
71 91
73 91
78 91
81 91
86 91
89 91
94 91
9 92
10 92
12 92
13 92
17 92
25 92
27 92
32 92
33 92
36 92
42 92
43 92
44 92
45 92
46 92
48 92
49 92
52 92
55 92
69 92
78 92
82 92
83 92
87 92
88 92
90 92
93 92
94 92
99 92
3 93
7 93
8 93
16 93
17 93
20 93
27 93
33 93
36 93
38 93
42 93
63 93
67 93
72 93
73 93
74 93
75 93
76 93
77 93
79 93
8 94
10 94
19 94
23 94
27 94
28 94
34 94
37 94
38 94
39 94
42 94
43 94
44 94
53 94
55 94
56 94
57 94
63 94
65 94
68 94
71 94
72 94
73 94
77 94
78 94
80 94
87 94
89 94
91 94
94 94
95 94
97 94
98 94
100 94
2 95
11 95
12 95
14 95
15 95
19 95
22 95
24 95
29 95
39 95
45 95
53 95
54 95
55 95
59 95
61 95
67 95
70 95
75 95
78 95
81 95
84 95
91 95
3 96
14 96
20 96
28 96
30 96
32 96
34 96
37 96
40 96
47 96
48 96
51 96
58 96
59 96
67 96
85 96
87 96
88 96
94 96
96 96
98 96
99 96
4 97
6 97
8 97
10 97
20 97
25 97
26 97
30 97
35 97
37 97
57 97
60 97
61 97
62 97
66 97
67 97
69 97
70 97
74 97
76 97
77 97
78 97
79 97
84 97
96 97
99 97
3 98
6 98
8 98
12 98
14 98
19 98
23 98
35 98
38 98
48 98
56 98
58 98
66 98
70 98
77 98
79 98
83 98
87 98
90 98
95 98
97 98
5 99
7 99
8 99
14 99
18 99
22 99
32 99
33 99
36 99
41 99
52 99
56 99
61 99
62 99
63 99
64 99
69 99
70 99
74 99
77 99
79 99
84 99
86 99
90 99
91 99
93 99
96 99
97 99
4 100
7 100
14 100
16 100
22 100
28 100
36 100
53 100
67 100
75 100
77 100
78 100
85 100
86 100
97 100
99 100
