100
3 1
10 1
17 1
18 1
24 1
29 1
35 1
53 1
62 1
67 1
78 1
91 1
94 1
97 1
98 1
8 2
16 2
21 2
26 2
32 2
37 2
44 2
49 2
50 2
61 2
67 2
69 2
72 2
73 2
81 2
84 2
85 2
91 2
97 2
5 3
13 3
16 3
17 3
25 3
27 3
29 3
32 3
37 3
39 3
42 3
43 3
45 3
46 3
51 3
64 3
86 3
98 3
4 4
9 4
10 4
12 4
22 4
26 4
27 4
28 4
29 4
30 4
34 4
38 4
40 4
44 4
46 4
54 4
58 4
61 4
63 4
67 4
71 4
76 4
81 4
87 4
91 4
2 5
5 5
9 5
14 5
16 5
22 5
23 5
24 5
29 5
30 5
41 5
46 5
51 5
52 5
58 5
63 5
68 5
80 5
96 5
97 5
98 5
12 6
16 6
19 6
25 6
30 6
31 6
33 6
35 6
38 6
40 6
42 6
52 6
53 6
54 6
58 6
65 6
85 6
86 6
89 6
96 6
99 6
100 6
6 7
9 7
12 7
13 7
16 7
18 7
23 7
29 7
31 7
37 7
40 7
54 7
58 7
60 7
64 7
69 7
70 7
77 7
81 7
86 7
87 7
89 7
91 7
95 7
97 7
100 7
5 8
10 8
13 8
16 8
21 8
23 8
33 8
34 8
41 8
44 8
48 8
56 8
57 8
60 8
72 8
77 8
79 8
80 8
88 8
89 8
92 8
94 8
100 8
2 9
4 9
11 9
19 9
20 9
22 9
23 9
24 9
26 9
28 9
29 9
31 9
39 9
48 9
56 9
58 9
63 9
65 9
67 9
69 9
77 9
83 9
89 9
91 9
92 9
99 9
100 9
2 10
6 10
8 10
13 10
16 10
21 10
23 10
28 10
29 10
31 10
33 10
34 10
35 10
36 10
37 10
41 10
57 10
58 10
59 10
71 10
75 10
80 10
83 10
84 10
88 10
93 10
96 10
2 11
4 11
6 11
25 11
26 11
28 11
33 11
34 11
37 11
43 11
49 11
51 11
53 11
56 11
57 11
60 11
62 11
64 11
65 11
73 11
77 11
82 11
87 11
88 11
94 11
98 11
13 12
14 12
16 12
17 12
34 12
35 12
37 12
38 12
40 12
41 12
56 12
59 12
61 12
64 12
68 12
71 12
73 12
76 12
95 12
97 12
98 12
100 12
5 13
17 13
22 13
28 13
39 13
40 13
41 13
43 13
44 13
48 13
50 13
53 13
55 13
56 13
65 13
69 13
76 13
79 13
80 13
84 13
89 13
92 13
96 13
98 13
2 14
5 14
8 14
17 14
19 14
20 14
21 14
26 14
33 14
35 14
42 14
48 14
53 14
56 14
57 14
63 14
65 14
66 14
68 14
70 14
74 14
79 14
84 14
85 14
92 14
4 15
5 15
6 15
16 15
19 15
22 15
24 15
29 15
34 15
35 15
40 15
48 15
49 15
52 15
67 15
68 15
69 15
70 15
79 15
81 15
86 15
88 15
1 16
6 16
8 16
10 16
13 16
20 16
22 16
27 16
30 16
33 16
43 16
48 16
51 16
61 16
62 16
65 16
66 16
71 16
73 16
76 16
78 16
99 16
2 17
3 17
5 17
8 17
11 17
15 17
19 17
25 17
26 17
27 17
28 17
36 17
39 17
46 17
49 17
51 17
57 17
62 17
63 17
70 17
75 17
78 17
85 17
86 17
90 17
92 17
96 17
97 17
98 17
100 17
2 18
3 18
6 18
8 18
9 18
17 18
22 18
25 18
35 18
43 18
52 18
56 18
57 18
58 18
66 18
67 18
71 18
72 18
73 18
80 18
91 18
96 18
100 18
3 19
8 19
13 19
19 19
21 19
30 19
36 19
43 19
49 19
50 19
55 19
60 19
69 19
73 19
76 19
77 19
85 19
90 19
96 19
100 19
2 20
5 20
9 20
11 20
13 20
19 20
23 20
24 20
25 20
34 20
38 20
40 20
59 20
61 20
62 20
64 20
66 20
68 20
74 20
75 20
83 20
85 20
87 20
88 20
89 20
95 20
97 20
5 21
14 21
16 21
17 21
30 21
38 21
39 21
44 21
51 21
53 21
57 21
59 21
61 21
75 21
78 21
82 21
89 21
90 21
98 21
3 22
13 22
15 22
20 22
22 22
23 22
28 22
33 22
41 22
43 22
45 22
47 22
48 22
51 22
56 22
66 22
67 22
68 22
74 22
79 22
85 22
93 22
1 23
2 23
4 23
5 23
6 23
7 23
11 23
13 23
16 23
20 23
24 23
28 23
31 23
46 23
49 23
54 23
59 23
63 23
64 23
66 23
67 23
68 23
70 23
75 23
77 23
87 23
88 23
89 23
91 23
92 23
3 24
5 24
8 24
13 24
19 24
27 24
34 24
35 24
39 24
40 24
44 24
49 24
64 24
67 24
74 24
75 24
76 24
78 24
84 24
87 24
88 24
90 24
93 24
2 25
4 25
5 25
7 25
13 25
15 25
16 25
26 25
28 25
34 25
35 25
38 25
47 25
50 25
51 25
54 25
56 25
62 25
72 25
74 25
77 25
79 25
85 25
88 25
89 25
93 25
100 25
4 26
7 26
14 26
16 26
20 26
22 26
23 26
24 26
29 26
34 26
41 26
45 26
56 26
62 26
63 26
69 26
75 26
82 26
86 26
89 26
95 26
5 27
7 27
10 27
14 27
16 27
24 27
27 27
30 27
33 27
34 27
47 27
56 27
59 27
60 27
61 27
62 27
65 27
68 27
69 27
71 27
84 27
90 27
91 27
92 27
96 27
100 27
8 28
17 28
22 28
27 28
28 28
32 28
37 28
39 28
44 28
46 28
53 28
54 28
56 28
58 28
74 28
75 28
82 28
85 28
90 28
91 28
99 28
6 29
7 29
9 29
12 29
17 29
21 29
23 29
33 29
38 29
46 29
56 29
60 29
64 29
67 29
71 29
78 29
87 29
90 29
92 29
93 29
95 29
97 29
7 30
11 30
14 30
21 30
22 30
37 30
38 30
41 30
42 30
43 30
55 30
59 30
63 30
66 30
70 30
73 30
74 30
76 30
83 30
84 30
88 30
1 31
5 31
11 31
15 31
17 31
18 31
22 31
24 31
30 31
34 31
40 31
42 31
43 31
48 31
52 31
53 31
54 31
58 31
66 31
69 31
70 31
74 31
76 31
92 31
94 31
2 32
8 32
10 32
14 32
19 32
27 32
28 32
37 32
40 32
49 32
53 32
57 32
65 32
71 32
77 32
79 32
84 32
88 32
2 33
4 33
12 33
13 33
15 33
16 33
22 33
25 33
26 33
30 33
32 33
34 33
38 33
45 33
56 33
62 33
65 33
68 33
69 33
75 33
79 33
81 33
86 33
88 33
8 34
9 34
14 34
21 34
22 34
24 34
27 34
29 34
38 34
39 34
41 34
46 34
65 34
66 34
68 34
69 34
72 34
74 34
77 34
79 34
82 34
84 34
85 34
100 34
2 35
3 35
7 35
11 35
13 35
17 35
18 35
24 35
33 35
35 35
41 35
42 35
43 35
45 35
48 35
52 35
53 35
54 35
58 35
60 35
69 35
72 35
73 35
76 35
78 35
80 35
83 35
84 35
85 35
87 35
89 35
92 35
97 35
1 36
2 36
6 36
9 36
17 36
24 36
27 36
36 36
42 36
45 36
46 36
48 36
49 36
50 36
51 36
57 36
67 36
69 36
72 36
73 36
74 36
91 36
93 36
6 37
9 37
15 37
19 37
27 37
29 37
31 37
40 37
42 37
43 37
46 37
47 37
49 37
55 37
66 37
69 37
70 37
71 37
77 37
88 37
97 37
6 38
13 38
24 38
27 38
30 38
32 38
39 38
43 38
44 38
46 38
47 38
48 38
51 38
55 38
57 38
59 38
62 38
70 38
74 38
83 38
84 38
86 38
92 38
3 39
4 39
5 39
8 39
9 39
11 39
23 39
25 39
26 39
28 39
29 39
35 39
39 39
40 39
41 39
45 39
48 39
53 39
56 39
58 39
64 39
67 39
72 39
73 39
75 39
77 39
78 39
79 39
81 39
84 39
86 39
5 40
24 40
25 40
26 40
27 40
29 40
36 40
38 40
48 40
50 40
54 40
55 40
57 40
61 40
64 40
65 40
66 40
74 40
84 40
85 40
90 40
91 40
3 41
13 41
19 41
20 41
24 41
26 41
31 41
33 41
38 41
43 41
44 41
45 41
56 41
58 41
63 41
65 41
77 41
80 41
84 41
85 41
93 41
98 41
100 41
5 42
7 42
20 42
27 42
28 42
31 42
36 42
41 42
46 42
48 42
58 42
59 42
64 42
79 42
85 42
87 42
91 42
94 42
2 43
7 43
10 43
11 43
14 43
15 43
16 43
23 43
24 43
29 43
34 43
38 43
41 43
44 43
47 43
48 43
49 43
58 43
65 43
71 43
77 43
79 43
82 43
85 43
89 43
91 43
95 43
98 43
1 44
7 44
8 44
10 44
16 44
17 44
22 44
23 44
26 44
27 44
28 44
36 44
42 44
52 44
55 44
56 44
57 44
67 44
70 44
72 44
73 44
78 44
80 44
87 44
89 44
94 44
97 44
5 45
7 45
8 45
20 45
21 45
25 45
37 45
38 45
40 45
50 45
51 45
61 45
64 45
65 45
77 45
78 45
80 45
81 45
89 45
93 45
96 45
100 45
2 46
4 46
5 46
7 46
10 46
12 46
13 46
20 46
24 46
25 46
30 46
39 46
45 46
49 46
53 46
60 46
61 46
69 46
72 46
78 46
84 46
88 46
95 46
100 46
1 47
10 47
15 47
16 47
17 47
20 47
29 47
31 47
37 47
44 47
45 47
47 47
51 47
53 47
57 47
58 47
61 47
63 47
68 47
69 47
72 47
75 47
80 47
83 47
86 47
4 48
12 48
16 48
18 48
23 48
32 48
35 48
36 48
45 48
48 48
54 48
61 48
66 48
84 48
88 48
92 48
93 48
100 48
2 49
6 49
7 49
15 49
21 49
27 49
30 49
33 49
34 49
35 49
44 49
46 49
47 49
53 49
56 49
60 49
62 49
79 49
80 49
83 49
85 49
90 49
95 49
7 50
13 50
22 50
33 50
38 50
40 50
41 50
43 50
50 50
51 50
52 50
54 50
61 50
68 50
71 50
72 50
74 50
75 50
77 50
81 50
83 50
91 50
94 50
95 50
97 50
98 50
2 51
3 51
8 51
11 51
14 51
16 51
18 51
19 51
20 51
21 51
23 51
25 51
31 51
32 51
56 51
58 51
59 51
60 51
61 51
63 51
64 51
65 51
69 51
70 51
75 51
76 51
88 51
99 51
3 52
8 52
10 52
12 52
13 52
24 52
28 52
34 52
49 52
54 52
57 52
65 52
66 52
72 52
73 52
75 52
77 52
80 52
82 52
83 52
89 52
94 52
95 52
96 52
8 53
11 53
14 53
16 53
20 53
30 53
37 53
39 53
46 53
51 53
54 53
60 53
63 53
64 53
68 53
75 53
81 53
82 53
83 53
84 53
88 53
98 53
100 53
7 54
8 54
9 54
10 54
14 54
29 54
41 54
45 54
46 54
50 54
54 54
56 54
59 54
71 54
72 54
73 54
81 54
88 54
90 54
93 54
94 54
2 55
3 55
12 55
15 55
17 55
21 55
22 55
23 55
41 55
42 55
43 55
47 55
52 55
53 55
56 55
62 55
68 55
71 55
73 55
74 55
80 55
82 55
83 55
92 55
95 55
6 56
15 56
18 56
24 56
33 56
34 56
37 56
45 56
48 56
58 56
67 56
70 56
75 56
76 56
77 56
84 56
85 56
87 56
88 56
90 56
97 56
100 56
3 57
11 57
14 57
15 57
17 57
19 57
20 57
21 57
27 57
33 57
40 57
43 57
48 57
51 57
52 57
60 57
61 57
62 57
64 57
68 57
69 57
71 57
73 57
76 57
78 57
83 57
89 57
91 57
92 57
100 57
1 58
2 58
11 58
12 58
15 58
22 58
30 58
37 58
54 58
57 58
60 58
61 58
62 58
65 58
66 58
69 58
70 58
73 58
79 58
80 58
86 58
93 58
94 58
97 58
98 58
4 59
10 59
15 59
18 59
24 59
26 59
29 59
34 59
36 59
38 59
41 59
44 59
45 59
53 59
64 59
71 59
85 59
87 59
88 59
95 59
97 59
3 60
6 60
7 60
8 60
15 60
17 60
22 60
23 60
24 60
31 60
32 60
38 60
40 60
43 60
46 60
47 60
49 60
54 60
56 60
64 60
65 60
70 60
73 60
82 60
84 60
91 60
6 61
8 61
9 61
10 61
11 61
12 61
13 61
14 61
18 61
28 61
29 61
31 61
33 61
35 61
44 61
46 61
55 61
58 61
66 61
68 61
73 61
74 61
77 61
78 61
82 61
83 61
91 61
93 61
96 61
97 61
100 61
2 62
4 62
7 62
16 62
23 62
31 62
32 62
33 62
39 62
42 62
49 62
50 62
53 62
54 62
64 62
66 62
77 62
79 62
85 62
96 62
98 62
7 63
10 63
12 63
14 63
15 63
16 63
18 63
19 63
21 63
29 63
30 63
32 63
38 63
43 63
46 63
47 63
57 63
59 63
61 63
62 63
68 63
69 63
71 63
74 63
76 63
88 63
93 63
96 63
97 63
99 63
4 64
7 64
20 64
28 64
30 64
32 64
38 64
42 64
45 64
46 64
55 64
61 64
63 64
67 64
68 64
71 64
82 64
84 64
88 64
89 64
91 64
98 64
5 65
8 65
10 65
11 65
16 65
18 65
21 65
23 65
29 65
31 65
36 65
45 65
46 65
52 65
53 65
55 65
58 65
66 65
67 65
68 65
69 65
74 65
80 65
82 65
84 65
90 65
91 65
96 65
1 66
2 66
4 66
8 66
9 66
22 66
27 66
29 66
34 66
45 66
49 66
53 66
56 66
57 66
60 66
61 66
67 66
73 66
82 66
85 66
97 66
3 67
4 67
5 67
12 67
21 67
24 67
25 67
47 67
48 67
51 67
52 67
65 67
69 67
70 67
71 67
74 67
75 67
76 67
78 67
81 67
82 67
83 67
89 67
90 67
93 67
5 68
14 68
15 68
16 68
19 68
20 68
21 68
34 68
39 68
40 68
43 68
45 68
49 68
56 68
58 68
70 68
76 68
77 68
79 68
80 68
82 68
83 68
84 68
94 68
2 69
8 69
11 69
13 69
17 69
18 69
21 69
34 69
39 69
41 69
43 69
45 69
49 69
52 69
54 69
57 69
61 69
62 69
65 69
72 69
74 69
78 69
84 69
99 69
2 70
6 70
9 70
12 70
15 70
24 70
26 70
29 70
30 70
31 70
41 70
43 70
44 70
45 70
50 70
55 70
69 70
70 70
71 70
75 70
78 70
84 70
85 70
87 70
89 70
91 70
93 70
95 70
1 71
5 71
14 71
15 71
16 71
18 71
23 71
24 71
29 71
30 71
32 71
33 71
34 71
35 71
37 71
38 71
42 71
44 71
45 71
52 71
59 71
62 71
63 71
71 71
72 71
73 71
77 71
82 71
85 71
90 71
91 71
92 71
94 71
95 71
98 71
99 71
9 72
10 72
13 72
20 72
30 72
38 72
42 72
51 72
53 72
59 72
61 72
67 72
71 72
72 72
76 72
77 72
79 72
81 72
83 72
88 72
93 72
98 72
2 73
4 73
6 73
7 73
21 73
23 73
27 73
34 73
35 73
37 73
41 73
48 73
51 73
54 73
57 73
64 73
65 73
67 73
68 73
69 73
72 73
75 73
81 73
85 73
87 73
88 73
91 73
96 73
97 73
100 73
4 74
5 74
7 74
10 74
11 74
12 74
17 74
18 74
19 74
27 74
29 74
30 74
38 74
42 74
46 74
47 74
49 74
52 74
55 74
59 74
61 74
62 74
66 74
68 74
72 74
77 74
80 74
81 74
82 74
83 74
84 74
85 74
90 74
92 74
93 74
94 74
97 74
99 74
9 75
12 75
15 75
18 75
20 75
22 75
27 75
37 75
55 75
56 75
66 75
72 75
75 75
78 75
83 75
84 75
90 75
93 75
94 75
97 75
100 75
19 76
22 76
25 76
27 76
29 76
36 76
43 76
45 76
46 76
48 76
52 76
62 76
66 76
67 76
74 76
85 76
90 76
96 76
98 76
100 76
7 77
8 77
13 77
16 77
17 77
21 77
24 77
31 77
38 77
39 77
41 77
42 77
43 77
50 77
55 77
63 77
64 77
71 77
73 77
80 77
87 77
90 77
93 77
94 77
95 77
4 78
11 78
15 78
18 78
24 78
35 78
36 78
41 78
42 78
43 78
45 78
47 78
48 78
50 78
57 78
69 78
72 78
81 78
86 78
88 78
94 78
95 78
98 78
1 79
2 79
4 79
13 79
15 79
18 79
26 79
32 79
37 79
39 79
40 79
41 79
44 79
46 79
53 79
54 79
56 79
59 79
67 79
74 79
81 79
82 79
92 79
96 79
98 79
3 80
4 80
5 80
9 80
10 80
13 80
21 80
30 80
31 80
36 80
39 80
47 80
48 80
53 80
57 80
59 80
62 80
63 80
66 80
73 80
80 80
82 80
87 80
90 80
94 80
99 80
2 81
5 81
8 81
10 81
17 81
18 81
35 81
41 81
43 81
44 81
49 81
52 81
53 81
63 81
76 81
85 81
87 81
94 81
96 81
14 82
17 82
18 82
20 82
23 82
24 82
25 82
26 82
29 82
36 82
41 82
42 82
44 82
45 82
48 82
55 82
57 82
58 82
59 82
60 82
64 82
66 82
67 82
68 82
69 82
72 82
73 82
82 82
87 82
91 82
93 82
95 82
2 83
5 83
9 83
11 83
12 83
15 83
17 83
18 83
19 83
21 83
26 83
27 83
33 83
38 83
40 83
43 83
46 83
47 83
53 83
60 83
65 83
66 83
68 83
69 83
71 83
77 83
80 83
85 83
91 83
98 83
5 84
6 84
7 84
9 84
11 84
13 84
15 84
16 84
17 84
19 84
20 84
21 84
22 84
24 84
30 84
31 84
33 84
35 84
36 84
37 84
46 84
50 84
53 84
58 84
65 84
70 84
74 84
76 84
90 84
92 84
100 84
1 85
2 85
3 85
5 85
17 85
19 85
22 85
23 85
26 85
27 85
28 85
31 85
34 85
35 85
50 85
51 85
64 85
69 85
70 85
79 85
81 85
87 85
89 85
93 85
95 85
96 85
1 86
2 86
4 86
14 86
21 86
29 86
36 86
42 86
45 86
53 86
54 86
57 86
64 86
67 86
71 86
76 86
80 86
81 86
86 86
87 86
90 86
91 86
99 86
5 87
8 87
9 87
12 87
21 87
29 87
30 87
39 87
41 87
49 87
50 87
55 87
59 87
63 87
66 87
67 87
71 87
73 87
75 87
76 87
79 87
82 87
83 87
84 87
88 87
89 87
90 87
95 87
96 87
2 88
3 88
12 88
16 88
29 88
34 88
36 88
48 88
63 88
65 88
67 88
69 88
73 88
75 88
78 88
81 88
84 88
96 88
97 88
7 89
8 89
11 89
17 89
18 89
19 89
33 89
39 89
47 89
49 89
50 89
52 89
54 89
55 89
56 89
57 89
58 89
59 89
61 89
63 89
66 89
69 89
75 89
89 89
94 89
97 89
100 89
6 90
13 90
23 90
25 90
26 90
27 90
29 90
32 90
39 90
47 90
49 90
50 90
59 90
63 90
65 90
67 90
68 90
79 90
86 90
87 90
88 90
90 90
91 90
94 90
95 90
99 90
9 91
14 91
15 91
20 91
21 91
24 91
27 91
31 91
34 91
44 91
46 91
47 91
55 91
62 91
66 91
70 91
81 91
82 91
84 91
90 91
98 91
9 92
15 92
21 92
22 92
26 92
39 92
46 92
65 92
66 92
80 92
98 92
1 93
3 93
5 93
10 93
11 93
12 93
13 93
21 93
25 93
26 93
28 93
32 93
34 93
40 93
41 93
48 93
49 93
52 93
57 93
60 93
61 93
62 93
64 93
69 93
70 93
73 93
75 93
77 93
80 93
87 93
10 94
11 94
13 94
16 94
18 94
22 94
28 94
34 94
40 94
44 94
52 94
58 94
59 94
60 94
63 94
68 94
69 94
72 94
80 94
86 94
87 94
88 94
96 94
1 95
2 95
11 95
13 95
14 95
22 95
26 95
27 95
29 95
32 95
34 95
36 95
38 95
44 95
52 95
54 95
63 95
64 95
65 95
70 95
77 95
78 95
79 95
80 95
83 95
86 95
89 95
94 95
95 95
96 95
99 95
5 96
12 96
14 96
23 96
24 96
27 96
29 96
31 96
32 96
35 96
37 96
47 96
48 96
51 96
52 96
59 96
64 96
72 96
80 96
81 96
82 96
84 96
87 96
93 96
95 96
97 96
98 96
3 97
7 97
16 97
18 97
20 97
24 97
25 97
27 97
28 97
31 97
37 97
43 97
53 97
56 97
59 97
60 97
63 97
69 97
78 97
82 97
98 97
99 97
100 97
13 98
14 98
26 98
29 98
31 98
33 98
47 98
48 98
50 98
51 98
60 98
66 98
75 98
79 98
84 98
86 98
91 98
94 98
100 98
14 99
19 99
20 99
26 99
31 99
34 99
37 99
38 99
40 99
45 99
47 99
57 99
64 99
65 99
67 99
68 99
73 99
77 99
80 99
96 99
98 99
99 99
1 100
9 100
22 100
24 100
25 100
26 100
43 100
44 100
46 100
47 100
51 100
53 100
55 100
60 100
61 100
62 100
64 100
66 100
67 100
72 100
81 100
87 100
93 100
96 100
100 100
