100
1 1
2 1
3 1
6 1
10 1
19 1
20 1
22 1
26 1
30 1
31 1
35 1
49 1
50 1
53 1
68 1
73 1
77 1
79 1
90 1
91 1
94 1
1 2
10 2
12 2
14 2
15 2
20 2
24 2
28 2
30 2
32 2
44 2
55 2
60 2
62 2
67 2
68 2
70 2
74 2
76 2
78 2
81 2
86 2
87 2
89 2
94 2
97 2
100 2
2 3
9 3
11 3
16 3
23 3
30 3
33 3
40 3
46 3
47 3
50 3
53 3
54 3
55 3
58 3
64 3
67 3
68 3
71 3
74 3
78 3
85 3
98 3
100 3
1 4
5 4
10 4
11 4
20 4
35 4
39 4
41 4
43 4
44 4
54 4
59 4
60 4
62 4
63 4
69 4
74 4
75 4
78 4
79 4
95 4
96 4
97 4
2 5
4 5
6 5
10 5
12 5
15 5
21 5
24 5
29 5
37 5
38 5
44 5
50 5
52 5
55 5
59 5
68 5
69 5
72 5
73 5
76 5
82 5
85 5
86 5
93 5
94 5
8 6
11 6
30 6
34 6
35 6
37 6
38 6
39 6
51 6
53 6
54 6
56 6
60 6
66 6
68 6
71 6
73 6
77 6
78 6
82 6
87 6
91 6
94 6
6 7
9 7
22 7
29 7
30 7
33 7
38 7
44 7
46 7
48 7
50 7
53 7
56 7
62 7
66 7
74 7
78 7
82 7
84 7
85 7
87 7
89 7
91 7
95 7
96 7
97 7
2 8
20 8
34 8
35 8
40 8
41 8
48 8
57 8
64 8
66 8
74 8
78 8
80 8
95 8
100 8
1 9
2 9
7 9
10 9
12 9
20 9
24 9
25 9
27 9
39 9
41 9
42 9
49 9
51 9
54 9
57 9
63 9
67 9
70 9
75 9
78 9
80 9
89 9
90 9
92 9
98 9
16 10
19 10
22 10
25 10
28 10
29 10
30 10
35 10
40 10
43 10
46 10
51 10
53 10
58 10
60 10
61 10
62 10
63 10
65 10
70 10
71 10
74 10
80 10
84 10
85 10
92 10
1 11
2 11
3 11
4 11
9 11
11 11
13 11
14 11
17 11
18 11
21 11
23 11
24 11
26 11
27 11
36 11
38 11
43 11
46 11
47 11
55 11
59 11
62 11
63 11
64 11
67 11
75 11
83 11
89 11
91 11
94 11
96 11
99 11
6 12
7 12
12 12
14 12
17 12
18 12
22 12
27 12
31 12
41 12
51 12
52 12
58 12
62 12
65 12
69 12
70 12
76 12
77 12
79 12
88 12
89 12
90 12
94 12
96 12
100 12
2 13
4 13
13 13
14 13
16 13
21 13
26 13
27 13
28 13
29 13
31 13
34 13
37 13
39 13
49 13
55 13
59 13
64 13
66 13
68 13
69 13
73 13
74 13
82 13
84 13
85 13
86 13
89 13
94 13
96 13
5 14
13 14
14 14
20 14
23 14
24 14
26 14
28 14
29 14
30 14
37 14
38 14
39 14
42 14
47 14
50 14
51 14
55 14
56 14
60 14
63 14
65 14
75 14
78 14
84 14
87 14
93 14
95 14
97 14
1 15
5 15
7 15
10 15
11 15
17 15
29 15
35 15
38 15
40 15
41 15
42 15
46 15
50 15
55 15
56 15
58 15
60 15
64 15
71 15
73 15
80 15
83 15
86 15
88 15
91 15
93 15
100 15
5 16
17 16
20 16
21 16
26 16
28 16
30 16
34 16
37 16
43 16
55 16
60 16
61 16
65 16
66 16
70 16
78 16
80 16
81 16
82 16
83 16
86 16
92 16
95 16
5 17
16 17
19 17
24 17
27 17
31 17
32 17
42 17
45 17
60 17
62 17
63 17
78 17
84 17
90 17
92 17
96 17
4 18
9 18
16 18
17 18
19 18
20 18
25 18
31 18
32 18
35 18
37 18
49 18
53 18
55 18
57 18
58 18
62 18
72 18
77 18
82 18
86 18
88 18
89 18
100 18
5 19
7 19
13 19
15 19
16 19
17 19
21 19
25 19
29 19
32 19
36 19
39 19
42 19
44 19
48 19
49 19
59 19
67 19
69 19
74 19
80 19
81 19
82 19
92 19
94 19
95 19
97 19
1 20
5 20
8 20
9 20
11 20
12 20
14 20
22 20
23 20
24 20
28 20
29 20
32 20
33 20
36 20
37 20
41 20
42 20
44 20
53 20
56 20
60 20
62 20
66 20
70 20
71 20
72 20
74 20
76 20
79 20
87 20
88 20
89 20
94 20
95 20
12 21
18 21
24 21
32 21
36 21
41 21
42 21
50 21
55 21
68 21
73 21
74 21
77 21
79 21
81 21
85 21
87 21
96 21
97 21
98 21
99 21
1 22
3 22
6 22
8 22
11 22
15 22
17 22
18 22
27 22
28 22
30 22
38 22
41 22
54 22
56 22
58 22
64 22
66 22
68 22
72 22
73 22
74 22
82 22
85 22
89 22
92 22
99 22
100 22
10 23
11 23
21 23
24 23
25 23
28 23
32 23
36 23
40 23
49 23
53 23
54 23
56 23
58 23
61 23
66 23
67 23
78 23
81 23
82 23
83 23
84 23
88 23
93 23
97 23
2 24
12 24
13 24
19 24
22 24
25 24
27 24
32 24
35 24
37 24
39 24
45 24
47 24
49 24
55 24
60 24
73 24
78 24
85 24
86 24
87 24
88 24
89 24
91 24
92 24
94 24
7 25
10 25
12 25
14 25
17 25
20 25
23 25
27 25
30 25
36 25
37 25
44 25
46 25
49 25
51 25
54 25
56 25
57 25
59 25
61 25
70 25
73 25
85 25
89 25
93 25
97 25
98 25
1 26
4 26
8 26
16 26
21 26
30 26
36 26
37 26
58 26
63 26
66 26
72 26
76 26
77 26
78 26
79 26
85 26
86 26
87 26
90 26
96 26
1 27
3 27
4 27
6 27
8 27
14 27
18 27
19 27
30 27
32 27
37 27
48 27
59 27
64 27
70 27
72 27
83 27
88 27
89 27
95 27
98 27
100 27
1 28
2 28
10 28
13 28
14 28
23 28
26 28
28 28
30 28
34 28
35 28
37 28
43 28
47 28
48 28
51 28
61 28
69 28
71 28
74 28
82 28
91 28
92 28
93 28
94 28
2 29
4 29
13 29
14 29
16 29
17 29
24 29
25 29
31 29
32 29
35 29
36 29
41 29
47 29
49 29
51 29
68 29
70 29
75 29
80 29
82 29
88 29
91 29
4 30
6 30
7 30
16 30
24 30
25 30
35 30
41 30
46 30
47 30
55 30
58 30
59 30
63 30
64 30
65 30
67 30
73 30
83 30
90 30
98 30
7 31
8 31
12 31
16 31
22 31
23 31
24 31
26 31
36 31
40 31
44 31
47 31
49 31
52 31
64 31
67 31
68 31
70 31
74 31
76 31
77 31
80 31
87 31
93 31
95 31
96 31
97 31
98 31
1 32
5 32
19 32
21 32
31 32
36 32
50 32
60 32
63 32
66 32
68 32
70 32
74 32
75 32
80 32
87 32
89 32
90 32
91 32
100 32
1 33
2 33
9 33
12 33
14 33
19 33
28 33
29 33
32 33
34 33
38 33
42 33
47 33
48 33
51 33
57 33
59 33
61 33
64 33
65 33
79 33
87 33
92 33
97 33
100 33
4 34
15 34
21 34
23 34
29 34
43 34
48 34
53 34
56 34
65 34
66 34
70 34
71 34
74 34
76 34
79 34
83 34
86 34
96 34
99 34
5 35
6 35
9 35
26 35
29 35
31 35
32 35
43 35
49 35
51 35
58 35
62 35
82 35
86 35
91 35
95 35
98 35
8 36
10 36
19 36
21 36
22 36
26 36
29 36
30 36
33 36
36 36
40 36
43 36
44 36
48 36
51 36
66 36
73 36
74 36
78 36
83 36
85 36
87 36
88 36
91 36
95 36
97 36
1 37
5 37
11 37
18 37
27 37
35 37
37 37
39 37
40 37
53 37
55 37
62 37
72 37
75 37
82 37
92 37
99 37
100 37
1 38
6 38
8 38
9 38
10 38
13 38
14 38
19 38
21 38
22 38
26 38
28 38
39 38
42 38
45 38
46 38
48 38
54 38
58 38
62 38
71 38
74 38
75 38
76 38
82 38
86 38
90 38
91 38
94 38
95 38
98 38
99 38
2 39
8 39
12 39
20 39
21 39
26 39
39 39
40 39
41 39
46 39
48 39
50 39
53 39
56 39
58 39
61 39
64 39
69 39
76 39
80 39
89 39
93 39
94 39
95 39
99 39
2 40
6 40
8 40
12 40
14 40
18 40
20 40
26 40
32 40
33 40
36 40
42 40
50 40
52 40
61 40
76 40
82 40
83 40
85 40
92 40
3 41
5 41
10 41
12 41
13 41
30 41
33 41
35 41
39 41
42 41
43 41
46 41
58 41
62 41
64 41
70 41
71 41
72 41
73 41
78 41
91 41
93 41
94 41
96 41
98 41
99 41
2 42
3 42
5 42
9 42
10 42
13 42
24 42
25 42
31 42
33 42
36 42
39 42
50 42
56 42
61 42
72 42
75 42
82 42
87 42
90 42
94 42
98 42
99 42
1 43
5 43
12 43
19 43
24 43
25 43
35 43
37 43
44 43
49 43
53 43
54 43
58 43
66 43
68 43
69 43
73 43
77 43
79 43
82 43
84 43
88 43
91 43
94 43
95 43
3 44
7 44
10 44
17 44
23 44
24 44
25 44
29 44
34 44
35 44
36 44
37 44
38 44
46 44
49 44
54 44
57 44
66 44
68 44
69 44
70 44
73 44
74 44
75 44
83 44
96 44
3 45
12 45
21 45
31 45
38 45
39 45
44 45
52 45
55 45
58 45
60 45
61 45
63 45
64 45
68 45
71 45
74 45
75 45
80 45
81 45
83 45
93 45
94 45
97 45
7 46
10 46
14 46
20 46
22 46
26 46
27 46
30 46
42 46
46 46
48 46
62 46
64 46
65 46
66 46
68 46
70 46
77 46
78 46
80 46
82 46
88 46
96 46
99 46
100 46
4 47
5 47
6 47
10 47
11 47
12 47
13 47
16 47
21 47
22 47
23 47
28 47
33 47
38 47
39 47
42 47
46 47
48 47
49 47
50 47
54 47
55 47
65 47
69 47
72 47
89 47
90 47
91 47
92 47
99 47
100 47
1 48
4 48
9 48
18 48
23 48
24 48
32 48
33 48
35 48
36 48
37 48
40 48
42 48
44 48
45 48
47 48
56 48
61 48
62 48
64 48
65 48
66 48
72 48
79 48
1 49
2 49
6 49
19 49
31 49
37 49
38 49
41 49
43 49
44 49
47 49
51 49
55 49
56 49
61 49
63 49
70 49
72 49
75 49
78 49
81 49
82 49
83 49
87 49
3 50
4 50
8 50
19 50
22 50
24 50
33 50
34 50
36 50
37 50
41 50
49 50
59 50
61 50
71 50
82 50
85 50
94 50
99 50
4 51
12 51
13 51
16 51
18 51
32 51
34 51
37 51
45 51
46 51
48 51
59 51
63 51
68 51
69 51
73 51
75 51
78 51
85 51
86 51
87 51
91 51
100 51
8 52
13 52
16 52
19 52
22 52
24 52
25 52
26 52
27 52
31 52
32 52
35 52
40 52
41 52
42 52
44 52
45 52
49 52
52 52
56 52
57 52
58 52
60 52
61 52
62 52
63 52
69 52
70 52
71 52
76 52
77 52
96 52
98 52
100 52
6 53
10 53
17 53
19 53
20 53
22 53
24 53
25 53
28 53
29 53
30 53
40 53
46 53
47 53
49 53
54 53
58 53
60 53
68 53
69 53
73 53
79 53
84 53
85 53
88 53
94 53
95 53
97 53
100 53
2 54
4 54
5 54
6 54
16 54
19 54
24 54
27 54
31 54
39 54
40 54
42 54
43 54
46 54
49 54
52 54
54 54
58 54
59 54
61 54
70 54
71 54
82 54
85 54
87 54
89 54
95 54
98 54
1 55
3 55
5 55
8 55
10 55
22 55
25 55
27 55
35 55
43 55
51 55
52 55
54 55
56 55
63 55
71 55
75 55
77 55
81 55
87 55
88 55
93 55
94 55
97 55
98 55
99 55
100 55
1 56
2 56
4 56
9 56
13 56
17 56
20 56
22 56
24 56
26 56
27 56
28 56
29 56
32 56
35 56
39 56
41 56
42 56
43 56
46 56
48 56
49 56
51 56
57 56
58 56
66 56
73 56
74 56
79 56
89 56
97 56
7 57
8 57
11 57
13 57
19 57
27 57
28 57
38 57
41 57
48 57
50 57
55 57
57 57
58 57
62 57
64 57
81 57
82 57
86 57
88 57
89 57
90 57
92 57
96 57
99 57
1 58
6 58
8 58
13 58
16 58
19 58
23 58
24 58
32 58
35 58
40 58
42 58
43 58
53 58
61 58
68 58
69 58
71 58
74 58
76 58
79 58
80 58
82 58
83 58
90 58
97 58
1 59
9 59
12 59
13 59
14 59
17 59
21 59
22 59
28 59
34 59
35 59
37 59
39 59
55 59
56 59
65 59
70 59
76 59
78 59
84 59
89 59
91 59
92 59
94 59
96 59
5 60
9 60
10 60
12 60
14 60
23 60
36 60
41 60
46 60
47 60
52 60
53 60
56 60
66 60
68 60
69 60
76 60
81 60
85 60
86 60
89 60
94 60
96 60
1 61
2 61
7 61
10 61
15 61
21 61
23 61
26 61
27 61
32 61
35 61
36 61
39 61
41 61
58 61
66 61
70 61
73 61
77 61
83 61
84 61
90 61
93 61
95 61
98 61
99 61
3 62
4 62
14 62
17 62
29 62
35 62
47 62
49 62
54 62
55 62
72 62
75 62
78 62
81 62
86 62
89 62
92 62
93 62
1 63
7 63
15 63
17 63
20 63
30 63
38 63
42 63
47 63
65 63
76 63
79 63
80 63
81 63
82 63
83 63
94 63
95 63
99 63
5 64
10 64
13 64
17 64
18 64
21 64
23 64
28 64
29 64
33 64
35 64
41 64
52 64
55 64
65 64
67 64
70 64
73 64
76 64
79 64
81 64
82 64
86 64
92 64
94 64
95 64
96 64
5 65
7 65
8 65
9 65
12 65
16 65
21 65
24 65
27 65
31 65
32 65
36 65
48 65
51 65
53 65
60 65
64 65
70 65
80 65
87 65
88 65
90 65
97 65
98 65
10 66
18 66
24 66
27 66
34 66
39 66
42 66
45 66
55 66
62 66
63 66
70 66
72 66
76 66
84 66
86 66
87 66
89 66
91 66
2 67
7 67
10 67
11 67
20 67
25 67
29 67
38 67
41 67
43 67
49 67
53 67
56 67
58 67
60 67
61 67
63 67
75 67
79 67
83 67
85 67
86 67
92 67
94 67
2 68
7 68
13 68
15 68
16 68
18 68
32 68
37 68
43 68
44 68
48 68
51 68
54 68
58 68
61 68
62 68
71 68
74 68
77 68
80 68
86 68
88 68
91 68
93 68
97 68
2 69
6 69
9 69
13 69
15 69
22 69
25 69
29 69
30 69
34 69
42 69
43 69
46 69
47 69
49 69
50 69
51 69
53 69
57 69
58 69
66 69
67 69
69 69
70 69
71 69
82 69
87 69
93 69
94 69
1 70
2 70
13 70
15 70
16 70
17 70
19 70
22 70
24 70
27 70
28 70
29 70
52 70
57 70
71 70
76 70
84 70
85 70
89 70
92 70
98 70
2 71
7 71
11 71
13 71
14 71
16 71
17 71
18 71
23 71
24 71
26 71
30 71
36 71
39 71
41 71
47 71
53 71
55 71
57 71
58 71
62 71
63 71
73 71
76 71
79 71
80 71
91 71
94 71
95 71
96 71
100 71
1 72
20 72
22 72
26 72
32 72
41 72
44 72
45 72
53 72
54 72
55 72
60 72
61 72
65 72
66 72
69 72
72 72
74 72
79 72
80 72
87 72
88 72
89 72
95 72
97 72
4 73
6 73
7 73
10 73
12 73
18 73
19 73
21 73
22 73
24 73
27 73
28 73
31 73
33 73
36 73
42 73
45 73
55 73
72 73
77 73
81 73
83 73
86 73
98 73
1 74
4 74
6 74
12 74
14 74
16 74
20 74
23 74
24 74
25 74
28 74
29 74
30 74
32 74
33 74
36 74
43 74
46 74
47 74
55 74
58 74
61 74
63 74
66 74
68 74
86 74
94 74
3 75
5 75
6 75
8 75
11 75
18 75
22 75
25 75
28 75
33 75
41 75
47 75
52 75
54 75
56 75
57 75
58 75
60 75
61 75
63 75
64 75
66 75
69 75
70 75
71 75
74 75
82 75
85 75
89 75
97 75
98 75
100 75
2 76
5 76
9 76
20 76
25 76
33 76
36 76
44 76
45 76
46 76
48 76
50 76
55 76
64 76
66 76
69 76
71 76
74 76
75 76
78 76
81 76
84 76
86 76
100 76
1 77
2 77
6 77
8 77
12 77
17 77
23 77
26 77
28 77
47 77
53 77
55 77
60 77
66 77
67 77
73 77
76 77
77 77
78 77
85 77
87 77
89 77
91 77
94 77
96 77
99 77
1 78
2 78
4 78
10 78
16 78
18 78
19 78
21 78
25 78
26 78
27 78
31 78
36 78
43 78
45 78
54 78
61 78
63 78
68 78
71 78
77 78
80 78
82 78
86 78
92 78
97 78
5 79
21 79
26 79
30 79
31 79
35 79
40 79
45 79
49 79
50 79
51 79
53 79
55 79
59 79
66 79
79 79
81 79
84 79
87 79
90 79
95 79
1 80
7 80
9 80
12 80
20 80
24 80
26 80
29 80
37 80
42 80
46 80
51 80
54 80
55 80
59 80
73 80
74 80
77 80
88 80
100 80
2 81
3 81
13 81
18 81
21 81
24 81
30 81
35 81
43 81
47 81
49 81
52 81
53 81
61 81
63 81
66 81
67 81
71 81
73 81
75 81
79 81
80 81
83 81
88 81
89 81
94 81
95 81
5 82
9 82
21 82
22 82
24 82
26 82
29 82
32 82
34 82
41 82
42 82
47 82
49 82
60 82
64 82
65 82
78 82
85 82
91 82
92 82
94 82
96 82
97 82
100 82
3 83
9 83
16 83
22 83
31 83
33 83
35 83
37 83
40 83
54 83
60 83
65 83
71 83
78 83
79 83
80 83
90 83
91 83
92 83
93 83
94 83
97 83
98 83
4 84
8 84
9 84
13 84
17 84
18 84
19 84
21 84
27 84
39 84
43 84
45 84
48 84
49 84
50 84
55 84
60 84
61 84
66 84
67 84
69 84
70 84
81 84
86 84
88 84
96 84
98 84
99 84
2 85
5 85
8 85
11 85
20 85
25 85
33 85
37 85
40 85
46 85
48 85
51 85
52 85
54 85
60 85
61 85
65 85
66 85
69 85
73 85
77 85
79 85
82 85
83 85
94 85
95 85
96 85
97 85
100 85
3 86
8 86
10 86
11 86
12 86
17 86
18 86
19 86
26 86
27 86
35 86
39 86
47 86
53 86
55 86
62 86
67 86
76 86
80 86
82 86
84 86
89 86
94 86
97 86
2 87
4 87
8 87
12 87
18 87
19 87
24 87
28 87
44 87
48 87
56 87
74 87
79 87
85 87
86 87
90 87
92 87
93 87
99 87
5 88
11 88
15 88
18 88
23 88
26 88
30 88
32 88
38 88
39 88
44 88
46 88
47 88
50 88
60 88
61 88
64 88
66 88
67 88
68 88
72 88
81 88
83 88
84 88
6 89
13 89
14 89
15 89
17 89
21 89
22 89
23 89
26 89
29 89
34 89
36 89
38 89
51 89
56 89
61 89
65 89
67 89
78 89
84 89
87 89
89 89
94 89
95 89
100 89
5 90
6 90
9 90
11 90
13 90
14 90
22 90
24 90
25 90
30 90
34 90
35 90
47 90
48 90
49 90
52 90
54 90
58 90
59 90
62 90
63 90
74 90
79 90
80 90
83 90
88 90
95 90
96 90
97 90
100 90
2 91
11 91
13 91
16 91
17 91
21 91
22 91
27 91
31 91
32 91
42 91
43 91
45 91
46 91
52 91
63 91
66 91
70 91
80 91
81 91
87 91
92 91
94 91
98 91
100 91
3 92
4 92
6 92
8 92
16 92
17 92
20 92
22 92
25 92
26 92
27 92
32 92
36 92
37 92
43 92
45 92
47 92
49 92
51 92
60 92
70 92
72 92
79 92
82 92
84 92
87 92
91 92
94 92
99 92
100 92
5 93
7 93
15 93
17 93
18 93
20 93
29 93
32 93
34 93
43 93
44 93
51 93
52 93
60 93
68 93
69 93
70 93
71 93
75 93
77 93
78 93
80 93
87 93
89 93
93 93
94 93
1 94
14 94
17 94
28 94
34 94
35 94
36 94
38 94
42 94
44 94
45 94
49 94
51 94
56 94
57 94
58 94
78 94
79 94
83 94
84 94
90 94
93 94
95 94
97 94
98 94
99 94
7 95
11 95
15 95
19 95
20 95
21 95
22 95
23 95
27 95
28 95
29 95
32 95
35 95
36 95
37 95
38 95
43 95
45 95
47 95
50 95
51 95
54 95
55 95
64 95
65 95
68 95
70 95
72 95
79 95
81 95
82 95
86 95
88 95
90 95
95 95
96 95
3 96
6 96
8 96
12 96
13 96
16 96
25 96
27 96
32 96
34 96
39 96
40 96
42 96
44 96
45 96
50 96
51 96
55 96
59 96
66 96
73 96
74 96
76 96
78 96
79 96
80 96
81 96
82 96
83 96
87 96
90 96
93 96
98 96
2 97
3 97
8 97
9 97
12 97
16 97
17 97
31 97
33 97
39 97
41 97
43 97
44 97
47 97
48 97
49 97
51 97
53 97
59 97
68 97
70 97
73 97
81 97
83 97
87 97
89 97
91 97
93 97
95 97
96 97
98 97
9 98
10 98
13 98
14 98
15 98
26 98
29 98
35 98
36 98
38 98
41 98
42 98
45 98
47 98
49 98
61 98
62 98
64 98
66 98
70 98
73 98
77 98
78 98
84 98
85 98
87 98
93 98
94 98
98 98
2 99
10 99
11 99
12 99
13 99
14 99
34 99
35 99
42 99
45 99
46 99
47 99
53 99
56 99
60 99
61 99
62 99
68 99
70 99
78 99
80 99
88 99
6 100
7 100
15 100
23 100
34 100
37 100
38 100
46 100
47 100
48 100
53 100
54 100
56 100
63 100
75 100
77 100
83 100
92 100
95 100
100 100
