100
1 1
5 1
8 1
16 1
18 1
27 1
29 1
30 1
31 1
33 1
36 1
40 1
41 1
46 1
49 1
55 1
56 1
70 1
72 1
73 1
74 1
83 1
85 1
89 1
90 1
96 1
97 1
99 1
100 1
1 2
4 2
6 2
8 2
24 2
29 2
33 2
35 2
39 2
42 2
47 2
49 2
51 2
52 2
54 2
55 2
60 2
65 2
68 2
72 2
86 2
88 2
89 2
92 2
95 2
7 3
9 3
16 3
27 3
30 3
41 3
44 3
54 3
56 3
58 3
59 3
62 3
63 3
66 3
67 3
69 3
70 3
73 3
76 3
77 3
81 3
87 3
92 3
98 3
5 4
7 4
16 4
24 4
25 4
28 4
33 4
38 4
39 4
41 4
46 4
49 4
60 4
92 4
10 5
14 5
16 5
23 5
27 5
30 5
35 5
36 5
37 5
38 5
42 5
50 5
56 5
64 5
68 5
70 5
71 5
72 5
76 5
77 5
89 5
90 5
95 5
97 5
2 6
3 6
4 6
7 6
8 6
12 6
14 6
18 6
28 6
31 6
37 6
38 6
42 6
45 6
47 6
50 6
53 6
54 6
56 6
57 6
60 6
61 6
62 6
65 6
67 6
68 6
69 6
71 6
77 6
82 6
84 6
90 6
96 6
1 7
4 7
5 7
8 7
14 7
17 7
18 7
24 7
30 7
32 7
35 7
38 7
40 7
43 7
45 7
48 7
53 7
55 7
67 7
70 7
75 7
77 7
94 7
95 7
2 8
11 8
12 8
14 8
18 8
23 8
24 8
33 8
36 8
37 8
42 8
44 8
46 8
49 8
57 8
64 8
71 8
75 8
81 8
85 8
87 8
92 8
95 8
1 9
4 9
5 9
9 9
10 9
11 9
17 9
23 9
28 9
31 9
34 9
39 9
41 9
43 9
55 9
56 9
60 9
68 9
73 9
74 9
77 9
79 9
87 9
90 9
94 9
96 9
97 9
5 10
11 10
13 10
15 10
17 10
20 10
24 10
32 10
40 10
54 10
56 10
62 10
63 10
74 10
75 10
77 10
78 10
80 10
81 10
83 10
86 10
88 10
93 10
95 10
14 11
15 11
28 11
37 11
38 11
40 11
42 11
43 11
46 11
50 11
51 11
53 11
56 11
57 11
58 11
64 11
68 11
69 11
70 11
73 11
74 11
77 11
79 11
81 11
86 11
92 11
94 11
98 11
4 12
9 12
10 12
15 12
21 12
26 12
33 12
37 12
39 12
42 12
47 12
50 12
56 12
58 12
67 12
68 12
71 12
75 12
83 12
100 12
4 13
7 13
23 13
32 13
33 13
35 13
36 13
38 13
43 13
47 13
51 13
54 13
55 13
58 13
59 13
61 13
64 13
65 13
68 13
70 13
72 13
75 13
77 13
79 13
80 13
82 13
84 13
99 13
100 13
7 14
10 14
13 14
14 14
16 14
25 14
26 14
30 14
33 14
35 14
36 14
39 14
47 14
52 14
54 14
55 14
60 14
61 14
67 14
70 14
74 14
75 14
76 14
78 14
87 14
88 14
90 14
94 14
95 14
1 15
11 15
19 15
29 15
31 15
35 15
45 15
47 15
64 15
70 15
72 15
74 15
76 15
81 15
86 15
87 15
89 15
91 15
93 15
95 15
96 15
99 15
5 16
7 16
8 16
11 16
23 16
24 16
39 16
40 16
48 16
53 16
54 16
69 16
77 16
82 16
85 16
100 16
1 17
4 17
7 17
19 17
21 17
23 17
24 17
35 17
37 17
47 17
50 17
54 17
56 17
68 17
72 17
75 17
80 17
85 17
88 17
93 17
8 18
9 18
10 18
12 18
21 18
24 18
37 18
39 18
44 18
47 18
48 18
52 18
58 18
63 18
65 18
66 18
73 18
76 18
89 18
94 18
1 19
4 19
6 19
7 19
9 19
10 19
15 19
28 19
37 19
38 19
41 19
47 19
49 19
51 19
53 19
56 19
59 19
66 19
71 19
74 19
83 19
91 19
100 19
2 20
15 20
17 20
22 20
23 20
26 20
29 20
32 20
34 20
46 20
54 20
55 20
63 20
66 20
67 20
68 20
69 20
71 20
74 20
78 20
79 20
80 20
92 20
96 20
1 21
4 21
5 21
7 21
9 21
10 21
17 21
20 21
28 21
30 21
35 21
46 21
53 21
54 21
58 21
61 21
63 21
70 21
88 21
91 21
99 21
1 22
5 22
6 22
9 22
10 22
15 22
16 22
20 22
28 22
29 22
37 22
41 22
42 22
43 22
46 22
52 22
57 22
60 22
61 22
62 22
63 22
69 22
73 22
76 22
77 22
84 22
86 22
91 22
97 22
5 23
6 23
11 23
12 23
13 23
14 23
21 23
25 23
27 23
40 23
43 23
58 23
65 23
66 23
75 23
83 23
92 23
94 23
98 23
99 23
11 24
16 24
25 24
26 24
31 24
36 24
37 24
38 24
39 24
40 24
41 24
44 24
47 24
48 24
53 24
54 24
57 24
73 24
74 24
75 24
76 24
78 24
81 24
93 24
96 24
97 24
4 25
6 25
9 25
12 25
13 25
15 25
18 25
21 25
23 25
28 25
30 25
33 25
36 25
41 25
42 25
50 25
52 25
54 25
55 25
58 25
60 25
63 25
65 25
67 25
71 25
72 25
76 25
79 25
84 25
93 25
100 25
2 26
5 26
6 26
14 26
21 26
24 26
25 26
26 26
30 26
31 26
32 26
34 26
38 26
41 26
43 26
48 26
52 26
58 26
65 26
80 26
89 26
90 26
98 26
1 27
3 27
10 27
15 27
21 27
22 27
29 27
37 27
41 27
44 27
47 27
54 27
63 27
71 27
82 27
86 27
89 27
95 27
98 27
99 27
2 28
7 28
8 28
9 28
12 28
13 28
14 28
21 28
22 28
30 28
33 28
38 28
42 28
46 28
60 28
64 28
70 28
73 28
80 28
84 28
85 28
86 28
90 28
91 28
97 28
3 29
4 29
14 29
20 29
26 29
28 29
29 29
30 29
34 29
36 29
42 29
43 29
49 29
50 29
56 29
58 29
71 29
79 29
87 29
95 29
98 29
1 30
7 30
19 30
21 30
26 30
28 30
29 30
34 30
37 30
40 30
44 30
50 30
52 30
54 30
57 30
61 30
74 30
78 30
87 30
92 30
1 31
5 31
6 31
9 31
10 31
12 31
17 31
20 31
21 31
29 31
34 31
37 31
40 31
43 31
51 31
54 31
59 31
68 31
71 31
73 31
80 31
83 31
93 31
100 31
1 32
3 32
10 32
12 32
13 32
14 32
19 32
29 32
31 32
39 32
48 32
52 32
57 32
60 32
66 32
73 32
85 32
86 32
88 32
93 32
97 32
5 33
11 33
18 33
22 33
24 33
30 33
34 33
35 33
36 33
42 33
44 33
46 33
48 33
54 33
55 33
58 33
61 33
62 33
69 33
73 33
74 33
75 33
78 33
79 33
89 33
90 33
91 33
1 34
5 34
7 34
9 34
13 34
15 34
20 34
21 34
22 34
33 34
39 34
41 34
43 34
48 34
49 34
53 34
55 34
59 34
60 34
62 34
65 34
67 34
69 34
71 34
79 34
86 34
94 34
99 34
1 35
2 35
3 35
4 35
8 35
13 35
14 35
16 35
17 35
25 35
40 35
49 35
50 35
57 35
58 35
64 35
77 35
78 35
87 35
90 35
93 35
99 35
1 36
5 36
9 36
12 36
16 36
18 36
19 36
22 36
28 36
31 36
34 36
38 36
39 36
44 36
47 36
49 36
53 36
59 36
62 36
67 36
68 36
70 36
71 36
77 36
88 36
90 36
95 36
5 37
7 37
18 37
19 37
34 37
40 37
46 37
47 37
53 37
59 37
60 37
70 37
80 37
86 37
91 37
92 37
99 37
1 38
6 38
11 38
12 38
13 38
17 38
23 38
29 38
35 38
36 38
38 38
41 38
46 38
50 38
51 38
53 38
54 38
56 38
58 38
60 38
61 38
63 38
70 38
77 38
79 38
81 38
86 38
95 38
98 38
2 39
13 39
16 39
17 39
18 39
20 39
36 39
39 39
42 39
45 39
48 39
50 39
52 39
54 39
65 39
69 39
72 39
75 39
76 39
79 39
80 39
81 39
82 39
92 39
93 39
94 39
97 39
1 40
10 40
12 40
13 40
14 40
17 40
20 40
27 40
30 40
31 40
32 40
33 40
46 40
49 40
52 40
60 40
63 40
72 40
77 40
81 40
82 40
84 40
85 40
87 40
90 40
91 40
93 40
100 40
2 41
5 41
6 41
11 41
14 41
24 41
25 41
26 41
34 41
35 41
38 41
39 41
47 41
56 41
63 41
73 41
76 41
79 41
81 41
82 41
87 41
89 41
91 41
93 41
94 41
97 41
98 41
6 42
7 42
8 42
9 42
14 42
16 42
18 42
19 42
24 42
27 42
31 42
37 42
49 42
53 42
55 42
56 42
57 42
59 42
60 42
61 42
62 42
63 42
65 42
68 42
74 42
90 42
2 43
7 43
19 43
27 43
34 43
39 43
40 43
43 43
51 43
54 43
62 43
66 43
69 43
76 43
77 43
78 43
80 43
90 43
95 43
2 44
3 44
5 44
6 44
21 44
26 44
31 44
32 44
38 44
39 44
42 44
45 44
46 44
50 44
52 44
61 44
62 44
67 44
75 44
79 44
80 44
98 44
100 44
8 45
10 45
13 45
19 45
21 45
22 45
23 45
29 45
34 45
36 45
38 45
40 45
46 45
47 45
49 45
52 45
54 45
57 45
63 45
68 45
78 45
80 45
83 45
85 45
89 45
92 45
96 45
6 46
10 46
11 46
29 46
31 46
32 46
42 46
46 46
58 46
59 46
73 46
88 46
91 46
94 46
9 47
10 47
11 47
13 47
18 47
20 47
22 47
30 47
32 47
34 47
46 47
48 47
67 47
69 47
72 47
74 47
75 47
77 47
79 47
82 47
86 47
91 47
93 47
3 48
4 48
8 48
9 48
10 48
15 48
20 48
22 48
33 48
35 48
46 48
48 48
52 48
59 48
64 48
65 48
68 48
73 48
76 48
96 48
4 49
5 49
16 49
19 49
24 49
27 49
33 49
38 49
41 49
46 49
49 49
56 49
60 49
62 49
63 49
65 49
68 49
69 49
74 49
75 49
78 49
82 49
84 49
90 49
95 49
97 49
98 49
2 50
3 50
4 50
7 50
8 50
9 50
10 50
12 50
14 50
16 50
18 50
23 50
25 50
26 50
32 50
37 50
41 50
47 50
49 50
57 50
62 50
66 50
67 50
77 50
78 50
80 50
81 50
85 50
91 50
1 51
4 51
5 51
9 51
11 51
12 51
16 51
22 51
29 51
30 51
32 51
44 51
49 51
58 51
62 51
65 51
72 51
73 51
76 51
83 51
85 51
87 51
97 51
99 51
100 51
1 52
8 52
10 52
17 52
18 52
25 52
27 52
31 52
32 52
33 52
34 52
39 52
43 52
53 52
55 52
58 52
60 52
63 52
64 52
67 52
68 52
74 52
75 52
79 52
80 52
87 52
90 52
91 52
93 52
97 52
98 52
99 52
1 53
7 53
8 53
9 53
12 53
20 53
21 53
24 53
26 53
29 53
33 53
34 53
35 53
43 53
46 53
51 53
53 53
58 53
61 53
64 53
65 53
70 53
72 53
73 53
75 53
77 53
80 53
81 53
92 53
100 53
4 54
8 54
10 54
15 54
16 54
20 54
21 54
22 54
26 54
35 54
37 54
49 54
52 54
53 54
56 54
62 54
73 54
74 54
81 54
82 54
84 54
85 54
88 54
100 54
1 55
3 55
8 55
10 55
12 55
20 55
23 55
26 55
32 55
33 55
42 55
51 55
53 55
54 55
57 55
59 55
60 55
61 55
63 55
77 55
81 55
83 55
85 55
92 55
93 55
95 55
5 56
7 56
10 56
16 56
21 56
26 56
28 56
38 56
45 56
47 56
58 56
59 56
60 56
61 56
63 56
66 56
69 56
70 56
75 56
77 56
81 56
83 56
91 56
96 56
99 56
1 57
9 57
12 57
16 57
17 57
31 57
38 57
42 57
47 57
53 57
54 57
55 57
62 57
63 57
67 57
68 57
72 57
78 57
84 57
85 57
88 57
96 57
97 57
99 57
100 57
4 58
7 58
9 58
16 58
17 58
25 58
32 58
34 58
36 58
37 58
40 58
41 58
42 58
44 58
45 58
47 58
48 58
52 58
55 58
57 58
58 58
60 58
61 58
65 58
66 58
70 58
73 58
74 58
76 58
78 58
81 58
92 58
8 59
9 59
14 59
16 59
22 59
28 59
29 59
33 59
43 59
45 59
51 59
55 59
61 59
69 59
77 59
80 59
85 59
87 59
92 59
93 59
94 59
99 59
3 60
4 60
10 60
12 60
15 60
17 60
18 60
26 60
27 60
28 60
34 60
45 60
47 60
48 60
54 60
58 60
62 60
63 60
69 60
75 60
79 60
83 60
85 60
86 60
88 60
91 60
96 60
2 61
17 61
27 61
30 61
35 61
36 61
42 61
43 61
45 61
46 61
52 61
53 61
56 61
67 61
74 61
81 61
86 61
95 61
98 61
99 61
1 62
9 62
10 62
24 62
26 62
29 62
31 62
36 62
41 62
42 62
44 62
45 62
48 62
49 62
58 62
60 62
61 62
65 62
66 62
71 62
79 62
81 62
95 62
99 62
11 63
18 63
19 63
26 63
27 63
28 63
31 63
34 63
38 63
45 63
46 63
50 63
51 63
54 63
55 63
59 63
64 63
69 63
70 63
78 63
80 63
85 63
89 63
91 63
94 63
97 63
98 63
3 64
6 64
12 64
14 64
17 64
24 64
25 64
30 64
32 64
35 64
36 64
39 64
46 64
56 64
59 64
60 64
66 64
74 64
84 64
96 64
99 64
2 65
4 65
6 65
13 65
16 65
19 65
25 65
29 65
30 65
31 65
32 65
35 65
39 65
40 65
42 65
58 65
59 65
61 65
63 65
67 65
69 65
72 65
73 65
75 65
77 65
78 65
80 65
81 65
93 65
94 65
96 65
97 65
98 65
100 65
1 66
2 66
4 66
6 66
7 66
8 66
12 66
14 66
21 66
29 66
43 66
48 66
50 66
56 66
57 66
58 66
59 66
64 66
65 66
67 66
68 66
76 66
84 66
85 66
86 66
90 66
91 66
92 66
93 66
94 66
99 66
4 67
7 67
10 67
13 67
14 67
17 67
31 67
49 67
51 67
52 67
55 67
56 67
58 67
61 67
65 67
75 67
82 67
83 67
84 67
88 67
90 67
96 67
100 67
1 68
7 68
8 68
9 68
24 68
35 68
38 68
40 68
41 68
43 68
44 68
48 68
75 68
79 68
81 68
84 68
88 68
92 68
93 68
95 68
1 69
10 69
11 69
27 69
29 69
36 69
41 69
52 69
53 69
55 69
67 69
68 69
75 69
77 69
80 69
82 69
87 69
91 69
2 70
3 70
5 70
9 70
11 70
14 70
20 70
21 70
28 70
30 70
38 70
42 70
43 70
49 70
56 70
59 70
62 70
68 70
70 70
73 70
78 70
83 70
90 70
92 70
95 70
100 70
2 71
5 71
6 71
7 71
9 71
10 71
21 71
24 71
25 71
29 71
33 71
38 71
45 71
48 71
52 71
53 71
55 71
62 71
65 71
66 71
71 71
80 71
90 71
94 71
97 71
98 71
5 72
6 72
7 72
10 72
12 72
15 72
17 72
20 72
22 72
23 72
33 72
35 72
37 72
38 72
39 72
50 72
52 72
57 72
60 72
68 72
70 72
76 72
89 72
96 72
97 72
1 73
5 73
6 73
8 73
12 73
14 73
15 73
16 73
20 73
23 73
24 73
26 73
31 73
36 73
38 73
39 73
53 73
58 73
59 73
60 73
62 73
71 73
72 73
73 73
74 73
81 73
86 73
1 74
8 74
9 74
10 74
12 74
16 74
20 74
24 74
28 74
29 74
31 74
32 74
38 74
40 74
44 74
54 74
55 74
67 74
76 74
78 74
79 74
82 74
83 74
87 74
92 74
93 74
96 74
98 74
2 75
8 75
9 75
17 75
19 75
26 75
29 75
41 75
45 75
50 75
55 75
59 75
63 75
66 75
72 75
75 75
76 75
81 75
83 75
84 75
86 75
87 75
91 75
92 75
93 75
96 75
98 75
99 75
11 76
15 76
17 76
18 76
25 76
35 76
38 76
39 76
42 76
43 76
48 76
51 76
54 76
63 76
66 76
67 76
72 76
73 76
76 76
81 76
82 76
84 76
86 76
90 76
91 76
92 76
93 76
100 76
2 77
12 77
16 77
19 77
22 77
25 77
29 77
31 77
32 77
35 77
37 77
38 77
42 77
44 77
45 77
46 77
50 77
53 77
54 77
58 77
74 77
75 77
77 77
88 77
94 77
5 78
8 78
9 78
12 78
22 78
23 78
25 78
27 78
31 78
36 78
39 78
41 78
44 78
54 78
58 78
64 78
68 78
72 78
75 78
78 78
81 78
82 78
83 78
89 78
93 78
17 79
20 79
21 79
22 79
27 79
29 79
30 79
31 79
47 79
49 79
54 79
55 79
56 79
57 79
60 79
62 79
63 79
64 79
65 79
66 79
69 79
70 79
75 79
77 79
78 79
79 79
83 79
92 79
93 79
96 79
97 79
4 80
5 80
8 80
11 80
12 80
14 80
18 80
19 80
22 80
23 80
32 80
34 80
38 80
39 80
41 80
48 80
54 80
55 80
60 80
65 80
68 80
78 80
80 80
82 80
85 80
94 80
95 80
100 80
5 81
8 81
14 81
15 81
17 81
18 81
25 81
29 81
35 81
41 81
43 81
46 81
54 81
66 81
69 81
71 81
75 81
82 81
86 81
87 81
88 81
95 81
98 81
7 82
8 82
10 82
13 82
17 82
19 82
20 82
28 82
32 82
35 82
37 82
39 82
44 82
49 82
59 82
60 82
61 82
62 82
73 82
81 82
82 82
85 82
93 82
94 82
97 82
5 83
7 83
9 83
10 83
12 83
13 83
15 83
23 83
24 83
25 83
30 83
32 83
34 83
38 83
39 83
40 83
41 83
47 83
51 83
54 83
56 83
57 83
68 83
73 83
83 83
85 83
88 83
98 83
2 84
11 84
14 84
19 84
20 84
32 84
39 84
44 84
46 84
47 84
49 84
50 84
59 84
60 84
62 84
63 84
74 84
79 84
82 84
84 84
87 84
88 84
89 84
92 84
94 84
98 84
100 84
2 85
4 85
8 85
14 85
17 85
20 85
22 85
31 85
50 85
53 85
55 85
57 85
61 85
62 85
63 85
65 85
66 85
70 85
71 85
75 85
77 85
80 85
82 85
88 85
92 85
100 85
3 86
10 86
12 86
28 86
32 86
35 86
37 86
44 86
62 86
63 86
66 86
69 86
72 86
74 86
77 86
78 86
82 86
85 86
89 86
99 86
100 86
10 87
11 87
12 87
13 87
18 87
29 87
34 87
38 87
40 87
42 87
46 87
50 87
53 87
59 87
65 87
67 87
69 87
77 87
88 87
95 87
97 87
99 87
14 88
18 88
20 88
27 88
28 88
32 88
34 88
37 88
39 88
44 88
47 88
48 88
49 88
55 88
62 88
71 88
72 88
74 88
80 88
1 89
3 89
6 89
9 89
10 89
12 89
13 89
22 89
32 89
37 89
40 89
47 89
50 89
57 89
59 89
60 89
62 89
66 89
68 89
69 89
79 89
81 89
84 89
86 89
87 89
91 89
92 89
98 89
4 90
11 90
12 90
13 90
14 90
15 90
20 90
21 90
33 90
36 90
39 90
41 90
45 90
54 90
55 90
64 90
65 90
73 90
74 90
79 90
80 90
99 90
1 91
2 91
3 91
6 91
7 91
9 91
12 91
36 91
39 91
43 91
53 91
56 91
57 91
61 91
69 91
74 91
75 91
77 91
89 91
93 91
98 91
99 91
3 92
10 92
15 92
23 92
30 92
34 92
37 92
40 92
41 92
47 92
48 92
51 92
57 92
61 92
63 92
85 92
89 92
90 92
91 92
94 92
96 92
100 92
1 93
7 93
13 93
15 93
25 93
28 93
33 93
36 93
38 93
41 93
58 93
65 93
72 93
75 93
83 93
96 93
99 93
100 93
8 94
18 94
28 94
31 94
32 94
34 94
37 94
38 94
42 94
44 94
46 94
48 94
50 94
53 94
54 94
60 94
63 94
64 94
65 94
76 94
77 94
85 94
86 94
88 94
91 94
94 94
97 94
99 94
100 94
3 95
5 95
16 95
20 95
22 95
26 95
28 95
36 95
47 95
48 95
51 95
59 95
61 95
64 95
68 95
70 95
77 95
83 95
87 95
89 95
91 95
96 95
97 95
1 96
4 96
7 96
11 96
17 96
29 96
33 96
42 96
44 96
49 96
50 96
56 96
61 96
62 96
74 96
76 96
80 96
86 96
90 96
94 96
95 96
100 96
2 97
13 97
14 97
16 97
18 97
19 97
20 97
25 97
29 97
32 97
33 97
36 97
38 97
40 97
47 97
49 97
51 97
59 97
63 97
78 97
79 97
80 97
81 97
83 97
85 97
94 97
95 97
100 97
4 98
6 98
8 98
15 98
22 98
28 98
36 98
48 98
69 98
70 98
76 98
79 98
80 98
84 98
89 98
91 98
95 98
98 98
99 98
4 99
8 99
22 99
24 99
29 99
42 99
43 99
49 99
56 99
59 99
75 99
76 99
78 99
80 99
83 99
84 99
85 99
87 99
88 99
91 99
95 99
2 100
3 100
4 100
5 100
6 100
10 100
12 100
13 100
15 100
21 100
22 100
27 100
41 100
42 100
46 100
49 100
50 100
51 100
52 100
59 100
61 100
63 100
66 100
72 100
74 100
77 100
84 100
87 100
88 100
92 100
93 100
99 100
100 100
