100
2 1
9 1
12 1
19 1
25 1
28 1
33 1
35 1
48 1
51 1
56 1
59 1
62 1
64 1
70 1
76 1
78 1
85 1
94 1
100 1
3 2
21 2
26 2
27 2
39 2
44 2
45 2
46 2
64 2
65 2
69 2
71 2
74 2
75 2
77 2
78 2
89 2
94 2
96 2
97 2
12 3
13 3
15 3
17 3
28 3
29 3
48 3
52 3
58 3
61 3
62 3
66 3
67 3
72 3
75 3
76 3
77 3
81 3
86 3
90 3
92 3
93 3
97 3
99 3
100 3
2 4
5 4
9 4
11 4
12 4
18 4
25 4
28 4
30 4
34 4
37 4
38 4
41 4
43 4
47 4
48 4
51 4
53 4
61 4
64 4
65 4
67 4
78 4
80 4
81 4
87 4
88 4
90 4
97 4
3 5
5 5
9 5
13 5
16 5
17 5
22 5
26 5
27 5
28 5
29 5
30 5
31 5
32 5
34 5
51 5
58 5
75 5
76 5
78 5
83 5
88 5
91 5
94 5
2 6
5 6
6 6
11 6
17 6
23 6
28 6
29 6
31 6
39 6
42 6
64 6
68 6
77 6
79 6
80 6
82 6
83 6
87 6
89 6
92 6
97 6
99 6
1 7
6 7
7 7
10 7
26 7
29 7
33 7
36 7
37 7
49 7
51 7
59 7
61 7
69 7
71 7
74 7
86 7
88 7
90 7
94 7
2 8
13 8
22 8
31 8
37 8
38 8
39 8
40 8
45 8
50 8
52 8
55 8
59 8
60 8
61 8
65 8
67 8
69 8
71 8
79 8
91 8
2 9
4 9
6 9
11 9
14 9
17 9
19 9
27 9
41 9
43 9
56 9
57 9
61 9
66 9
67 9
69 9
76 9
77 9
78 9
80 9
84 9
86 9
90 9
95 9
98 9
2 10
3 10
6 10
9 10
10 10
11 10
12 10
14 10
17 10
21 10
26 10
29 10
31 10
33 10
43 10
55 10
60 10
64 10
65 10
66 10
67 10
68 10
77 10
90 10
99 10
8 11
15 11
16 11
21 11
32 11
37 11
48 11
65 11
68 11
72 11
74 11
75 11
85 11
88 11
91 11
93 11
5 12
8 12
10 12
13 12
15 12
16 12
24 12
26 12
30 12
40 12
46 12
47 12
49 12
60 12
66 12
75 12
76 12
77 12
80 12
86 12
90 12
94 12
96 12
100 12
6 13
9 13
14 13
20 13
30 13
31 13
33 13
35 13
42 13
63 13
64 13
65 13
68 13
73 13
88 13
97 13
5 14
7 14
11 14
13 14
14 14
19 14
22 14
26 14
29 14
36 14
37 14
39 14
40 14
41 14
43 14
45 14
51 14
52 14
53 14
56 14
59 14
62 14
63 14
67 14
68 14
74 14
75 14
76 14
86 14
92 14
4 15
8 15
9 15
22 15
30 15
40 15
41 15
42 15
43 15
45 15
49 15
51 15
54 15
64 15
65 15
66 15
71 15
75 15
84 15
89 15
93 15
94 15
3 16
4 16
5 16
10 16
14 16
16 16
18 16
21 16
29 16
30 16
32 16
36 16
37 16
44 16
45 16
46 16
48 16
59 16
61 16
64 16
65 16
66 16
81 16
87 16
88 16
89 16
94 16
96 16
97 16
100 16
11 17
17 17
19 17
20 17
23 17
24 17
25 17
26 17
27 17
29 17
30 17
33 17
39 17
40 17
41 17
45 17
49 17
50 17
57 17
59 17
71 17
79 17
82 17
83 17
85 17
91 17
97 17
98 17
99 17
4 18
7 18
9 18
11 18
16 18
17 18
20 18
23 18
25 18
30 18
31 18
40 18
43 18
46 18
50 18
65 18
67 18
68 18
84 18
85 18
93 18
98 18
5 19
9 19
15 19
24 19
25 19
26 19
27 19
28 19
35 19
42 19
45 19
48 19
59 19
67 19
80 19
85 19
87 19
90 19
93 19
98 19
100 19
1 20
2 20
5 20
9 20
14 20
18 20
21 20
22 20
30 20
32 20
38 20
45 20
46 20
56 20
63 20
79 20
86 20
91 20
94 20
95 20
98 20
99 20
100 20
2 21
3 21
5 21
7 21
8 21
14 21
19 21
22 21
26 21
31 21
34 21
37 21
38 21
42 21
43 21
47 21
49 21
54 21
55 21
61 21
62 21
64 21
65 21
67 21
71 21
72 21
74 21
75 21
78 21
90 21
92 21
100 21
13 22
14 22
21 22
24 22
27 22
31 22
32 22
34 22
37 22
44 22
45 22
46 22
51 22
53 22
58 22
61 22
67 22
70 22
71 22
73 22
76 22
79 22
83 22
86 22
96 22
2 23
4 23
5 23
13 23
19 23
27 23
31 23
34 23
36 23
38 23
39 23
42 23
44 23
49 23
50 23
58 23
62 23
65 23
69 23
76 23
77 23
79 23
86 23
90 23
97 23
99 23
5 24
12 24
15 24
16 24
22 24
24 24
25 24
30 24
34 24
39 24
40 24
49 24
50 24
59 24
62 24
64 24
67 24
79 24
80 24
83 24
93 24
96 24
5 25
14 25
21 25
25 25
27 25
30 25
37 25
38 25
41 25
42 25
45 25
48 25
51 25
54 25
55 25
57 25
61 25
62 25
63 25
67 25
69 25
71 25
80 25
82 25
84 25
88 25
93 25
94 25
5 26
10 26
12 26
13 26
16 26
18 26
20 26
31 26
33 26
37 26
42 26
45 26
46 26
47 26
48 26
50 26
52 26
58 26
71 26
72 26
73 26
78 26
80 26
84 26
95 26
96 26
2 27
3 27
4 27
20 27
34 27
38 27
44 27
52 27
53 27
55 27
62 27
64 27
68 27
70 27
77 27
81 27
83 27
86 27
88 27
92 27
93 27
94 27
96 27
99 27
2 28
4 28
14 28
21 28
24 28
27 28
35 28
36 28
48 28
51 28
54 28
55 28
68 28
70 28
79 28
84 28
87 28
88 28
89 28
93 28
99 28
100 28
5 29
6 29
8 29
12 29
15 29
19 29
21 29
24 29
27 29
33 29
34 29
35 29
41 29
43 29
45 29
46 29
49 29
55 29
58 29
61 29
62 29
66 29
68 29
70 29
73 29
78 29
80 29
82 29
86 29
89 29
94 29
96 29
97 29
8 30
12 30
16 30
22 30
23 30
24 30
29 30
30 30
34 30
45 30
52 30
53 30
54 30
59 30
72 30
80 30
81 30
83 30
88 30
91 30
95 30
1 31
7 31
10 31
16 31
19 31
25 31
26 31
28 31
31 31
33 31
36 31
38 31
46 31
53 31
54 31
64 31
79 31
80 31
83 31
89 31
97 31
3 32
4 32
9 32
21 32
25 32
30 32
33 32
35 32
37 32
49 32
54 32
57 32
61 32
68 32
71 32
72 32
73 32
74 32
75 32
78 32
79 32
87 32
93 32
94 32
96 32
100 32
1 33
5 33
6 33
17 33
22 33
27 33
28 33
31 33
42 33
44 33
47 33
48 33
49 33
57 33
58 33
65 33
66 33
69 33
74 33
78 33
87 33
93 33
94 33
98 33
4 34
9 34
12 34
15 34
17 34
19 34
20 34
21 34
24 34
28 34
30 34
34 34
35 34
36 34
39 34
40 34
45 34
46 34
53 34
61 34
64 34
70 34
74 34
76 34
79 34
81 34
83 34
88 34
89 34
98 34
4 35
6 35
10 35
15 35
16 35
19 35
20 35
22 35
23 35
26 35
35 35
40 35
48 35
51 35
57 35
59 35
60 35
68 35
72 35
74 35
78 35
85 35
95 35
10 36
11 36
24 36
25 36
29 36
43 36
45 36
47 36
51 36
52 36
63 36
69 36
70 36
74 36
81 36
84 36
94 36
95 36
97 36
98 36
8 37
9 37
13 37
15 37
18 37
22 37
28 37
37 37
40 37
41 37
42 37
46 37
52 37
56 37
61 37
65 37
67 37
76 37
77 37
81 37
83 37
84 37
85 37
87 37
88 37
91 37
94 37
96 37
7 38
8 38
11 38
12 38
13 38
16 38
28 38
31 38
32 38
36 38
38 38
46 38
47 38
54 38
59 38
61 38
71 38
72 38
73 38
76 38
78 38
79 38
83 38
90 38
100 38
1 39
4 39
13 39
14 39
16 39
22 39
25 39
31 39
32 39
33 39
34 39
35 39
38 39
43 39
45 39
55 39
58 39
65 39
66 39
67 39
68 39
74 39
75 39
76 39
89 39
91 39
92 39
94 39
99 39
2 40
13 40
16 40
19 40
20 40
24 40
26 40
29 40
32 40
33 40
41 40
44 40
45 40
48 40
49 40
51 40
53 40
55 40
57 40
65 40
68 40
73 40
75 40
84 40
86 40
4 41
6 41
7 41
8 41
14 41
20 41
38 41
46 41
49 41
51 41
53 41
56 41
63 41
67 41
71 41
73 41
77 41
80 41
81 41
83 41
86 41
88 41
92 41
95 41
96 41
99 41
1 42
12 42
14 42
15 42
16 42
18 42
19 42
21 42
22 42
24 42
25 42
29 42
37 42
38 42
46 42
49 42
50 42
64 42
65 42
66 42
68 42
73 42
74 42
75 42
80 42
82 42
86 42
90 42
93 42
96 42
97 42
99 42
4 43
6 43
10 43
12 43
14 43
16 43
23 43
25 43
27 43
30 43
34 43
36 43
37 43
39 43
43 43
45 43
50 43
52 43
59 43
64 43
73 43
76 43
80 43
85 43
87 43
90 43
91 43
95 43
2 44
6 44
7 44
8 44
10 44
11 44
14 44
20 44
28 44
38 44
40 44
42 44
43 44
47 44
48 44
55 44
59 44
66 44
68 44
69 44
70 44
71 44
73 44
78 44
80 44
81 44
84 44
92 44
95 44
5 45
7 45
10 45
13 45
14 45
24 45
25 45
28 45
38 45
41 45
53 45
56 45
58 45
60 45
64 45
72 45
77 45
81 45
92 45
95 45
4 46
8 46
9 46
16 46
18 46
20 46
24 46
28 46
40 46
53 46
55 46
64 46
67 46
69 46
78 46
79 46
88 46
92 46
96 46
3 47
5 47
12 47
14 47
17 47
18 47
19 47
26 47
27 47
30 47
33 47
34 47
36 47
41 47
44 47
45 47
46 47
47 47
49 47
51 47
55 47
61 47
64 47
67 47
69 47
71 47
75 47
78 47
81 47
83 47
99 47
2 48
9 48
13 48
14 48
19 48
21 48
25 48
26 48
31 48
53 48
54 48
55 48
62 48
64 48
67 48
73 48
76 48
77 48
79 48
80 48
85 48
91 48
7 49
15 49
22 49
23 49
24 49
30 49
32 49
35 49
38 49
39 49
44 49
49 49
53 49
54 49
61 49
62 49
63 49
67 49
69 49
80 49
82 49
84 49
85 49
88 49
90 49
91 49
93 49
95 49
96 49
2 50
7 50
13 50
15 50
17 50
22 50
33 50
37 50
46 50
50 50
53 50
56 50
57 50
58 50
63 50
66 50
71 50
72 50
73 50
77 50
81 50
82 50
83 50
85 50
87 50
88 50
95 50
97 50
100 50
1 51
2 51
3 51
4 51
6 51
7 51
11 51
17 51
26 51
27 51
29 51
30 51
31 51
32 51
48 51
53 51
54 51
55 51
56 51
57 51
60 51
65 51
69 51
75 51
78 51
79 51
89 51
92 51
100 51
12 52
13 52
25 52
30 52
31 52
32 52
46 52
47 52
54 52
55 52
61 52
71 52
72 52
80 52
81 52
84 52
92 52
93 52
97 52
100 52
3 53
5 53
11 53
13 53
20 53
21 53
25 53
35 53
37 53
42 53
44 53
48 53
49 53
50 53
52 53
54 53
58 53
59 53
61 53
74 53
77 53
78 53
79 53
80 53
81 53
86 53
89 53
93 53
94 53
96 53
97 53
1 54
7 54
10 54
13 54
21 54
39 54
44 54
48 54
50 54
58 54
59 54
61 54
65 54
66 54
77 54
79 54
81 54
82 54
95 54
97 54
99 54
1 55
2 55
11 55
12 55
13 55
18 55
27 55
31 55
35 55
36 55
38 55
39 55
45 55
47 55
51 55
57 55
59 55
65 55
75 55
81 55
82 55
99 55
2 56
8 56
12 56
14 56
18 56
24 56
29 56
41 56
42 56
44 56
46 56
51 56
53 56
55 56
65 56
69 56
70 56
73 56
76 56
77 56
79 56
80 56
84 56
88 56
90 56
92 56
98 56
3 57
17 57
19 57
22 57
23 57
25 57
31 57
33 57
35 57
56 57
62 57
65 57
69 57
71 57
73 57
75 57
77 57
78 57
82 57
88 57
89 57
92 57
94 57
98 57
99 57
100 57
2 58
9 58
20 58
22 58
28 58
45 58
46 58
50 58
53 58
56 58
61 58
64 58
70 58
71 58
72 58
73 58
84 58
88 58
95 58
96 58
100 58
5 59
12 59
14 59
16 59
20 59
22 59
26 59
28 59
30 59
31 59
36 59
40 59
48 59
56 59
65 59
69 59
81 59
82 59
83 59
97 59
98 59
3 60
10 60
17 60
23 60
24 60
25 60
31 60
32 60
33 60
41 60
48 60
50 60
52 60
53 60
61 60
63 60
67 60
71 60
74 60
75 60
78 60
80 60
82 60
83 60
84 60
87 60
89 60
95 60
97 60
98 60
99 60
2 61
6 61
12 61
14 61
20 61
22 61
24 61
25 61
26 61
27 61
29 61
33 61
34 61
35 61
37 61
38 61
41 61
42 61
45 61
46 61
50 61
54 61
56 61
61 61
63 61
65 61
67 61
71 61
73 61
81 61
82 61
93 61
3 62
8 62
14 62
15 62
26 62
28 62
29 62
36 62
39 62
50 62
60 62
66 62
69 62
76 62
77 62
79 62
82 62
83 62
84 62
85 62
100 62
1 63
2 63
4 63
5 63
10 63
24 63
29 63
34 63
35 63
37 63
41 63
43 63
49 63
54 63
57 63
60 63
63 63
64 63
71 63
85 63
88 63
89 63
92 63
95 63
97 63
1 64
8 64
20 64
24 64
25 64
26 64
28 64
31 64
33 64
39 64
42 64
46 64
50 64
52 64
55 64
60 64
62 64
64 64
70 64
71 64
74 64
76 64
85 64
86 64
88 64
89 64
93 64
97 64
5 65
8 65
13 65
21 65
22 65
28 65
30 65
38 65
39 65
45 65
48 65
56 65
61 65
68 65
69 65
70 65
71 65
72 65
73 65
77 65
82 65
91 65
94 65
96 65
2 66
3 66
10 66
11 66
14 66
16 66
17 66
34 66
36 66
44 66
47 66
48 66
53 66
60 66
61 66
65 66
69 66
70 66
74 66
77 66
79 66
84 66
85 66
90 66
94 66
96 66
98 66
99 66
6 67
12 67
13 67
30 67
32 67
36 67
41 67
43 67
47 67
48 67
54 67
55 67
56 67
60 67
63 67
66 67
73 67
75 67
80 67
85 67
89 67
91 67
93 67
94 67
95 67
96 67
100 67
1 68
2 68
4 68
19 68
20 68
21 68
28 68
38 68
41 68
42 68
43 68
48 68
49 68
50 68
53 68
63 68
64 68
65 68
66 68
70 68
93 68
94 68
100 68
2 69
3 69
7 69
18 69
26 69
28 69
30 69
32 69
40 69
44 69
46 69
48 69
57 69
60 69
65 69
71 69
75 69
86 69
88 69
93 69
95 69
96 69
99 69
1 70
7 70
9 70
10 70
11 70
17 70
19 70
23 70
25 70
31 70
33 70
36 70
42 70
50 70
51 70
55 70
67 70
68 70
73 70
74 70
75 70
76 70
77 70
79 70
84 70
87 70
89 70
91 70
94 70
98 70
100 70
5 71
7 71
12 71
18 71
20 71
21 71
27 71
29 71
31 71
35 71
39 71
43 71
44 71
54 71
55 71
65 71
67 71
68 71
69 71
72 71
75 71
77 71
79 71
92 71
94 71
96 71
1 72
4 72
8 72
9 72
16 72
18 72
21 72
25 72
29 72
33 72
35 72
47 72
48 72
50 72
54 72
56 72
58 72
61 72
68 72
70 72
73 72
87 72
88 72
95 72
96 72
7 73
13 73
14 73
17 73
18 73
19 73
22 73
26 73
27 73
28 73
38 73
40 73
41 73
42 73
49 73
55 73
56 73
60 73
64 73
72 73
88 73
91 73
92 73
93 73
96 73
2 74
11 74
15 74
16 74
25 74
28 74
31 74
32 74
35 74
38 74
41 74
50 74
52 74
55 74
56 74
57 74
60 74
75 74
77 74
82 74
83 74
87 74
91 74
94 74
7 75
8 75
9 75
11 75
21 75
37 75
39 75
45 75
47 75
53 75
56 75
58 75
59 75
60 75
61 75
73 75
76 75
80 75
83 75
85 75
86 75
89 75
90 75
91 75
93 75
98 75
2 76
5 76
6 76
11 76
22 76
25 76
26 76
29 76
33 76
34 76
40 76
45 76
52 76
59 76
60 76
66 76
72 76
74 76
81 76
87 76
88 76
89 76
94 76
95 76
7 77
9 77
10 77
11 77
12 77
13 77
14 77
17 77
18 77
20 77
25 77
31 77
32 77
37 77
41 77
52 77
56 77
57 77
65 77
67 77
74 77
76 77
77 77
81 77
87 77
89 77
91 77
5 78
13 78
15 78
19 78
20 78
21 78
29 78
33 78
39 78
45 78
50 78
55 78
58 78
59 78
61 78
66 78
69 78
70 78
72 78
74 78
83 78
85 78
87 78
91 78
92 78
94 78
98 78
10 79
22 79
23 79
37 79
39 79
42 79
43 79
44 79
50 79
52 79
54 79
68 79
69 79
73 79
78 79
84 79
85 79
86 79
94 79
100 79
1 80
11 80
17 80
19 80
21 80
31 80
41 80
43 80
45 80
53 80
54 80
55 80
59 80
65 80
69 80
70 80
84 80
90 80
97 80
6 81
8 81
9 81
14 81
15 81
25 81
26 81
27 81
36 81
39 81
42 81
45 81
46 81
47 81
52 81
53 81
58 81
62 81
64 81
72 81
73 81
76 81
78 81
83 81
84 81
91 81
96 81
98 81
7 82
9 82
12 82
13 82
14 82
26 82
28 82
29 82
36 82
41 82
42 82
51 82
52 82
57 82
59 82
60 82
61 82
70 82
75 82
95 82
2 83
7 83
8 83
13 83
17 83
20 83
25 83
35 83
38 83
39 83
40 83
46 83
47 83
51 83
52 83
55 83
62 83
63 83
64 83
68 83
73 83
79 83
81 83
82 83
83 83
84 83
90 83
97 83
99 83
4 84
8 84
11 84
14 84
16 84
23 84
25 84
26 84
34 84
35 84
38 84
43 84
44 84
47 84
51 84
54 84
55 84
58 84
65 84
69 84
70 84
83 84
85 84
86 84
88 84
95 84
100 84
1 85
3 85
5 85
6 85
11 85
13 85
15 85
19 85
22 85
28 85
32 85
39 85
42 85
51 85
53 85
54 85
55 85
59 85
67 85
78 85
81 85
86 85
89 85
90 85
93 85
94 85
97 85
2 86
13 86
18 86
21 86
26 86
30 86
42 86
43 86
52 86
53 86
58 86
62 86
63 86
65 86
66 86
73 86
75 86
76 86
80 86
81 86
87 86
98 86
99 86
1 87
7 87
10 87
13 87
15 87
21 87
26 87
30 87
33 87
35 87
37 87
39 87
43 87
45 87
46 87
49 87
53 87
54 87
57 87
59 87
65 87
67 87
68 87
71 87
75 87
76 87
81 87
83 87
91 87
93 87
5 88
13 88
17 88
21 88
22 88
24 88
27 88
29 88
34 88
35 88
42 88
45 88
48 88
50 88
52 88
57 88
60 88
67 88
69 88
73 88
74 88
75 88
78 88
79 88
82 88
90 88
91 88
95 88
96 88
99 88
7 89
11 89
12 89
13 89
14 89
15 89
25 89
35 89
44 89
45 89
47 89
50 89
53 89
54 89
68 89
71 89
72 89
76 89
82 89
84 89
94 89
1 90
4 90
6 90
9 90
15 90
21 90
23 90
24 90
32 90
33 90
41 90
44 90
51 90
54 90
56 90
58 90
62 90
66 90
68 90
71 90
79 90
86 90
87 90
91 90
96 90
8 91
10 91
12 91
17 91
18 91
24 91
25 91
26 91
32 91
35 91
39 91
40 91
44 91
51 91
53 91
65 91
81 91
82 91
88 91
93 91
97 91
2 92
7 92
12 92
18 92
22 92
24 92
26 92
42 92
44 92
46 92
50 92
52 92
57 92
58 92
59 92
60 92
68 92
73 92
81 92
85 92
89 92
92 92
93 92
95 92
11 93
14 93
16 93
17 93
18 93
20 93
26 93
27 93
30 93
34 93
36 93
42 93
50 93
58 93
62 93
71 93
73 93
74 93
77 93
79 93
86 93
90 93
95 93
98 93
3 94
5 94
8 94
10 94
35 94
42 94
51 94
54 94
58 94
65 94
71 94
77 94
78 94
81 94
83 94
84 94
85 94
86 94
87 94
88 94
93 94
94 94
98 94
1 95
8 95
10 95
11 95
19 95
20 95
23 95
39 95
50 95
58 95
59 95
61 95
63 95
64 95
66 95
67 95
73 95
75 95
77 95
78 95
88 95
96 95
2 96
4 96
21 96
23 96
26 96
35 96
36 96
37 96
41 96
44 96
48 96
62 96
64 96
65 96
66 96
67 96
69 96
71 96
74 96
85 96
89 96
91 96
5 97
6 97
12 97
13 97
19 97
24 97
28 97
33 97
34 97
36 97
38 97
39 97
41 97
50 97
52 97
56 97
58 97
59 97
65 97
66 97
67 97
70 97
71 97
85 97
86 97
87 97
88 97
90 97
95 97
96 97
97 97
3 98
5 98
10 98
14 98
19 98
20 98
24 98
28 98
39 98
45 98
47 98
54 98
56 98
59 98
60 98
64 98
68 98
82 98
90 98
93 98
94 98
95 98
97 98
5 99
6 99
10 99
11 99
15 99
26 99
32 99
36 99
42 99
45 99
63 99
70 99
71 99
72 99
73 99
76 99
78 99
81 99
84 99
86 99
88 99
91 99
94 99
5 100
12 100
25 100
29 100
31 100
32 100
39 100
40 100
41 100
42 100
51 100
56 100
62 100
64 100
73 100
77 100
79 100
85 100
89 100
92 100
96 100
98 100
100 100
