100
4 1
7 1
12 1
13 1
19 1
20 1
22 1
23 1
31 1
32 1
34 1
37 1
38 1
39 1
44 1
45 1
53 1
57 1
64 1
66 1
68 1
71 1
73 1
76 1
81 1
84 1
87 1
92 1
94 1
97 1
98 1
4 2
11 2
16 2
18 2
23 2
25 2
30 2
37 2
44 2
47 2
48 2
53 2
64 2
71 2
72 2
80 2
83 2
85 2
87 2
92 2
93 2
94 2
95 2
97 2
6 3
7 3
12 3
14 3
17 3
19 3
22 3
24 3
29 3
32 3
35 3
39 3
40 3
44 3
48 3
49 3
55 3
59 3
61 3
63 3
76 3
91 3
92 3
95 3
97 3
4 4
10 4
12 4
13 4
19 4
27 4
32 4
35 4
37 4
39 4
40 4
50 4
51 4
59 4
61 4
62 4
63 4
68 4
77 4
85 4
86 4
88 4
95 4
96 4
1 5
4 5
5 5
6 5
13 5
14 5
15 5
24 5
25 5
29 5
30 5
33 5
35 5
39 5
41 5
43 5
46 5
50 5
51 5
60 5
63 5
65 5
66 5
69 5
70 5
71 5
75 5
77 5
79 5
80 5
85 5
90 5
92 5
96 5
99 5
2 6
6 6
11 6
12 6
23 6
24 6
25 6
32 6
37 6
38 6
43 6
45 6
49 6
50 6
60 6
61 6
63 6
66 6
70 6
71 6
75 6
77 6
79 6
82 6
94 6
6 7
11 7
15 7
20 7
27 7
40 7
54 7
55 7
56 7
61 7
62 7
63 7
64 7
65 7
66 7
67 7
70 7
73 7
76 7
78 7
83 7
91 7
93 7
96 7
100 7
5 8
6 8
7 8
22 8
26 8
27 8
33 8
36 8
38 8
45 8
48 8
50 8
56 8
61 8
64 8
72 8
81 8
83 8
84 8
86 8
97 8
99 8
10 9
18 9
20 9
23 9
30 9
36 9
43 9
48 9
53 9
54 9
56 9
64 9
74 9
75 9
76 9
79 9
83 9
98 9
11 10
16 10
31 10
33 10
34 10
36 10
47 10
58 10
59 10
60 10
64 10
67 10
70 10
71 10
74 10
78 10
92 10
98 10
100 10
1 11
5 11
6 11
13 11
16 11
17 11
26 11
29 11
36 11
37 11
42 11
45 11
49 11
55 11
56 11
58 11
60 11
61 11
66 11
67 11
69 11
72 11
74 11
75 11
76 11
77 11
78 11
80 11
81 11
82 11
95 11
3 12
7 12
11 12
16 12
17 12
18 12
21 12
22 12
23 12
27 12
28 12
32 12
34 12
38 12
41 12
43 12
47 12
52 12
62 12
63 12
65 12
69 12
73 12
75 12
76 12
87 12
92 12
94 12
96 12
1 13
3 13
13 13
18 13
26 13
28 13
33 13
34 13
35 13
36 13
38 13
39 13
43 13
46 13
53 13
56 13
57 13
58 13
66 13
67 13
71 13
78 13
82 13
83 13
86 13
89 13
90 13
97 13
98 13
100 13
1 14
6 14
7 14
8 14
9 14
14 14
16 14
17 14
18 14
19 14
20 14
21 14
25 14
26 14
29 14
39 14
49 14
51 14
52 14
54 14
56 14
57 14
59 14
65 14
69 14
70 14
72 14
77 14
80 14
82 14
83 14
87 14
90 14
92 14
95 14
97 14
11 15
14 15
16 15
19 15
23 15
24 15
26 15
28 15
29 15
34 15
38 15
39 15
44 15
45 15
47 15
53 15
54 15
61 15
79 15
83 15
84 15
86 15
90 15
91 15
92 15
96 15
97 15
98 15
100 15
4 16
6 16
9 16
15 16
20 16
29 16
38 16
40 16
50 16
52 16
56 16
64 16
67 16
71 16
72 16
77 16
89 16
91 16
95 16
100 16
5 17
9 17
12 17
19 17
21 17
28 17
30 17
34 17
39 17
42 17
43 17
53 17
66 17
69 17
74 17
77 17
79 17
84 17
92 17
95 17
96 17
97 17
2 18
3 18
5 18
11 18
12 18
15 18
22 18
23 18
27 18
28 18
33 18
34 18
44 18
50 18
58 18
60 18
70 18
71 18
74 18
78 18
81 18
82 18
83 18
84 18
85 18
86 18
93 18
94 18
96 18
98 18
1 19
4 19
8 19
10 19
14 19
21 19
28 19
31 19
32 19
36 19
45 19
58 19
59 19
64 19
67 19
68 19
70 19
71 19
72 19
73 19
74 19
76 19
79 19
80 19
93 19
94 19
96 19
2 20
3 20
6 20
10 20
22 20
26 20
27 20
30 20
34 20
35 20
46 20
54 20
65 20
67 20
68 20
70 20
77 20
78 20
82 20
83 20
93 20
6 21
10 21
12 21
18 21
19 21
23 21
30 21
41 21
47 21
51 21
56 21
58 21
61 21
67 21
72 21
75 21
80 21
84 21
85 21
95 21
1 22
10 22
12 22
13 22
19 22
30 22
32 22
33 22
36 22
38 22
43 22
44 22
46 22
48 22
64 22
71 22
74 22
76 22
82 22
89 22
90 22
91 22
97 22
3 23
5 23
8 23
10 23
11 23
15 23
17 23
24 23
27 23
29 23
32 23
38 23
42 23
51 23
53 23
55 23
56 23
61 23
62 23
63 23
65 23
66 23
67 23
68 23
69 23
70 23
74 23
79 23
83 23
94 23
96 23
99 23
2 24
3 24
10 24
26 24
27 24
31 24
32 24
36 24
37 24
40 24
41 24
42 24
44 24
47 24
62 24
64 24
70 24
76 24
78 24
83 24
84 24
86 24
88 24
89 24
91 24
93 24
3 25
5 25
10 25
15 25
25 25
26 25
33 25
36 25
37 25
46 25
49 25
52 25
55 25
71 25
72 25
77 25
79 25
83 25
85 25
95 25
97 25
98 25
3 26
8 26
16 26
22 26
26 26
32 26
33 26
44 26
48 26
52 26
54 26
58 26
59 26
60 26
64 26
67 26
69 26
71 26
72 26
78 26
88 26
92 26
95 26
100 26
1 27
13 27
14 27
18 27
19 27
20 27
22 27
24 27
26 27
30 27
32 27
39 27
43 27
45 27
49 27
50 27
54 27
58 27
60 27
63 27
67 27
74 27
79 27
83 27
86 27
100 27
4 28
5 28
9 28
10 28
12 28
13 28
18 28
20 28
21 28
23 28
25 28
26 28
30 28
34 28
36 28
37 28
39 28
41 28
53 28
57 28
60 28
61 28
64 28
65 28
69 28
72 28
73 28
76 28
83 28
86 28
95 28
96 28
97 28
98 28
100 28
6 29
14 29
23 29
27 29
38 29
45 29
47 29
48 29
49 29
50 29
51 29
58 29
64 29
74 29
76 29
83 29
84 29
86 29
93 29
94 29
96 29
100 29
1 30
5 30
11 30
15 30
19 30
21 30
30 30
32 30
38 30
45 30
49 30
51 30
52 30
53 30
54 30
56 30
61 30
63 30
64 30
70 30
73 30
75 30
82 30
85 30
87 30
95 30
96 30
2 31
12 31
13 31
18 31
21 31
28 31
30 31
31 31
32 31
36 31
42 31
48 31
49 31
52 31
53 31
59 31
66 31
67 31
68 31
70 31
78 31
85 31
88 31
91 31
93 31
95 31
1 32
5 32
8 32
14 32
20 32
24 32
31 32
34 32
35 32
37 32
41 32
43 32
45 32
51 32
52 32
55 32
56 32
59 32
61 32
63 32
71 32
72 32
73 32
81 32
89 32
94 32
95 32
98 32
100 32
9 33
12 33
15 33
16 33
19 33
22 33
24 33
25 33
36 33
38 33
39 33
42 33
44 33
52 33
54 33
58 33
60 33
61 33
62 33
68 33
70 33
73 33
77 33
82 33
85 33
95 33
97 33
98 33
1 34
2 34
7 34
12 34
17 34
25 34
28 34
32 34
34 34
38 34
39 34
50 34
53 34
59 34
61 34
69 34
75 34
76 34
88 34
93 34
2 35
4 35
11 35
26 35
28 35
30 35
36 35
37 35
42 35
47 35
58 35
59 35
62 35
63 35
64 35
82 35
84 35
93 35
95 35
99 35
4 36
9 36
10 36
13 36
14 36
17 36
20 36
27 36
35 36
36 36
41 36
48 36
52 36
58 36
59 36
60 36
62 36
63 36
64 36
66 36
67 36
73 36
86 36
89 36
95 36
100 36
1 37
5 37
6 37
7 37
12 37
20 37
23 37
40 37
43 37
44 37
45 37
46 37
51 37
70 37
77 37
78 37
80 37
83 37
94 37
8 38
9 38
11 38
15 38
17 38
19 38
22 38
23 38
28 38
30 38
35 38
39 38
47 38
48 38
51 38
53 38
59 38
61 38
64 38
68 38
73 38
75 38
80 38
87 38
89 38
94 38
98 38
2 39
6 39
10 39
11 39
13 39
22 39
24 39
27 39
28 39
37 39
38 39
46 39
59 39
60 39
64 39
65 39
67 39
78 39
83 39
84 39
85 39
86 39
92 39
96 39
97 39
98 39
3 40
6 40
14 40
16 40
35 40
38 40
42 40
45 40
47 40
48 40
51 40
55 40
61 40
62 40
65 40
70 40
72 40
73 40
81 40
82 40
85 40
88 40
93 40
100 40
2 41
15 41
20 41
31 41
33 41
34 41
37 41
39 41
43 41
48 41
50 41
57 41
63 41
64 41
65 41
67 41
69 41
73 41
78 41
80 41
81 41
82 41
84 41
85 41
86 41
88 41
93 41
96 41
99 41
1 42
12 42
21 42
25 42
30 42
34 42
35 42
40 42
42 42
45 42
47 42
49 42
55 42
60 42
66 42
71 42
74 42
77 42
79 42
83 42
84 42
88 42
93 42
96 42
97 42
98 42
100 42
5 43
8 43
17 43
19 43
25 43
32 43
36 43
41 43
43 43
46 43
50 43
52 43
54 43
57 43
69 43
70 43
71 43
72 43
73 43
75 43
76 43
77 43
78 43
79 43
83 43
84 43
86 43
89 43
1 44
6 44
9 44
10 44
12 44
17 44
18 44
19 44
21 44
26 44
27 44
30 44
41 44
42 44
47 44
54 44
57 44
58 44
61 44
62 44
65 44
67 44
69 44
77 44
78 44
82 44
87 44
88 44
91 44
93 44
97 44
98 44
2 45
5 45
6 45
9 45
12 45
16 45
18 45
35 45
38 45
40 45
46 45
51 45
57 45
59 45
63 45
64 45
81 45
86 45
3 46
4 46
7 46
8 46
14 46
17 46
24 46
25 46
35 46
37 46
45 46
48 46
54 46
58 46
60 46
65 46
72 46
76 46
77 46
79 46
80 46
85 46
99 46
1 47
2 47
4 47
5 47
7 47
8 47
13 47
17 47
24 47
28 47
32 47
36 47
37 47
39 47
41 47
42 47
46 47
52 47
54 47
68 47
71 47
74 47
77 47
78 47
79 47
83 47
95 47
3 48
6 48
7 48
8 48
10 48
11 48
14 48
20 48
24 48
26 48
28 48
30 48
34 48
37 48
44 48
46 48
47 48
52 48
53 48
66 48
67 48
77 48
89 48
92 48
100 48
4 49
8 49
12 49
13 49
17 49
18 49
21 49
27 49
29 49
31 49
32 49
36 49
51 49
54 49
57 49
63 49
65 49
74 49
76 49
79 49
81 49
83 49
87 49
90 49
97 49
99 49
2 50
4 50
11 50
22 50
28 50
34 50
38 50
41 50
44 50
46 50
52 50
54 50
60 50
62 50
67 50
68 50
73 50
76 50
80 50
84 50
86 50
87 50
90 50
12 51
13 51
15 51
21 51
22 51
26 51
31 51
41 51
43 51
44 51
47 51
49 51
59 51
69 51
70 51
77 51
82 51
94 51
95 51
98 51
11 52
12 52
13 52
14 52
25 52
29 52
36 52
42 52
45 52
46 52
48 52
52 52
56 52
70 52
71 52
80 52
88 52
90 52
100 52
1 53
6 53
14 53
15 53
19 53
24 53
26 53
27 53
34 53
35 53
43 53
44 53
48 53
51 53
57 53
61 53
64 53
75 53
78 53
81 53
82 53
86 53
98 53
1 54
4 54
6 54
7 54
12 54
20 54
22 54
39 54
41 54
44 54
46 54
48 54
49 54
51 54
53 54
61 54
63 54
64 54
67 54
70 54
71 54
74 54
75 54
79 54
80 54
84 54
86 54
87 54
89 54
90 54
92 54
93 54
96 54
97 54
98 54
2 55
3 55
5 55
6 55
11 55
14 55
17 55
19 55
20 55
21 55
23 55
28 55
32 55
37 55
43 55
45 55
47 55
50 55
62 55
64 55
65 55
66 55
71 55
72 55
87 55
89 55
93 55
95 55
96 55
4 56
5 56
8 56
11 56
16 56
18 56
21 56
25 56
26 56
32 56
41 56
42 56
44 56
45 56
48 56
51 56
52 56
54 56
59 56
62 56
64 56
65 56
66 56
69 56
73 56
74 56
82 56
98 56
99 56
11 57
15 57
24 57
25 57
26 57
32 57
36 57
37 57
48 57
50 57
53 57
54 57
61 57
62 57
65 57
74 57
75 57
81 57
85 57
95 57
96 57
1 58
6 58
7 58
14 58
18 58
26 58
28 58
31 58
33 58
42 58
45 58
48 58
49 58
55 58
56 58
60 58
64 58
65 58
66 58
67 58
71 58
90 58
96 58
100 58
1 59
2 59
12 59
16 59
19 59
20 59
23 59
27 59
28 59
29 59
31 59
33 59
35 59
36 59
39 59
40 59
42 59
43 59
47 59
50 59
52 59
53 59
63 59
68 59
69 59
71 59
74 59
76 59
78 59
82 59
88 59
92 59
96 59
98 59
1 60
6 60
10 60
11 60
13 60
16 60
18 60
22 60
24 60
25 60
33 60
34 60
37 60
40 60
44 60
45 60
47 60
50 60
56 60
66 60
73 60
76 60
78 60
81 60
83 60
87 60
89 60
97 60
2 61
5 61
18 61
22 61
24 61
26 61
32 61
40 61
42 61
49 61
52 61
54 61
57 61
66 61
71 61
74 61
75 61
79 61
83 61
86 61
88 61
89 61
95 61
97 61
7 62
8 62
16 62
17 62
19 62
29 62
35 62
37 62
38 62
39 62
40 62
41 62
43 62
47 62
48 62
49 62
59 62
60 62
63 62
64 62
65 62
71 62
83 62
85 62
91 62
96 62
100 62
1 63
8 63
11 63
12 63
13 63
14 63
17 63
19 63
26 63
27 63
29 63
31 63
49 63
63 63
65 63
71 63
76 63
77 63
79 63
87 63
94 63
95 63
97 63
98 63
9 64
10 64
12 64
20 64
25 64
26 64
28 64
32 64
33 64
36 64
38 64
45 64
48 64
53 64
65 64
67 64
69 64
72 64
75 64
77 64
79 64
81 64
85 64
86 64
96 64
98 64
100 64
1 65
4 65
6 65
8 65
10 65
15 65
17 65
18 65
21 65
22 65
32 65
33 65
36 65
39 65
44 65
46 65
47 65
49 65
50 65
51 65
57 65
62 65
63 65
64 65
66 65
67 65
68 65
76 65
7 66
8 66
19 66
20 66
21 66
22 66
32 66
43 66
45 66
46 66
48 66
54 66
79 66
84 66
90 66
94 66
99 66
100 66
2 67
3 67
10 67
18 67
24 67
26 67
27 67
32 67
40 67
41 67
44 67
47 67
50 67
54 67
64 67
67 67
75 67
77 67
78 67
82 67
7 68
13 68
16 68
19 68
23 68
28 68
34 68
41 68
43 68
44 68
48 68
50 68
57 68
62 68
65 68
71 68
75 68
80 68
83 68
84 68
92 68
97 68
2 69
8 69
14 69
15 69
16 69
20 69
24 69
25 69
26 69
33 69
34 69
37 69
40 69
41 69
48 69
52 69
54 69
61 69
62 69
65 69
66 69
70 69
72 69
75 69
79 69
83 69
84 69
85 69
86 69
89 69
93 69
3 70
13 70
20 70
23 70
26 70
40 70
41 70
43 70
48 70
55 70
57 70
58 70
64 70
65 70
66 70
69 70
74 70
75 70
76 70
90 70
92 70
93 70
94 70
3 71
4 71
8 71
13 71
16 71
21 71
25 71
27 71
33 71
36 71
40 71
42 71
44 71
46 71
48 71
66 71
70 71
72 71
79 71
88 71
91 71
92 71
94 71
97 71
1 72
2 72
9 72
10 72
11 72
14 72
16 72
24 72
29 72
31 72
33 72
43 72
44 72
50 72
52 72
54 72
59 72
64 72
68 72
69 72
72 72
74 72
79 72
85 72
91 72
98 72
5 73
6 73
8 73
9 73
11 73
16 73
23 73
24 73
25 73
27 73
28 73
32 73
38 73
46 73
52 73
56 73
57 73
61 73
62 73
71 73
84 73
86 73
87 73
91 73
1 74
7 74
9 74
10 74
16 74
24 74
30 74
33 74
38 74
39 74
46 74
55 74
60 74
63 74
66 74
75 74
77 74
79 74
80 74
87 74
92 74
96 74
1 75
4 75
14 75
15 75
16 75
27 75
28 75
29 75
32 75
37 75
41 75
49 75
50 75
56 75
61 75
67 75
69 75
70 75
80 75
82 75
85 75
86 75
87 75
91 75
94 75
96 75
97 75
98 75
1 76
3 76
9 76
11 76
20 76
27 76
32 76
36 76
39 76
43 76
44 76
49 76
50 76
53 76
56 76
57 76
63 76
65 76
66 76
75 76
78 76
83 76
92 76
93 76
96 76
97 76
98 76
4 77
5 77
14 77
16 77
18 77
23 77
24 77
28 77
29 77
30 77
35 77
38 77
40 77
50 77
56 77
57 77
65 77
67 77
70 77
73 77
80 77
81 77
85 77
87 77
88 77
92 77
1 78
2 78
3 78
7 78
14 78
16 78
25 78
31 78
34 78
38 78
39 78
42 78
47 78
49 78
50 78
52 78
53 78
55 78
56 78
63 78
64 78
70 78
77 78
78 78
80 78
81 78
91 78
98 78
2 79
4 79
13 79
15 79
17 79
21 79
31 79
33 79
36 79
37 79
38 79
40 79
41 79
42 79
45 79
50 79
51 79
52 79
61 79
64 79
68 79
70 79
73 79
74 79
75 79
77 79
80 79
82 79
84 79
87 79
91 79
92 79
93 79
94 79
95 79
97 79
98 79
12 80
22 80
24 80
25 80
27 80
30 80
32 80
38 80
41 80
43 80
47 80
51 80
58 80
59 80
61 80
63 80
67 80
69 80
74 80
76 80
78 80
79 80
80 80
85 80
89 80
91 80
92 80
7 81
9 81
15 81
18 81
19 81
24 81
28 81
30 81
33 81
38 81
40 81
41 81
45 81
46 81
51 81
54 81
55 81
56 81
61 81
64 81
66 81
67 81
69 81
71 81
80 81
82 81
84 81
87 81
88 81
89 81
92 81
94 81
95 81
96 81
8 82
9 82
10 82
14 82
16 82
17 82
18 82
19 82
24 82
27 82
33 82
34 82
37 82
38 82
42 82
50 82
54 82
58 82
60 82
62 82
63 82
65 82
68 82
69 82
72 82
74 82
77 82
81 82
86 82
88 82
93 82
96 82
97 82
98 82
99 82
100 82
13 83
15 83
22 83
24 83
30 83
33 83
39 83
40 83
41 83
42 83
44 83
55 83
66 83
70 83
72 83
86 83
87 83
90 83
92 83
100 83
3 84
9 84
13 84
20 84
22 84
24 84
28 84
36 84
37 84
46 84
48 84
58 84
59 84
60 84
65 84
66 84
69 84
70 84
73 84
77 84
82 84
86 84
89 84
91 84
94 84
98 84
11 85
12 85
14 85
17 85
18 85
27 85
45 85
48 85
56 85
58 85
65 85
69 85
71 85
80 85
85 85
89 85
94 85
98 85
3 86
5 86
6 86
7 86
9 86
11 86
12 86
21 86
24 86
27 86
29 86
30 86
34 86
36 86
37 86
39 86
42 86
52 86
58 86
62 86
64 86
70 86
86 86
87 86
90 86
95 86
100 86
2 87
3 87
4 87
7 87
12 87
14 87
18 87
22 87
28 87
30 87
36 87
39 87
41 87
43 87
46 87
49 87
51 87
56 87
66 87
78 87
91 87
96 87
97 87
98 87
13 88
22 88
23 88
24 88
25 88
28 88
32 88
39 88
47 88
51 88
53 88
59 88
65 88
66 88
67 88
69 88
91 88
100 88
1 89
2 89
16 89
18 89
30 89
42 89
49 89
52 89
57 89
59 89
61 89
64 89
71 89
76 89
86 89
93 89
96 89
2 90
3 90
4 90
6 90
14 90
19 90
29 90
31 90
35 90
41 90
42 90
44 90
47 90
51 90
52 90
61 90
63 90
64 90
65 90
66 90
71 90
73 90
74 90
75 90
79 90
88 90
91 90
93 90
6 91
10 91
11 91
16 91
18 91
21 91
23 91
25 91
30 91
36 91
42 91
46 91
63 91
66 91
68 91
72 91
80 91
81 91
82 91
97 91
1 92
5 92
6 92
10 92
13 92
16 92
19 92
22 92
25 92
30 92
37 92
38 92
40 92
53 92
57 92
58 92
63 92
79 92
80 92
87 92
88 92
89 92
94 92
95 92
3 93
4 93
15 93
18 93
31 93
41 93
44 93
46 93
49 93
50 93
51 93
54 93
57 93
59 93
65 93
67 93
69 93
72 93
73 93
75 93
86 93
89 93
92 93
94 93
99 93
1 94
2 94
10 94
18 94
20 94
21 94
23 94
25 94
29 94
30 94
32 94
34 94
35 94
37 94
45 94
55 94
58 94
68 94
70 94
75 94
83 94
88 94
91 94
92 94
94 94
95 94
5 95
7 95
8 95
11 95
14 95
23 95
25 95
26 95
28 95
30 95
35 95
36 95
40 95
41 95
42 95
45 95
59 95
60 95
61 95
75 95
76 95
78 95
85 95
93 95
94 95
2 96
7 96
8 96
9 96
16 96
19 96
22 96
23 96
27 96
29 96
32 96
33 96
34 96
38 96
44 96
49 96
54 96
56 96
57 96
62 96
68 96
70 96
74 96
80 96
87 96
88 96
91 96
94 96
95 96
96 96
11 97
13 97
14 97
18 97
21 97
27 97
31 97
32 97
38 97
39 97
40 97
42 97
46 97
47 97
48 97
57 97
59 97
70 97
73 97
75 97
78 97
80 97
1 98
2 98
3 98
6 98
8 98
13 98
16 98
17 98
18 98
19 98
23 98
28 98
31 98
32 98
33 98
34 98
36 98
45 98
47 98
51 98
53 98
54 98
56 98
68 98
74 98
75 98
79 98
83 98
86 98
89 98
91 98
92 98
93 98
99 98
4 99
5 99
6 99
7 99
9 99
16 99
17 99
43 99
48 99
50 99
69 99
70 99
75 99
90 99
99 99
2 100
3 100
5 100
6 100
9 100
10 100
14 100
17 100
22 100
23 100
28 100
43 100
45 100
49 100
54 100
66 100
67 100
71 100
72 100
81 100
86 100
88 100
92 100
