100
2 1
3 1
10 1
11 1
17 1
20 1
30 1
48 1
50 1
52 1
53 1
54 1
56 1
65 1
73 1
80 1
81 1
83 1
93 1
98 1
100 1
1 2
2 2
4 2
8 2
10 2
14 2
20 2
25 2
27 2
31 2
54 2
56 2
65 2
66 2
69 2
81 2
84 2
85 2
86 2
89 2
90 2
91 2
94 2
95 2
97 2
99 2
2 3
6 3
10 3
14 3
16 3
21 3
23 3
24 3
25 3
28 3
34 3
43 3
50 3
56 3
57 3
62 3
69 3
79 3
86 3
89 3
91 3
94 3
95 3
98 3
12 4
17 4
20 4
21 4
38 4
44 4
49 4
51 4
64 4
74 4
81 4
82 4
83 4
85 4
92 4
2 5
3 5
6 5
7 5
8 5
10 5
12 5
17 5
19 5
21 5
23 5
26 5
27 5
28 5
30 5
34 5
37 5
47 5
50 5
52 5
55 5
60 5
67 5
73 5
78 5
86 5
92 5
93 5
97 5
5 6
11 6
13 6
16 6
17 6
18 6
19 6
22 6
23 6
25 6
31 6
32 6
41 6
46 6
48 6
49 6
52 6
55 6
56 6
58 6
60 6
66 6
68 6
69 6
74 6
85 6
90 6
92 6
98 6
1 7
4 7
6 7
7 7
9 7
11 7
18 7
19 7
26 7
31 7
34 7
37 7
39 7
40 7
43 7
45 7
47 7
51 7
58 7
67 7
73 7
77 7
80 7
83 7
85 7
90 7
95 7
99 7
3 8
4 8
5 8
10 8
12 8
27 8
43 8
48 8
60 8
67 8
68 8
69 8
77 8
78 8
80 8
81 8
87 8
89 8
93 8
96 8
97 8
3 9
7 9
10 9
18 9
28 9
33 9
36 9
39 9
44 9
46 9
53 9
56 9
58 9
60 9
65 9
71 9
74 9
79 9
85 9
93 9
95 9
4 10
5 10
13 10
20 10
24 10
25 10
34 10
35 10
36 10
40 10
44 10
48 10
55 10
58 10
60 10
63 10
66 10
67 10
72 10
73 10
75 10
78 10
79 10
90 10
94 10
97 10
99 10
1 11
5 11
8 11
18 11
20 11
23 11
30 11
36 11
40 11
43 11
53 11
70 11
74 11
76 11
77 11
79 11
80 11
82 11
85 11
86 11
92 11
93 11
97 11
5 12
6 12
16 12
21 12
26 12
28 12
37 12
49 12
51 12
55 12
58 12
59 12
60 12
62 12
71 12
75 12
82 12
84 12
87 12
89 12
91 12
96 12
97 12
1 13
2 13
11 13
14 13
19 13
22 13
39 13
42 13
45 13
52 13
58 13
59 13
62 13
63 13
64 13
66 13
67 13
74 13
75 13
86 13
87 13
92 13
93 13
98 13
4 14
9 14
10 14
25 14
29 14
41 14
42 14
43 14
44 14
45 14
49 14
55 14
60 14
62 14
67 14
69 14
72 14
74 14
77 14
78 14
87 14
88 14
89 14
94 14
98 14
99 14
3 15
5 15
8 15
13 15
34 15
35 15
40 15
42 15
44 15
45 15
46 15
47 15
51 15
54 15
64 15
66 15
67 15
68 15
75 15
78 15
80 15
85 15
86 15
91 15
92 15
93 15
98 15
1 16
5 16
9 16
15 16
18 16
19 16
21 16
24 16
27 16
28 16
33 16
34 16
42 16
44 16
54 16
55 16
56 16
57 16
59 16
67 16
70 16
73 16
77 16
78 16
81 16
89 16
2 17
7 17
9 17
15 17
16 17
25 17
29 17
31 17
32 17
37 17
38 17
44 17
47 17
48 17
50 17
51 17
52 17
54 17
57 17
65 17
66 17
68 17
72 17
77 17
79 17
81 17
84 17
91 17
97 17
5 18
8 18
11 18
15 18
16 18
17 18
18 18
25 18
31 18
38 18
40 18
46 18
47 18
48 18
53 18
57 18
58 18
63 18
64 18
65 18
66 18
67 18
71 18
83 18
84 18
88 18
96 18
100 18
8 19
10 19
11 19
12 19
15 19
29 19
31 19
32 19
44 19
47 19
48 19
50 19
51 19
57 19
62 19
63 19
64 19
66 19
76 19
85 19
89 19
93 19
94 19
99 19
1 20
14 20
17 20
20 20
25 20
26 20
30 20
31 20
32 20
37 20
38 20
40 20
41 20
44 20
46 20
49 20
51 20
53 20
59 20
69 20
74 20
80 20
82 20
84 20
86 20
87 20
91 20
1 21
4 21
7 21
9 21
15 21
24 21
30 21
34 21
48 21
54 21
59 21
62 21
63 21
69 21
71 21
73 21
78 21
80 21
81 21
85 21
92 21
96 21
8 22
11 22
13 22
14 22
19 22
20 22
21 22
23 22
30 22
33 22
34 22
35 22
36 22
41 22
49 22
52 22
56 22
58 22
60 22
71 22
75 22
76 22
77 22
86 22
88 22
91 22
94 22
95 22
99 22
12 23
16 23
32 23
38 23
43 23
44 23
47 23
48 23
52 23
57 23
60 23
72 23
74 23
75 23
76 23
79 23
80 23
83 23
85 23
86 23
91 23
94 23
6 24
7 24
8 24
10 24
11 24
12 24
15 24
23 24
24 24
25 24
26 24
33 24
34 24
46 24
53 24
57 24
62 24
64 24
67 24
68 24
70 24
73 24
74 24
82 24
83 24
90 24
97 24
98 24
99 24
1 25
16 25
22 25
23 25
35 25
38 25
39 25
42 25
45 25
46 25
47 25
50 25
58 25
59 25
61 25
67 25
70 25
79 25
85 25
87 25
90 25
91 25
97 25
9 26
26 26
31 26
40 26
51 26
54 26
56 26
59 26
62 26
70 26
71 26
74 26
75 26
76 26
78 26
82 26
87 26
90 26
92 26
94 26
99 26
3 27
4 27
5 27
9 27
17 27
22 27
26 27
28 27
29 27
30 27
33 27
34 27
42 27
45 27
49 27
52 27
55 27
59 27
60 27
65 27
74 27
80 27
84 27
92 27
98 27
1 28
7 28
8 28
9 28
10 28
17 28
18 28
21 28
26 28
31 28
36 28
41 28
45 28
47 28
50 28
54 28
63 28
68 28
73 28
75 28
76 28
78 28
79 28
82 28
84 28
89 28
90 28
93 28
96 28
100 28
7 29
11 29
14 29
15 29
17 29
20 29
27 29
28 29
29 29
30 29
35 29
39 29
41 29
46 29
49 29
50 29
53 29
56 29
66 29
67 29
70 29
83 29
88 29
95 29
97 29
99 29
1 30
3 30
7 30
9 30
10 30
13 30
15 30
17 30
21 30
22 30
24 30
30 30
36 30
37 30
41 30
42 30
46 30
50 30
60 30
67 30
68 30
71 30
74 30
75 30
76 30
77 30
82 30
83 30
84 30
86 30
92 30
95 30
1 31
4 31
8 31
20 31
24 31
30 31
32 31
35 31
39 31
40 31
46 31
48 31
50 31
52 31
55 31
56 31
71 31
72 31
77 31
87 31
90 31
95 31
97 31
3 32
13 32
17 32
25 32
28 32
38 32
41 32
44 32
47 32
52 32
53 32
61 32
62 32
68 32
71 32
73 32
75 32
77 32
78 32
79 32
80 32
84 32
87 32
91 32
96 32
99 32
100 32
5 33
10 33
14 33
15 33
19 33
32 33
35 33
36 33
40 33
46 33
49 33
50 33
51 33
60 33
65 33
67 33
77 33
83 33
84 33
85 33
96 33
99 33
2 34
4 34
11 34
15 34
16 34
23 34
38 34
42 34
43 34
55 34
58 34
60 34
63 34
66 34
68 34
71 34
73 34
75 34
76 34
78 34
81 34
84 34
85 34
89 34
93 34
97 34
99 34
2 35
9 35
11 35
13 35
19 35
22 35
51 35
55 35
61 35
65 35
71 35
72 35
73 35
76 35
77 35
79 35
86 35
88 35
95 35
99 35
1 36
14 36
17 36
29 36
30 36
41 36
45 36
47 36
51 36
60 36
65 36
69 36
74 36
78 36
83 36
86 36
89 36
94 36
3 37
5 37
6 37
8 37
11 37
13 37
15 37
21 37
24 37
29 37
41 37
42 37
44 37
46 37
49 37
51 37
53 37
63 37
65 37
69 37
71 37
76 37
87 37
92 37
93 37
99 37
5 38
6 38
7 38
8 38
10 38
12 38
14 38
15 38
17 38
19 38
21 38
31 38
34 38
38 38
40 38
41 38
48 38
51 38
53 38
56 38
58 38
62 38
75 38
76 38
79 38
84 38
85 38
89 38
93 38
100 38
6 39
12 39
14 39
16 39
19 39
21 39
22 39
24 39
27 39
29 39
36 39
39 39
41 39
45 39
49 39
50 39
59 39
68 39
69 39
73 39
75 39
78 39
85 39
86 39
87 39
92 39
94 39
97 39
98 39
99 39
100 39
4 40
6 40
7 40
11 40
12 40
15 40
16 40
23 40
25 40
26 40
28 40
31 40
32 40
35 40
38 40
44 40
48 40
50 40
55 40
58 40
59 40
60 40
64 40
65 40
68 40
72 40
76 40
78 40
84 40
91 40
95 40
97 40
2 41
4 41
13 41
17 41
22 41
30 41
37 41
38 41
45 41
48 41
50 41
51 41
52 41
53 41
59 41
60 41
80 41
87 41
91 41
93 41
97 41
2 42
3 42
6 42
12 42
16 42
19 42
22 42
25 42
26 42
31 42
42 42
49 42
51 42
53 42
64 42
67 42
80 42
84 42
85 42
87 42
88 42
94 42
99 42
1 43
2 43
8 43
11 43
18 43
36 43
44 43
47 43
48 43
50 43
51 43
63 43
67 43
77 43
79 43
80 43
82 43
84 43
1 44
13 44
15 44
16 44
18 44
22 44
26 44
30 44
36 44
42 44
47 44
50 44
53 44
55 44
60 44
73 44
77 44
78 44
80 44
82 44
86 44
87 44
1 45
4 45
9 45
12 45
14 45
16 45
18 45
23 45
24 45
31 45
32 45
37 45
38 45
39 45
41 45
43 45
45 45
46 45
47 45
51 45
63 45
66 45
68 45
69 45
79 45
80 45
81 45
1 46
2 46
4 46
5 46
13 46
14 46
20 46
21 46
24 46
29 46
33 46
42 46
47 46
57 46
59 46
61 46
64 46
71 46
73 46
74 46
76 46
79 46
88 46
97 46
98 46
1 47
2 47
4 47
5 47
7 47
9 47
10 47
16 47
19 47
37 47
48 47
51 47
52 47
54 47
59 47
60 47
62 47
69 47
70 47
71 47
72 47
83 47
86 47
91 47
94 47
98 47
3 48
5 48
6 48
9 48
11 48
12 48
16 48
20 48
21 48
25 48
27 48
33 48
36 48
39 48
42 48
44 48
47 48
65 48
68 48
69 48
71 48
80 48
85 48
86 48
95 48
96 48
8 49
10 49
14 49
15 49
16 49
25 49
27 49
30 49
31 49
37 49
40 49
44 49
53 49
55 49
59 49
60 49
61 49
63 49
65 49
71 49
76 49
82 49
85 49
89 49
94 49
95 49
97 49
99 49
2 50
15 50
19 50
37 50
40 50
47 50
48 50
50 50
52 50
63 50
66 50
67 50
69 50
70 50
71 50
72 50
79 50
81 50
84 50
90 50
92 50
96 50
5 51
8 51
17 51
21 51
25 51
26 51
28 51
30 51
31 51
35 51
36 51
38 51
39 51
40 51
41 51
42 51
43 51
44 51
55 51
56 51
59 51
61 51
64 51
68 51
69 51
77 51
78 51
79 51
84 51
86 51
88 51
89 51
91 51
95 51
97 51
1 52
2 52
8 52
20 52
25 52
27 52
32 52
37 52
39 52
44 52
50 52
51 52
52 52
58 52
61 52
64 52
67 52
73 52
75 52
79 52
81 52
88 52
92 52
94 52
96 52
100 52
1 53
4 53
6 53
16 53
17 53
22 53
36 53
38 53
55 53
60 53
63 53
66 53
67 53
73 53
78 53
79 53
81 53
82 53
84 53
85 53
86 53
97 53
98 53
100 53
5 54
8 54
14 54
18 54
21 54
24 54
25 54
26 54
30 54
32 54
39 54
40 54
46 54
52 54
54 54
60 54
61 54
63 54
65 54
67 54
74 54
76 54
79 54
80 54
86 54
88 54
89 54
90 54
10 55
11 55
12 55
13 55
14 55
18 55
19 55
26 55
28 55
29 55
39 55
40 55
42 55
44 55
64 55
65 55
68 55
70 55
71 55
72 55
73 55
74 55
75 55
78 55
81 55
86 55
87 55
88 55
89 55
94 55
98 55
99 55
11 56
12 56
16 56
21 56
25 56
29 56
37 56
38 56
39 56
41 56
42 56
46 56
49 56
54 56
60 56
65 56
69 56
73 56
79 56
80 56
83 56
86 56
88 56
91 56
4 57
5 57
18 57
23 57
25 57
40 57
42 57
43 57
47 57
48 57
59 57
64 57
67 57
69 57
73 57
82 57
86 57
92 57
93 57
99 57
100 57
1 58
7 58
10 58
11 58
12 58
15 58
24 58
25 58
27 58
46 58
56 58
57 58
59 58
63 58
68 58
74 58
75 58
76 58
82 58
97 58
98 58
100 58
1 59
10 59
13 59
16 59
17 59
19 59
24 59
37 59
38 59
40 59
43 59
45 59
55 59
56 59
57 59
60 59
61 59
71 59
73 59
74 59
76 59
85 59
94 59
96 59
99 59
100 59
4 60
6 60
7 60
8 60
12 60
15 60
18 60
31 60
33 60
35 60
42 60
43 60
46 60
47 60
51 60
55 60
67 60
68 60
72 60
87 60
96 60
98 60
4 61
10 61
14 61
24 61
27 61
28 61
29 61
33 61
34 61
35 61
42 61
52 61
56 61
62 61
66 61
72 61
77 61
81 61
83 61
86 61
89 61
93 61
100 61
7 62
15 62
17 62
19 62
21 62
22 62
24 62
26 62
29 62
30 62
45 62
50 62
57 62
58 62
59 62
62 62
69 62
70 62
76 62
80 62
84 62
85 62
88 62
90 62
93 62
95 62
97 62
3 63
9 63
10 63
11 63
29 63
30 63
32 63
36 63
37 63
39 63
41 63
42 63
52 63
56 63
59 63
62 63
64 63
68 63
69 63
76 63
77 63
79 63
83 63
86 63
90 63
95 63
97 63
99 63
1 64
28 64
33 64
41 64
46 64
49 64
52 64
61 64
67 64
68 64
71 64
72 64
74 64
80 64
82 64
84 64
85 64
90 64
96 64
14 65
15 65
22 65
26 65
42 65
47 65
51 65
57 65
59 65
65 65
68 65
71 65
72 65
74 65
75 65
81 65
82 65
83 65
84 65
89 65
92 65
99 65
2 66
10 66
15 66
19 66
21 66
31 66
34 66
42 66
47 66
50 66
59 66
60 66
62 66
63 66
76 66
83 66
90 66
97 66
4 67
6 67
8 67
11 67
12 67
18 67
19 67
22 67
27 67
40 67
45 67
51 67
60 67
61 67
69 67
74 67
75 67
77 67
78 67
82 67
85 67
89 67
91 67
92 67
93 67
94 67
99 67
1 68
12 68
13 68
16 68
19 68
21 68
26 68
27 68
28 68
30 68
32 68
34 68
35 68
38 68
42 68
49 68
61 68
65 68
69 68
71 68
75 68
78 68
79 68
80 68
85 68
86 68
89 68
90 68
91 68
94 68
97 68
3 69
9 69
10 69
11 69
18 69
27 69
29 69
32 69
44 69
51 69
54 69
58 69
59 69
69 69
75 69
77 69
79 69
80 69
87 69
90 69
91 69
92 69
95 69
96 69
97 69
7 70
12 70
17 70
19 70
29 70
42 70
43 70
45 70
51 70
61 70
66 70
68 70
69 70
74 70
77 70
78 70
80 70
81 70
92 70
2 71
3 71
7 71
14 71
15 71
18 71
19 71
21 71
29 71
35 71
38 71
39 71
47 71
48 71
49 71
50 71
51 71
54 71
56 71
62 71
63 71
65 71
69 71
70 71
75 71
89 71
90 71
92 71
93 71
3 72
6 72
15 72
17 72
19 72
26 72
38 72
40 72
44 72
46 72
48 72
51 72
56 72
66 72
73 72
74 72
75 72
87 72
88 72
89 72
90 72
91 72
98 72
2 73
8 73
9 73
12 73
24 73
28 73
29 73
36 73
37 73
38 73
39 73
40 73
45 73
49 73
51 73
63 73
67 73
68 73
73 73
83 73
84 73
85 73
89 73
92 73
93 73
3 74
6 74
7 74
9 74
10 74
16 74
19 74
24 74
25 74
29 74
42 74
46 74
55 74
67 74
72 74
73 74
75 74
82 74
84 74
85 74
88 74
92 74
95 74
1 75
2 75
5 75
10 75
17 75
21 75
22 75
23 75
27 75
33 75
34 75
36 75
37 75
44 75
48 75
49 75
56 75
58 75
61 75
62 75
65 75
71 75
72 75
76 75
81 75
83 75
89 75
90 75
93 75
95 75
2 76
3 76
5 76
11 76
16 76
18 76
27 76
29 76
30 76
39 76
44 76
49 76
50 76
59 76
63 76
65 76
67 76
71 76
78 76
85 76
86 76
87 76
89 76
91 76
93 76
94 76
100 76
6 77
8 77
14 77
17 77
19 77
34 77
40 77
51 77
54 77
56 77
60 77
62 77
64 77
65 77
68 77
73 77
77 77
79 77
82 77
84 77
89 77
94 77
95 77
5 78
8 78
14 78
16 78
27 78
34 78
38 78
43 78
50 78
51 78
58 78
60 78
62 78
64 78
72 78
75 78
80 78
84 78
92 78
95 78
96 78
98 78
2 79
3 79
9 79
17 79
20 79
21 79
22 79
28 79
31 79
32 79
40 79
54 79
55 79
56 79
65 79
70 79
76 79
78 79
91 79
92 79
95 79
98 79
9 80
13 80
17 80
18 80
22 80
27 80
28 80
29 80
33 80
37 80
39 80
43 80
44 80
46 80
47 80
49 80
50 80
51 80
72 80
73 80
78 80
81 80
88 80
100 80
4 81
6 81
8 81
10 81
15 81
22 81
27 81
34 81
37 81
43 81
44 81
57 81
65 81
67 81
70 81
71 81
73 81
80 81
81 81
89 81
93 81
95 81
97 81
100 81
3 82
7 82
12 82
15 82
22 82
24 82
25 82
30 82
34 82
48 82
50 82
54 82
62 82
64 82
76 82
79 82
94 82
95 82
96 82
100 82
5 83
9 83
12 83
17 83
22 83
26 83
27 83
28 83
34 83
36 83
38 83
40 83
45 83
51 83
54 83
57 83
60 83
64 83
65 83
67 83
69 83
71 83
75 83
78 83
82 83
91 83
92 83
95 83
96 83
99 83
2 84
5 84
6 84
9 84
11 84
15 84
16 84
19 84
23 84
25 84
27 84
29 84
30 84
35 84
37 84
40 84
42 84
48 84
50 84
57 84
61 84
67 84
68 84
70 84
72 84
73 84
74 84
82 84
84 84
87 84
89 84
94 84
95 84
96 84
100 84
3 85
30 85
34 85
36 85
38 85
41 85
44 85
45 85
48 85
49 85
53 85
59 85
60 85
62 85
63 85
65 85
66 85
69 85
75 85
77 85
81 85
1 86
3 86
7 86
12 86
16 86
19 86
24 86
26 86
30 86
31 86
37 86
42 86
44 86
52 86
54 86
55 86
59 86
67 86
73 86
75 86
76 86
79 86
81 86
89 86
90 86
96 86
98 86
100 86
5 87
6 87
12 87
13 87
16 87
18 87
21 87
24 87
31 87
32 87
33 87
35 87
38 87
43 87
44 87
45 87
57 87
58 87
59 87
64 87
68 87
71 87
75 87
77 87
79 87
87 87
94 87
95 87
98 87
3 88
4 88
6 88
11 88
16 88
19 88
24 88
31 88
33 88
35 88
38 88
41 88
42 88
44 88
45 88
47 88
50 88
52 88
58 88
62 88
63 88
64 88
65 88
67 88
72 88
74 88
77 88
78 88
80 88
89 88
97 88
2 89
3 89
7 89
8 89
10 89
11 89
14 89
23 89
28 89
31 89
34 89
38 89
42 89
49 89
54 89
58 89
61 89
63 89
74 89
79 89
86 89
88 89
95 89
6 90
13 90
14 90
20 90
25 90
43 90
46 90
47 90
52 90
56 90
57 90
65 90
66 90
67 90
69 90
77 90
78 90
80 90
84 90
85 90
88 90
90 90
96 90
99 90
100 90
7 91
11 91
18 91
19 91
26 91
27 91
29 91
45 91
63 91
72 91
75 91
77 91
83 91
94 91
3 92
10 92
14 92
17 92
22 92
23 92
26 92
27 92
30 92
33 92
34 92
35 92
39 92
43 92
45 92
46 92
48 92
49 92
52 92
54 92
66 92
69 92
71 92
73 92
74 92
75 92
76 92
77 92
81 92
86 92
94 92
95 92
98 92
3 93
11 93
14 93
16 93
18 93
19 93
20 93
23 93
24 93
26 93
27 93
28 93
31 93
35 93
46 93
48 93
50 93
58 93
62 93
67 93
68 93
72 93
80 93
81 93
83 93
92 93
94 93
96 93
10 94
13 94
19 94
20 94
22 94
23 94
31 94
33 94
35 94
38 94
46 94
50 94
58 94
62 94
63 94
64 94
65 94
69 94
70 94
71 94
74 94
79 94
87 94
91 94
94 94
3 95
4 95
20 95
30 95
31 95
32 95
50 95
55 95
64 95
68 95
83 95
91 95
95 95
96 95
4 96
5 96
9 96
11 96
13 96
16 96
23 96
24 96
26 96
33 96
37 96
38 96
40 96
44 96
46 96
48 96
64 96
65 96
66 96
67 96
70 96
72 96
74 96
78 96
83 96
87 96
88 96
96 96
4 97
16 97
17 97
19 97
23 97
24 97
31 97
38 97
41 97
47 97
54 97
59 97
61 97
65 97
72 97
75 97
77 97
87 97
89 97
93 97
97 97
98 97
2 98
5 98
6 98
12 98
19 98
20 98
21 98
22 98
27 98
29 98
34 98
38 98
40 98
41 98
48 98
52 98
54 98
57 98
78 98
82 98
83 98
92 98
96 98
97 98
14 99
15 99
16 99
18 99
19 99
23 99
27 99
30 99
33 99
34 99
41 99
44 99
51 99
58 99
76 99
77 99
80 99
83 99
89 99
90 99
96 99
98 99
100 99
2 100
10 100
12 100
19 100
23 100
37 100
56 100
57 100
62 100
66 100
68 100
75 100
76 100
79 100
81 100
83 100
85 100
93 100
