100
1 1
4 1
5 1
8 1
12 1
13 1
15 1
18 1
30 1
32 1
33 1
34 1
36 1
40 1
43 1
51 1
55 1
63 1
64 1
70 1
73 1
86 1
90 1
95 1
98 1
99 1
2 2
5 2
8 2
9 2
11 2
16 2
21 2
22 2
30 2
32 2
36 2
42 2
46 2
48 2
52 2
53 2
56 2
61 2
63 2
64 2
67 2
68 2
72 2
74 2
77 2
78 2
84 2
87 2
89 2
92 2
4 3
6 3
13 3
15 3
17 3
21 3
22 3
23 3
25 3
29 3
30 3
32 3
35 3
51 3
65 3
71 3
80 3
82 3
85 3
88 3
89 3
90 3
100 3
1 4
2 4
9 4
10 4
12 4
13 4
14 4
15 4
16 4
22 4
28 4
32 4
35 4
41 4
43 4
44 4
48 4
50 4
52 4
55 4
57 4
59 4
60 4
63 4
64 4
70 4
71 4
77 4
82 4
85 4
87 4
90 4
91 4
92 4
96 4
99 4
1 5
3 5
7 5
10 5
15 5
18 5
23 5
26 5
28 5
30 5
41 5
57 5
58 5
67 5
68 5
81 5
87 5
98 5
100 5
3 6
8 6
11 6
12 6
23 6
29 6
31 6
33 6
35 6
38 6
40 6
46 6
48 6
51 6
52 6
55 6
57 6
59 6
62 6
64 6
70 6
72 6
73 6
80 6
89 6
90 6
93 6
96 6
99 6
3 7
13 7
21 7
23 7
25 7
30 7
36 7
52 7
53 7
64 7
66 7
71 7
74 7
79 7
85 7
86 7
92 7
100 7
2 8
7 8
13 8
14 8
29 8
30 8
32 8
37 8
38 8
39 8
42 8
43 8
45 8
52 8
60 8
65 8
66 8
69 8
72 8
82 8
86 8
87 8
88 8
90 8
91 8
93 8
95 8
97 8
100 8
1 9
3 9
4 9
7 9
12 9
14 9
16 9
18 9
24 9
26 9
27 9
37 9
38 9
40 9
47 9
53 9
56 9
63 9
66 9
67 9
69 9
70 9
73 9
74 9
75 9
79 9
80 9
82 9
91 9
92 9
99 9
4 10
7 10
17 10
20 10
24 10
27 10
28 10
38 10
43 10
44 10
45 10
46 10
51 10
56 10
57 10
61 10
63 10
69 10
74 10
78 10
82 10
88 10
90 10
92 10
8 11
9 11
13 11
15 11
18 11
20 11
24 11
41 11
54 11
56 11
57 11
64 11
65 11
66 11
71 11
80 11
84 11
98 11
99 11
100 11
1 12
4 12
5 12
11 12
12 12
14 12
15 12
17 12
18 12
20 12
27 12
28 12
32 12
36 12
37 12
40 12
43 12
44 12
47 12
51 12
53 12
57 12
71 12
80 12
83 12
98 12
7 13
8 13
9 13
14 13
15 13
18 13
24 13
25 13
29 13
35 13
44 13
45 13
47 13
51 13
56 13
63 13
67 13
68 13
76 13
78 13
82 13
91 13
92 13
94 13
97 13
98 13
100 13
1 14
2 14
3 14
19 14
20 14
23 14
26 14
28 14
29 14
31 14
32 14
33 14
35 14
36 14
43 14
44 14
46 14
61 14
63 14
74 14
76 14
88 14
97 14
98 14
4 15
9 15
13 15
15 15
17 15
18 15
22 15
25 15
26 15
28 15
29 15
33 15
34 15
35 15
38 15
39 15
40 15
45 15
47 15
51 15
55 15
59 15
61 15
67 15
77 15
81 15
93 15
95 15
98 15
99 15
4 16
5 16
6 16
8 16
9 16
11 16
16 16
20 16
22 16
31 16
35 16
41 16
42 16
52 16
54 16
55 16
59 16
66 16
69 16
70 16
71 16
77 16
78 16
82 16
87 16
99 16
1 17
2 17
8 17
12 17
13 17
14 17
22 17
23 17
28 17
31 17
32 17
34 17
42 17
48 17
50 17
51 17
53 17
54 17
64 17
70 17
72 17
77 17
80 17
84 17
87 17
94 17
95 17
97 17
100 17
4 18
5 18
19 18
33 18
35 18
39 18
42 18
44 18
49 18
66 18
67 18
71 18
76 18
81 18
85 18
87 18
91 18
92 18
93 18
94 18
95 18
96 18
98 18
100 18
2 19
9 19
12 19
13 19
20 19
21 19
23 19
24 19
25 19
26 19
28 19
30 19
31 19
36 19
38 19
44 19
46 19
47 19
50 19
55 19
64 19
67 19
69 19
71 19
74 19
77 19
79 19
81 19
91 19
93 19
94 19
95 19
99 19
100 19
3 20
9 20
10 20
11 20
12 20
13 20
16 20
22 20
23 20
27 20
34 20
40 20
48 20
49 20
50 20
62 20
71 20
74 20
77 20
78 20
82 20
83 20
90 20
92 20
3 21
6 21
10 21
13 21
14 21
20 21
21 21
29 21
31 21
34 21
39 21
40 21
42 21
47 21
50 21
51 21
52 21
64 21
72 21
79 21
87 21
93 21
97 21
2 22
10 22
15 22
16 22
18 22
26 22
30 22
33 22
38 22
43 22
51 22
53 22
55 22
69 22
75 22
78 22
93 22
98 22
1 23
2 23
12 23
16 23
17 23
20 23
23 23
27 23
28 23
32 23
36 23
38 23
46 23
47 23
52 23
55 23
58 23
63 23
69 23
75 23
78 23
82 23
85 23
91 23
93 23
98 23
99 23
6 24
7 24
14 24
18 24
19 24
23 24
26 24
32 24
36 24
42 24
48 24
49 24
58 24
62 24
64 24
68 24
71 24
72 24
73 24
74 24
85 24
94 24
97 24
100 24
1 25
3 25
9 25
10 25
11 25
12 25
19 25
24 25
28 25
32 25
38 25
43 25
49 25
52 25
53 25
59 25
67 25
68 25
69 25
72 25
73 25
81 25
85 25
90 25
94 25
96 25
1 26
4 26
9 26
10 26
11 26
12 26
13 26
15 26
18 26
23 26
27 26
35 26
39 26
42 26
44 26
48 26
50 26
52 26
55 26
63 26
64 26
65 26
66 26
72 26
74 26
75 26
79 26
81 26
83 26
87 26
93 26
95 26
100 26
2 27
6 27
9 27
14 27
25 27
26 27
29 27
30 27
38 27
39 27
48 27
51 27
52 27
53 27
61 27
65 27
66 27
70 27
73 27
84 27
85 27
89 27
90 27
94 27
98 27
100 27
4 28
8 28
14 28
15 28
16 28
18 28
21 28
24 28
28 28
31 28
33 28
35 28
36 28
41 28
44 28
48 28
51 28
52 28
53 28
54 28
56 28
58 28
61 28
66 28
75 28
76 28
79 28
83 28
87 28
88 28
89 28
5 29
8 29
10 29
15 29
18 29
19 29
20 29
22 29
25 29
27 29
29 29
30 29
35 29
37 29
49 29
50 29
51 29
53 29
55 29
57 29
59 29
61 29
71 29
76 29
77 29
90 29
93 29
98 29
100 29
4 30
6 30
12 30
13 30
14 30
15 30
24 30
35 30
46 30
51 30
52 30
53 30
62 30
63 30
69 30
81 30
94 30
3 31
6 31
7 31
10 31
12 31
17 31
23 31
25 31
27 31
28 31
30 31
33 31
36 31
39 31
46 31
47 31
48 31
50 31
51 31
52 31
54 31
56 31
59 31
63 31
64 31
65 31
68 31
73 31
77 31
79 31
83 31
89 31
92 31
95 31
98 31
1 32
5 32
8 32
11 32
12 32
13 32
19 32
28 32
29 32
34 32
37 32
38 32
44 32
48 32
51 32
52 32
54 32
56 32
58 32
59 32
60 32
72 32
74 32
76 32
77 32
82 32
85 32
87 32
92 32
93 32
94 32
97 32
7 33
14 33
18 33
20 33
24 33
25 33
30 33
41 33
43 33
45 33
48 33
49 33
51 33
55 33
60 33
63 33
65 33
67 33
71 33
88 33
95 33
96 33
2 34
3 34
4 34
5 34
7 34
8 34
12 34
13 34
16 34
21 34
25 34
32 34
36 34
37 34
38 34
41 34
47 34
50 34
51 34
58 34
60 34
63 34
70 34
73 34
79 34
81 34
88 34
90 34
92 34
95 34
2 35
3 35
5 35
6 35
9 35
12 35
21 35
25 35
28 35
32 35
37 35
41 35
47 35
51 35
52 35
53 35
58 35
59 35
66 35
71 35
73 35
76 35
77 35
81 35
84 35
87 35
89 35
92 35
94 35
95 35
98 35
8 36
13 36
15 36
22 36
24 36
27 36
28 36
31 36
33 36
35 36
36 36
37 36
40 36
41 36
47 36
55 36
71 36
73 36
83 36
89 36
93 36
94 36
96 36
97 36
98 36
2 37
3 37
4 37
12 37
15 37
19 37
28 37
33 37
38 37
43 37
45 37
49 37
52 37
54 37
56 37
58 37
59 37
63 37
65 37
66 37
77 37
91 37
1 38
8 38
10 38
13 38
16 38
17 38
26 38
30 38
47 38
50 38
53 38
55 38
56 38
57 38
60 38
61 38
62 38
63 38
74 38
75 38
76 38
83 38
87 38
90 38
96 38
100 38
1 39
2 39
9 39
10 39
12 39
14 39
21 39
28 39
31 39
38 39
39 39
49 39
50 39
52 39
53 39
55 39
58 39
59 39
61 39
62 39
63 39
66 39
68 39
69 39
71 39
73 39
75 39
83 39
85 39
86 39
90 39
91 39
95 39
98 39
6 40
8 40
16 40
18 40
37 40
38 40
40 40
42 40
49 40
54 40
56 40
58 40
61 40
62 40
66 40
70 40
73 40
77 40
85 40
88 40
90 40
91 40
2 41
3 41
4 41
6 41
7 41
18 41
19 41
20 41
23 41
26 41
28 41
33 41
34 41
36 41
38 41
39 41
40 41
45 41
46 41
59 41
62 41
69 41
77 41
78 41
86 41
89 41
90 41
93 41
100 41
1 42
2 42
9 42
12 42
13 42
15 42
26 42
28 42
33 42
43 42
49 42
57 42
59 42
64 42
71 42
90 42
93 42
94 42
97 42
1 43
2 43
3 43
4 43
18 43
19 43
20 43
22 43
23 43
32 43
43 43
45 43
46 43
56 43
57 43
59 43
62 43
67 43
75 43
77 43
84 43
86 43
89 43
90 43
91 43
92 43
93 43
97 43
1 44
4 44
6 44
10 44
15 44
24 44
27 44
34 44
41 44
46 44
49 44
63 44
65 44
67 44
68 44
69 44
73 44
78 44
85 44
94 44
97 44
100 44
1 45
2 45
8 45
14 45
18 45
23 45
25 45
26 45
29 45
35 45
36 45
39 45
44 45
47 45
48 45
52 45
54 45
64 45
66 45
67 45
70 45
72 45
75 45
77 45
87 45
91 45
95 45
97 45
6 46
7 46
10 46
11 46
15 46
18 46
23 46
27 46
28 46
30 46
31 46
36 46
42 46
44 46
45 46
48 46
50 46
56 46
60 46
61 46
63 46
64 46
65 46
66 46
70 46
72 46
75 46
79 46
86 46
87 46
88 46
89 46
95 46
97 46
1 47
5 47
7 47
11 47
12 47
14 47
18 47
23 47
24 47
28 47
31 47
33 47
37 47
38 47
41 47
45 47
46 47
48 47
53 47
59 47
60 47
64 47
71 47
80 47
83 47
84 47
87 47
88 47
92 47
95 47
96 47
99 47
1 48
8 48
11 48
21 48
23 48
24 48
30 48
31 48
33 48
37 48
39 48
43 48
44 48
50 48
52 48
53 48
60 48
61 48
64 48
65 48
66 48
69 48
70 48
72 48
75 48
77 48
80 48
84 48
89 48
90 48
95 48
100 48
5 49
12 49
13 49
22 49
24 49
25 49
29 49
31 49
33 49
34 49
37 49
38 49
39 49
40 49
46 49
58 49
62 49
63 49
64 49
67 49
74 49
75 49
87 49
1 50
5 50
9 50
15 50
18 50
19 50
26 50
35 50
38 50
46 50
51 50
53 50
55 50
61 50
67 50
68 50
69 50
74 50
79 50
84 50
97 50
1 51
5 51
12 51
13 51
18 51
20 51
24 51
31 51
34 51
36 51
42 51
43 51
46 51
51 51
53 51
59 51
60 51
66 51
68 51
71 51
81 51
90 51
91 51
97 51
98 51
2 52
6 52
9 52
17 52
19 52
28 52
30 52
32 52
33 52
36 52
39 52
40 52
52 52
66 52
72 52
73 52
80 52
81 52
89 52
90 52
93 52
99 52
2 53
3 53
7 53
8 53
10 53
11 53
12 53
16 53
25 53
30 53
36 53
40 53
43 53
44 53
45 53
47 53
48 53
51 53
58 53
62 53
73 53
78 53
83 53
88 53
93 53
94 53
95 53
97 53
4 54
5 54
11 54
12 54
15 54
18 54
19 54
21 54
24 54
29 54
33 54
35 54
36 54
38 54
44 54
45 54
53 54
58 54
60 54
61 54
63 54
77 54
79 54
89 54
90 54
93 54
100 54
3 55
4 55
5 55
8 55
9 55
14 55
15 55
17 55
19 55
24 55
27 55
31 55
45 55
49 55
51 55
57 55
64 55
72 55
73 55
84 55
86 55
87 55
91 55
92 55
95 55
100 55
3 56
4 56
13 56
17 56
18 56
19 56
22 56
27 56
28 56
30 56
31 56
35 56
36 56
42 56
44 56
47 56
52 56
53 56
56 56
60 56
64 56
66 56
68 56
69 56
78 56
85 56
89 56
90 56
92 56
93 56
96 56
3 57
15 57
17 57
18 57
19 57
29 57
34 57
38 57
39 57
40 57
41 57
45 57
46 57
52 57
53 57
58 57
59 57
72 57
78 57
83 57
88 57
92 57
93 57
95 57
98 57
5 58
7 58
18 58
28 58
29 58
31 58
36 58
48 58
60 58
63 58
65 58
73 58
74 58
76 58
78 58
79 58
81 58
87 58
88 58
89 58
96 58
98 58
1 59
7 59
12 59
16 59
25 59
26 59
28 59
35 59
37 59
45 59
47 59
57 59
59 59
63 59
67 59
69 59
71 59
81 59
85 59
87 59
99 59
4 60
6 60
7 60
8 60
9 60
15 60
19 60
22 60
26 60
28 60
29 60
31 60
33 60
38 60
42 60
45 60
52 60
55 60
58 60
64 60
66 60
67 60
68 60
73 60
77 60
91 60
92 60
97 60
100 60
5 61
13 61
15 61
21 61
27 61
43 61
46 61
51 61
52 61
60 61
61 61
62 61
67 61
70 61
82 61
84 61
86 61
87 61
95 61
99 61
2 62
13 62
15 62
16 62
27 62
30 62
32 62
33 62
34 62
36 62
39 62
40 62
43 62
44 62
54 62
59 62
60 62
62 62
63 62
70 62
74 62
75 62
79 62
83 62
84 62
85 62
88 62
89 62
91 62
6 63
8 63
14 63
16 63
24 63
26 63
40 63
41 63
46 63
52 63
53 63
55 63
58 63
61 63
63 63
65 63
68 63
75 63
79 63
80 63
81 63
84 63
85 63
87 63
88 63
89 63
92 63
93 63
94 63
97 63
98 63
6 64
9 64
10 64
13 64
15 64
17 64
25 64
28 64
31 64
34 64
46 64
47 64
49 64
55 64
56 64
65 64
67 64
73 64
81 64
82 64
87 64
88 64
89 64
6 65
9 65
17 65
24 65
26 65
27 65
29 65
36 65
40 65
41 65
47 65
52 65
54 65
55 65
61 65
65 65
70 65
88 65
90 65
91 65
93 65
96 65
97 65
100 65
1 66
2 66
11 66
20 66
21 66
28 66
32 66
33 66
34 66
35 66
37 66
41 66
42 66
43 66
45 66
47 66
54 66
56 66
58 66
70 66
71 66
73 66
81 66
91 66
98 66
10 67
15 67
24 67
28 67
29 67
33 67
37 67
41 67
44 67
51 67
52 67
54 67
62 67
63 67
87 67
89 67
92 67
96 67
98 67
100 67
3 68
5 68
17 68
27 68
28 68
29 68
36 68
38 68
44 68
49 68
58 68
59 68
60 68
63 68
65 68
71 68
74 68
75 68
76 68
77 68
89 68
91 68
95 68
97 68
5 69
6 69
9 69
14 69
15 69
17 69
20 69
32 69
37 69
43 69
47 69
49 69
52 69
55 69
65 69
72 69
74 69
77 69
79 69
80 69
87 69
88 69
92 69
98 69
100 69
2 70
5 70
9 70
10 70
11 70
15 70
18 70
19 70
23 70
25 70
28 70
30 70
32 70
33 70
37 70
46 70
54 70
55 70
68 70
69 70
71 70
72 70
76 70
77 70
81 70
84 70
86 70
87 70
94 70
1 71
3 71
4 71
6 71
8 71
10 71
15 71
19 71
25 71
27 71
28 71
31 71
32 71
33 71
35 71
41 71
46 71
48 71
54 71
58 71
59 71
69 71
70 71
73 71
81 71
82 71
84 71
85 71
89 71
91 71
93 71
94 71
98 71
100 71
5 72
8 72
9 72
13 72
19 72
21 72
23 72
24 72
33 72
34 72
35 72
40 72
48 72
56 72
58 72
59 72
63 72
64 72
66 72
69 72
71 72
73 72
79 72
84 72
94 72
1 73
2 73
3 73
5 73
18 73
31 73
32 73
56 73
63 73
68 73
69 73
73 73
74 73
75 73
85 73
88 73
90 73
97 73
98 73
3 74
13 74
14 74
17 74
23 74
24 74
25 74
41 74
44 74
50 74
56 74
66 74
68 74
69 74
70 74
88 74
91 74
92 74
98 74
99 74
2 75
3 75
6 75
15 75
24 75
30 75
32 75
41 75
42 75
46 75
47 75
51 75
55 75
59 75
63 75
65 75
66 75
73 75
74 75
87 75
88 75
89 75
92 75
94 75
99 75
3 76
11 76
14 76
23 76
25 76
34 76
36 76
38 76
40 76
44 76
48 76
49 76
54 76
55 76
60 76
66 76
77 76
78 76
87 76
91 76
92 76
93 76
95 76
100 76
2 77
8 77
10 77
12 77
13 77
17 77
19 77
20 77
21 77
22 77
23 77
24 77
25 77
27 77
31 77
39 77
47 77
52 77
54 77
57 77
62 77
64 77
65 77
67 77
68 77
73 77
75 77
79 77
82 77
83 77
88 77
89 77
99 77
1 78
13 78
14 78
22 78
25 78
27 78
37 78
45 78
46 78
47 78
48 78
49 78
52 78
54 78
62 78
65 78
71 78
80 78
88 78
89 78
91 78
4 79
7 79
14 79
16 79
18 79
26 79
30 79
34 79
35 79
37 79
38 79
45 79
50 79
53 79
55 79
57 79
59 79
68 79
69 79
72 79
76 79
85 79
87 79
88 79
98 79
4 80
7 80
12 80
13 80
14 80
15 80
17 80
20 80
26 80
42 80
44 80
46 80
52 80
67 80
71 80
73 80
74 80
76 80
79 80
82 80
83 80
90 80
5 81
6 81
11 81
13 81
14 81
23 81
34 81
41 81
45 81
50 81
55 81
66 81
67 81
70 81
79 81
91 81
94 81
100 81
7 82
11 82
12 82
13 82
14 82
15 82
18 82
22 82
31 82
32 82
33 82
34 82
36 82
38 82
40 82
49 82
52 82
56 82
58 82
59 82
69 82
74 82
78 82
81 82
82 82
83 82
87 82
91 82
92 82
93 82
95 82
96 82
1 83
3 83
10 83
11 83
13 83
15 83
18 83
20 83
23 83
35 83
44 83
45 83
46 83
48 83
56 83
62 83
64 83
65 83
67 83
69 83
71 83
82 83
89 83
91 83
94 83
96 83
5 84
7 84
12 84
19 84
21 84
23 84
25 84
27 84
29 84
31 84
35 84
40 84
42 84
45 84
48 84
51 84
55 84
59 84
63 84
73 84
76 84
84 84
88 84
93 84
94 84
6 85
11 85
12 85
13 85
17 85
22 85
25 85
27 85
30 85
33 85
40 85
41 85
46 85
50 85
52 85
54 85
61 85
66 85
69 85
70 85
75 85
83 85
85 85
88 85
93 85
2 86
9 86
10 86
15 86
18 86
24 86
31 86
33 86
38 86
47 86
51 86
55 86
57 86
63 86
65 86
68 86
72 86
73 86
77 86
78 86
79 86
82 86
85 86
86 86
89 86
92 86
93 86
99 86
4 87
7 87
9 87
14 87
15 87
17 87
22 87
24 87
25 87
29 87
34 87
35 87
44 87
48 87
52 87
58 87
59 87
65 87
70 87
73 87
74 87
84 87
85 87
91 87
98 87
99 87
3 88
6 88
9 88
12 88
14 88
18 88
19 88
22 88
25 88
29 88
32 88
37 88
39 88
40 88
42 88
44 88
47 88
50 88
53 88
57 88
59 88
62 88
66 88
67 88
73 88
78 88
84 88
89 88
93 88
95 88
97 88
100 88
2 89
4 89
13 89
20 89
26 89
32 89
34 89
35 89
36 89
38 89
46 89
50 89
53 89
60 89
61 89
62 89
65 89
67 89
72 89
73 89
75 89
85 89
88 89
92 89
95 89
97 89
1 90
4 90
5 90
6 90
15 90
18 90
20 90
30 90
31 90
32 90
37 90
40 90
42 90
46 90
50 90
52 90
72 90
75 90
81 90
83 90
85 90
86 90
87 90
89 90
90 90
91 90
94 90
97 90
100 90
1 91
6 91
11 91
12 91
16 91
18 91
51 91
55 91
58 91
62 91
69 91
70 91
72 91
73 91
75 91
77 91
85 91
86 91
88 91
91 91
93 91
99 91
2 92
6 92
11 92
28 92
29 92
30 92
31 92
35 92
36 92
44 92
46 92
59 92
64 92
65 92
67 92
77 92
84 92
90 92
91 92
95 92
99 92
100 92
2 93
3 93
4 93
8 93
9 93
10 93
11 93
19 93
20 93
29 93
31 93
32 93
35 93
36 93
38 93
43 93
45 93
46 93
47 93
48 93
54 93
56 93
58 93
60 93
63 93
67 93
69 93
70 93
73 93
80 93
94 93
98 93
1 94
2 94
7 94
8 94
9 94
17 94
20 94
23 94
28 94
34 94
35 94
36 94
40 94
41 94
53 94
57 94
59 94
64 94
69 94
70 94
71 94
76 94
79 94
81 94
82 94
85 94
86 94
88 94
93 94
99 94
2 95
4 95
8 95
12 95
20 95
24 95
25 95
27 95
28 95
29 95
31 95
32 95
35 95
38 95
39 95
45 95
48 95
52 95
55 95
57 95
59 95
65 95
69 95
70 95
71 95
74 95
77 95
79 95
82 95
83 95
84 95
87 95
96 95
1 96
5 96
11 96
14 96
18 96
25 96
26 96
28 96
33 96
34 96
36 96
38 96
40 96
43 96
64 96
68 96
75 96
81 96
82 96
84 96
86 96
7 97
11 97
15 97
17 97
20 97
25 97
33 97
37 97
41 97
43 97
50 97
65 97
66 97
69 97
72 97
78 97
83 97
84 97
87 97
91 97
97 97
100 97
1 98
4 98
6 98
10 98
30 98
31 98
34 98
36 98
42 98
45 98
50 98
54 98
59 98
63 98
64 98
66 98
70 98
71 98
74 98
79 98
86 98
87 98
91 98
93 98
2 99
4 99
5 99
9 99
14 99
15 99
18 99
21 99
23 99
28 99
32 99
38 99
39 99
41 99
48 99
52 99
55 99
57 99
59 99
61 99
63 99
65 99
68 99
73 99
78 99
89 99
95 99
99 99
100 99
1 100
6 100
8 100
12 100
13 100
19 100
24 100
25 100
29 100
33 100
36 100
45 100
47 100
48 100
55 100
59 100
61 100
62 100
63 100
77 100
85 100
87 100
96 100
100 100
