100
1 1
3 1
7 1
9 1
17 1
19 1
23 1
27 1
32 1
34 1
35 1
41 1
42 1
44 1
49 1
50 1
53 1
55 1
57 1
60 1
62 1
83 1
84 1
87 1
88 1
90 1
93 1
95 1
98 1
99 1
3 2
10 2
16 2
33 2
35 2
36 2
38 2
42 2
45 2
54 2
58 2
60 2
62 2
66 2
67 2
70 2
71 2
78 2
81 2
83 2
86 2
90 2
3 3
4 3
5 3
6 3
19 3
20 3
25 3
26 3
27 3
29 3
30 3
31 3
33 3
40 3
41 3
42 3
51 3
58 3
63 3
69 3
71 3
74 3
75 3
81 3
87 3
91 3
95 3
9 4
13 4
17 4
19 4
20 4
21 4
22 4
23 4
26 4
27 4
29 4
30 4
41 4
48 4
52 4
56 4
62 4
66 4
67 4
70 4
73 4
82 4
92 4
93 4
95 4
97 4
98 4
100 4
1 5
3 5
8 5
10 5
14 5
17 5
21 5
24 5
32 5
36 5
43 5
44 5
46 5
48 5
49 5
55 5
58 5
59 5
62 5
68 5
70 5
78 5
79 5
84 5
86 5
87 5
88 5
92 5
96 5
97 5
100 5
12 6
14 6
16 6
22 6
23 6
29 6
31 6
38 6
41 6
56 6
59 6
63 6
65 6
74 6
80 6
90 6
94 6
95 6
96 6
1 7
5 7
9 7
14 7
20 7
24 7
25 7
27 7
29 7
30 7
31 7
39 7
40 7
42 7
45 7
61 7
69 7
71 7
72 7
73 7
80 7
81 7
87 7
90 7
93 7
94 7
97 7
3 8
8 8
12 8
20 8
23 8
24 8
30 8
31 8
33 8
36 8
45 8
46 8
48 8
49 8
50 8
55 8
64 8
65 8
66 8
67 8
70 8
71 8
72 8
80 8
81 8
89 8
96 8
99 8
1 9
14 9
16 9
17 9
20 9
23 9
24 9
26 9
30 9
35 9
36 9
40 9
47 9
49 9
52 9
53 9
57 9
62 9
70 9
73 9
76 9
82 9
87 9
89 9
90 9
91 9
92 9
95 9
100 9
2 10
4 10
7 10
11 10
14 10
17 10
26 10
33 10
35 10
36 10
48 10
53 10
62 10
68 10
69 10
70 10
72 10
83 10
87 10
96 10
99 10
100 10
12 11
14 11
18 11
19 11
21 11
23 11
25 11
26 11
35 11
36 11
38 11
41 11
43 11
46 11
47 11
55 11
57 11
61 11
66 11
68 11
71 11
76 11
78 11
80 11
81 11
84 11
87 11
94 11
96 11
98 11
5 12
6 12
7 12
11 12
27 12
28 12
37 12
38 12
39 12
42 12
43 12
45 12
47 12
54 12
59 12
60 12
62 12
88 12
91 12
96 12
97 12
98 12
99 12
3 13
8 13
11 13
12 13
18 13
23 13
25 13
32 13
34 13
38 13
45 13
48 13
53 13
56 13
57 13
60 13
64 13
65 13
68 13
72 13
76 13
84 13
87 13
89 13
95 13
99 13
100 13
12 14
13 14
15 14
17 14
22 14
27 14
33 14
43 14
49 14
52 14
54 14
64 14
72 14
78 14
88 14
89 14
95 14
6 15
10 15
18 15
19 15
22 15
24 15
35 15
43 15
53 15
55 15
60 15
70 15
71 15
72 15
73 15
74 15
77 15
88 15
93 15
97 15
99 15
100 15
2 16
4 16
7 16
9 16
13 16
15 16
19 16
23 16
27 16
29 16
33 16
34 16
42 16
43 16
44 16
54 16
55 16
61 16
64 16
65 16
67 16
68 16
72 16
85 16
86 16
87 16
88 16
94 16
96 16
3 17
7 17
10 17
23 17
35 17
36 17
40 17
48 17
49 17
50 17
51 17
53 17
56 17
57 17
59 17
61 17
65 17
66 17
67 17
70 17
71 17
72 17
74 17
78 17
85 17
91 17
96 17
10 18
13 18
28 18
31 18
32 18
42 18
43 18
48 18
49 18
51 18
52 18
53 18
56 18
70 18
72 18
77 18
81 18
83 18
87 18
88 18
89 18
94 18
95 18
96 18
98 18
2 19
3 19
5 19
6 19
14 19
24 19
25 19
28 19
34 19
37 19
39 19
41 19
45 19
50 19
52 19
64 19
65 19
66 19
67 19
73 19
79 19
81 19
83 19
84 19
86 19
87 19
88 19
91 19
95 19
7 20
8 20
16 20
24 20
26 20
32 20
33 20
35 20
36 20
41 20
43 20
50 20
54 20
57 20
58 20
59 20
64 20
77 20
87 20
88 20
90 20
92 20
96 20
97 20
2 21
4 21
6 21
16 21
20 21
24 21
25 21
29 21
31 21
38 21
39 21
41 21
49 21
54 21
57 21
58 21
62 21
65 21
67 21
72 21
75 21
79 21
80 21
81 21
90 21
94 21
99 21
9 22
12 22
13 22
21 22
22 22
26 22
36 22
40 22
45 22
46 22
49 22
54 22
57 22
59 22
65 22
73 22
76 22
81 22
82 22
88 22
92 22
93 22
96 22
97 22
1 23
3 23
7 23
9 23
12 23
20 23
23 23
29 23
33 23
46 23
52 23
53 23
56 23
57 23
59 23
61 23
68 23
70 23
78 23
85 23
86 23
87 23
91 23
94 23
96 23
98 23
1 24
6 24
7 24
13 24
16 24
18 24
19 24
20 24
25 24
28 24
31 24
32 24
34 24
43 24
45 24
49 24
58 24
61 24
62 24
63 24
73 24
74 24
78 24
80 24
81 24
83 24
88 24
97 24
3 25
6 25
8 25
9 25
14 25
15 25
17 25
18 25
23 25
25 25
29 25
38 25
39 25
45 25
46 25
54 25
64 25
68 25
70 25
72 25
74 25
86 25
4 26
5 26
6 26
7 26
8 26
9 26
10 26
19 26
20 26
21 26
25 26
27 26
31 26
34 26
43 26
45 26
46 26
47 26
48 26
51 26
52 26
54 26
62 26
63 26
65 26
67 26
71 26
74 26
78 26
86 26
87 26
88 26
89 26
90 26
92 26
96 26
9 27
11 27
16 27
18 27
20 27
25 27
28 27
33 27
46 27
55 27
62 27
67 27
71 27
72 27
73 27
81 27
88 27
90 27
100 27
14 28
16 28
17 28
18 28
19 28
26 28
36 28
37 28
43 28
58 28
60 28
66 28
70 28
71 28
77 28
79 28
80 28
86 28
90 28
91 28
98 28
99 28
4 29
7 29
16 29
24 29
31 29
40 29
41 29
52 29
53 29
64 29
71 29
72 29
73 29
78 29
83 29
85 29
87 29
88 29
89 29
96 29
97 29
99 29
10 30
12 30
15 30
29 30
30 30
32 30
33 30
34 30
39 30
43 30
44 30
48 30
51 30
55 30
57 30
62 30
71 30
73 30
75 30
77 30
82 30
85 30
93 30
98 30
100 30
1 31
13 31
18 31
23 31
27 31
32 31
38 31
39 31
43 31
44 31
52 31
57 31
59 31
62 31
73 31
74 31
75 31
87 31
92 31
96 31
98 31
1 32
3 32
4 32
8 32
9 32
10 32
18 32
21 32
23 32
29 32
30 32
35 32
38 32
39 32
43 32
47 32
48 32
56 32
62 32
73 32
80 32
91 32
92 32
94 32
95 32
97 32
100 32
1 33
7 33
13 33
23 33
24 33
29 33
46 33
47 33
48 33
50 33
53 33
60 33
65 33
70 33
71 33
74 33
81 33
82 33
88 33
99 33
9 34
10 34
11 34
14 34
18 34
33 34
37 34
39 34
42 34
45 34
47 34
49 34
54 34
64 34
65 34
78 34
80 34
84 34
87 34
90 34
1 35
6 35
7 35
16 35
17 35
20 35
23 35
34 35
38 35
43 35
48 35
50 35
52 35
53 35
57 35
66 35
67 35
68 35
82 35
83 35
84 35
85 35
93 35
98 35
99 35
2 36
3 36
6 36
7 36
13 36
14 36
19 36
22 36
32 36
33 36
34 36
35 36
39 36
41 36
51 36
55 36
63 36
66 36
89 36
92 36
96 36
10 37
13 37
18 37
19 37
34 37
39 37
57 37
58 37
59 37
61 37
62 37
68 37
69 37
71 37
73 37
74 37
75 37
76 37
83 37
86 37
90 37
95 37
100 37
3 38
7 38
10 38
12 38
16 38
28 38
29 38
35 38
38 38
41 38
52 38
53 38
62 38
65 38
66 38
68 38
78 38
82 38
85 38
96 38
99 38
1 39
5 39
11 39
17 39
22 39
31 39
33 39
35 39
41 39
44 39
49 39
56 39
60 39
61 39
62 39
64 39
68 39
70 39
71 39
72 39
73 39
74 39
82 39
91 39
5 40
7 40
10 40
19 40
27 40
29 40
32 40
33 40
35 40
36 40
38 40
42 40
45 40
49 40
54 40
61 40
63 40
71 40
77 40
79 40
81 40
84 40
86 40
89 40
99 40
12 41
13 41
14 41
17 41
20 41
24 41
30 41
32 41
39 41
42 41
43 41
53 41
58 41
59 41
64 41
69 41
71 41
73 41
74 41
77 41
79 41
83 41
86 41
1 42
6 42
16 42
18 42
22 42
23 42
24 42
31 42
32 42
37 42
41 42
48 42
50 42
51 42
52 42
53 42
54 42
60 42
61 42
64 42
71 42
73 42
84 42
85 42
88 42
92 42
95 42
99 42
100 42
3 43
5 43
9 43
15 43
24 43
29 43
37 43
45 43
46 43
50 43
52 43
53 43
54 43
56 43
65 43
67 43
70 43
76 43
78 43
92 43
99 43
2 44
5 44
11 44
17 44
19 44
25 44
28 44
31 44
35 44
36 44
43 44
56 44
57 44
65 44
69 44
70 44
72 44
74 44
75 44
85 44
90 44
92 44
94 44
96 44
100 44
1 45
2 45
6 45
12 45
14 45
15 45
24 45
28 45
32 45
37 45
41 45
46 45
47 45
48 45
52 45
55 45
58 45
59 45
72 45
75 45
83 45
88 45
90 45
94 45
99 45
4 46
6 46
8 46
14 46
16 46
26 46
30 46
35 46
38 46
39 46
45 46
50 46
51 46
53 46
55 46
62 46
63 46
64 46
67 46
70 46
71 46
73 46
83 46
84 46
86 46
87 46
92 46
95 46
97 46
100 46
6 47
17 47
18 47
20 47
32 47
41 47
43 47
64 47
69 47
80 47
82 47
89 47
95 47
98 47
2 48
14 48
21 48
23 48
25 48
31 48
33 48
34 48
38 48
39 48
48 48
50 48
52 48
57 48
62 48
72 48
83 48
88 48
92 48
93 48
99 48
2 49
6 49
7 49
13 49
22 49
29 49
35 49
37 49
38 49
42 49
46 49
51 49
53 49
62 49
63 49
67 49
70 49
72 49
80 49
90 49
94 49
96 49
1 50
2 50
5 50
9 50
11 50
14 50
17 50
23 50
24 50
26 50
36 50
39 50
47 50
48 50
49 50
54 50
58 50
60 50
71 50
72 50
73 50
77 50
93 50
100 50
1 51
13 51
22 51
26 51
35 51
36 51
39 51
47 51
53 51
54 51
56 51
57 51
58 51
61 51
62 51
68 51
72 51
73 51
74 51
77 51
93 51
96 51
1 52
6 52
7 52
10 52
12 52
15 52
21 52
23 52
25 52
35 52
37 52
41 52
52 52
56 52
66 52
69 52
70 52
75 52
84 52
94 52
98 52
9 53
13 53
16 53
20 53
21 53
23 53
29 53
30 53
31 53
32 53
33 53
40 53
42 53
48 53
59 53
61 53
68 53
79 53
90 53
91 53
95 53
1 54
6 54
8 54
17 54
21 54
23 54
27 54
30 54
33 54
36 54
38 54
46 54
51 54
55 54
56 54
60 54
61 54
72 54
73 54
74 54
76 54
77 54
79 54
85 54
89 54
90 54
96 54
1 55
4 55
17 55
21 55
23 55
25 55
31 55
34 55
36 55
38 55
40 55
42 55
52 55
57 55
59 55
62 55
66 55
68 55
70 55
80 55
81 55
83 55
86 55
92 55
93 55
94 55
97 55
3 56
7 56
10 56
15 56
16 56
25 56
28 56
37 56
39 56
44 56
47 56
48 56
53 56
56 56
62 56
72 56
74 56
77 56
79 56
82 56
83 56
87 56
89 56
100 56
3 57
5 57
6 57
8 57
9 57
17 57
28 57
32 57
35 57
36 57
40 57
43 57
46 57
47 57
54 57
66 57
69 57
74 57
77 57
82 57
99 57
3 58
6 58
9 58
10 58
12 58
13 58
18 58
23 58
25 58
28 58
34 58
37 58
39 58
42 58
51 58
59 58
65 58
67 58
75 58
77 58
80 58
84 58
85 58
93 58
94 58
6 59
8 59
9 59
10 59
15 59
16 59
17 59
18 59
22 59
25 59
28 59
32 59
34 59
39 59
44 59
59 59
68 59
78 59
79 59
83 59
92 59
93 59
98 59
6 60
8 60
9 60
14 60
15 60
16 60
17 60
18 60
21 60
23 60
27 60
31 60
33 60
38 60
42 60
43 60
47 60
51 60
52 60
57 60
65 60
67 60
75 60
91 60
93 60
95 60
10 61
11 61
13 61
14 61
15 61
16 61
28 61
31 61
32 61
38 61
39 61
41 61
47 61
50 61
51 61
53 61
68 61
76 61
80 61
83 61
85 61
87 61
89 61
92 61
100 61
7 62
8 62
11 62
12 62
21 62
23 62
25 62
29 62
44 62
45 62
50 62
53 62
55 62
60 62
62 62
68 62
70 62
74 62
80 62
84 62
85 62
87 62
89 62
96 62
99 62
2 63
5 63
7 63
8 63
9 63
17 63
19 63
37 63
39 63
45 63
52 63
53 63
56 63
59 63
64 63
67 63
74 63
76 63
77 63
78 63
80 63
83 63
86 63
88 63
91 63
92 63
99 63
1 64
2 64
17 64
18 64
24 64
30 64
35 64
36 64
39 64
46 64
52 64
56 64
68 64
71 64
84 64
86 64
89 64
94 64
95 64
96 64
1 65
5 65
6 65
11 65
15 65
20 65
22 65
40 65
42 65
45 65
61 65
69 65
77 65
79 65
82 65
87 65
88 65
93 65
99 65
4 66
5 66
7 66
10 66
20 66
36 66
39 66
43 66
48 66
51 66
54 66
58 66
60 66
62 66
65 66
67 66
68 66
69 66
71 66
75 66
84 66
86 66
87 66
94 66
96 66
99 66
7 67
18 67
21 67
24 67
28 67
30 67
35 67
37 67
39 67
42 67
43 67
46 67
49 67
55 67
59 67
73 67
74 67
76 67
81 67
87 67
89 67
92 67
95 67
97 67
98 67
99 67
2 68
5 68
6 68
11 68
20 68
24 68
28 68
29 68
30 68
36 68
46 68
54 68
56 68
57 68
59 68
63 68
66 68
72 68
79 68
83 68
87 68
88 68
97 68
2 69
6 69
11 69
13 69
14 69
15 69
20 69
22 69
25 69
27 69
40 69
41 69
42 69
46 69
52 69
55 69
57 69
61 69
62 69
65 69
69 69
74 69
75 69
89 69
94 69
99 69
6 70
9 70
10 70
14 70
15 70
19 70
20 70
21 70
26 70
28 70
31 70
32 70
33 70
34 70
35 70
36 70
37 70
38 70
45 70
46 70
47 70
62 70
63 70
64 70
65 70
73 70
78 70
79 70
87 70
88 70
91 70
99 70
3 71
4 71
6 71
22 71
24 71
43 71
47 71
50 71
68 71
74 71
75 71
79 71
81 71
83 71
84 71
89 71
91 71
93 71
100 71
4 72
7 72
17 72
24 72
32 72
40 72
41 72
48 72
54 72
55 72
58 72
60 72
71 72
75 72
77 72
79 72
80 72
83 72
84 72
88 72
89 72
98 72
3 73
6 73
7 73
27 73
30 73
33 73
41 73
43 73
45 73
47 73
64 73
69 73
71 73
74 73
80 73
81 73
88 73
89 73
91 73
93 73
95 73
96 73
1 74
10 74
11 74
12 74
14 74
22 74
26 74
31 74
37 74
38 74
41 74
44 74
51 74
64 74
65 74
69 74
70 74
71 74
79 74
83 74
86 74
90 74
91 74
95 74
97 74
98 74
100 74
3 75
4 75
20 75
27 75
37 75
42 75
51 75
52 75
54 75
58 75
61 75
74 75
78 75
82 75
84 75
97 75
98 75
99 75
8 76
16 76
19 76
20 76
24 76
25 76
28 76
32 76
38 76
44 76
47 76
61 76
71 76
72 76
78 76
79 76
83 76
88 76
89 76
92 76
94 76
12 77
13 77
14 77
17 77
18 77
21 77
33 77
35 77
36 77
37 77
39 77
49 77
52 77
53 77
57 77
64 77
70 77
77 77
79 77
80 77
84 77
86 77
94 77
95 77
99 77
1 78
2 78
7 78
12 78
13 78
15 78
17 78
21 78
22 78
30 78
40 78
41 78
46 78
47 78
54 78
56 78
59 78
64 78
69 78
71 78
78 78
80 78
86 78
88 78
95 78
100 78
2 79
13 79
15 79
16 79
18 79
20 79
21 79
23 79
24 79
26 79
31 79
32 79
34 79
35 79
37 79
38 79
39 79
41 79
45 79
55 79
65 79
67 79
72 79
78 79
79 79
85 79
89 79
92 79
94 79
96 79
2 80
8 80
9 80
14 80
20 80
22 80
24 80
29 80
35 80
36 80
37 80
51 80
52 80
65 80
68 80
69 80
73 80
83 80
88 80
100 80
2 81
8 81
16 81
23 81
27 81
30 81
36 81
37 81
43 81
48 81
55 81
58 81
64 81
68 81
73 81
77 81
80 81
83 81
84 81
87 81
88 81
89 81
1 82
5 82
13 82
16 82
17 82
18 82
22 82
23 82
26 82
29 82
32 82
34 82
35 82
36 82
37 82
38 82
39 82
46 82
47 82
52 82
57 82
58 82
67 82
70 82
72 82
76 82
83 82
85 82
86 82
87 82
89 82
90 82
91 82
95 82
98 82
3 83
4 83
8 83
11 83
15 83
21 83
22 83
24 83
27 83
28 83
29 83
32 83
48 83
50 83
51 83
55 83
57 83
60 83
61 83
65 83
67 83
72 83
79 83
80 83
81 83
86 83
96 83
100 83
3 84
4 84
7 84
8 84
13 84
14 84
15 84
17 84
28 84
29 84
30 84
32 84
33 84
34 84
35 84
37 84
47 84
51 84
54 84
61 84
69 84
71 84
76 84
82 84
87 84
89 84
90 84
92 84
93 84
96 84
99 84
20 85
21 85
29 85
31 85
45 85
46 85
60 85
61 85
65 85
66 85
72 85
73 85
74 85
76 85
79 85
80 85
82 85
88 85
90 85
96 85
97 85
4 86
5 86
8 86
11 86
14 86
16 86
17 86
20 86
22 86
24 86
25 86
26 86
32 86
34 86
36 86
39 86
41 86
50 86
61 86
63 86
65 86
66 86
76 86
81 86
82 86
83 86
88 86
93 86
95 86
96 86
99 86
100 86
4 87
7 87
13 87
15 87
17 87
20 87
22 87
25 87
39 87
40 87
43 87
48 87
50 87
52 87
56 87
59 87
61 87
67 87
74 87
82 87
83 87
87 87
88 87
95 87
98 87
100 87
5 88
6 88
7 88
8 88
9 88
11 88
25 88
27 88
32 88
35 88
37 88
43 88
45 88
55 88
63 88
66 88
67 88
68 88
71 88
73 88
79 88
80 88
89 88
94 88
96 88
98 88
100 88
4 89
9 89
13 89
14 89
15 89
19 89
20 89
24 89
30 89
33 89
45 89
67 89
68 89
69 89
77 89
79 89
81 89
82 89
83 89
84 89
92 89
94 89
95 89
96 89
4 90
6 90
8 90
13 90
17 90
19 90
20 90
23 90
26 90
33 90
41 90
46 90
48 90
49 90
50 90
51 90
58 90
64 90
70 90
71 90
74 90
77 90
86 90
88 90
97 90
3 91
7 91
8 91
14 91
15 91
16 91
17 91
19 91
23 91
25 91
27 91
28 91
37 91
39 91
43 91
44 91
46 91
48 91
52 91
57 91
60 91
62 91
68 91
71 91
74 91
85 91
89 91
95 91
97 91
13 92
20 92
22 92
27 92
33 92
36 92
38 92
39 92
40 92
43 92
46 92
49 92
50 92
53 92
62 92
64 92
70 92
71 92
73 92
75 92
78 92
90 92
96 92
99 92
3 93
6 93
9 93
23 93
32 93
33 93
34 93
36 93
39 93
44 93
49 93
52 93
53 93
62 93
63 93
65 93
70 93
71 93
75 93
80 93
84 93
89 93
92 93
93 93
97 93
100 93
4 94
5 94
8 94
12 94
16 94
19 94
21 94
23 94
24 94
32 94
33 94
35 94
39 94
45 94
50 94
53 94
56 94
64 94
67 94
71 94
75 94
77 94
81 94
83 94
100 94
6 95
9 95
14 95
15 95
16 95
24 95
31 95
33 95
34 95
35 95
43 95
46 95
49 95
51 95
52 95
54 95
62 95
64 95
65 95
68 95
69 95
72 95
77 95
88 95
92 95
96 95
97 95
99 95
2 96
8 96
13 96
22 96
26 96
27 96
28 96
30 96
31 96
34 96
39 96
42 96
47 96
49 96
53 96
56 96
59 96
67 96
71 96
72 96
74 96
75 96
76 96
78 96
81 96
82 96
100 96
1 97
15 97
20 97
22 97
35 97
38 97
43 97
45 97
46 97
49 97
50 97
60 97
61 97
63 97
65 97
66 97
72 97
74 97
79 97
80 97
82 97
83 97
95 97
7 98
9 98
13 98
31 98
32 98
33 98
34 98
37 98
43 98
45 98
60 98
65 98
68 98
69 98
70 98
71 98
72 98
73 98
80 98
82 98
87 98
88 98
92 98
93 98
100 98
1 99
11 99
15 99
19 99
20 99
23 99
33 99
34 99
41 99
48 99
60 99
61 99
62 99
65 99
67 99
68 99
69 99
72 99
74 99
75 99
94 99
99 99
100 99
3 100
7 100
9 100
13 100
19 100
22 100
24 100
26 100
29 100
35 100
38 100
44 100
49 100
57 100
58 100
65 100
75 100
77 100
84 100
87 100
88 100
90 100
95 100
