100
5 1
7 1
8 1
13 1
18 1
19 1
26 1
37 1
40 1
42 1
43 1
44 1
45 1
54 1
55 1
60 1
62 1
70 1
72 1
79 1
81 1
87 1
91 1
96 1
100 1
1 2
5 2
16 2
29 2
36 2
42 2
49 2
50 2
53 2
54 2
56 2
66 2
69 2
70 2
79 2
80 2
82 2
84 2
89 2
97 2
99 2
1 3
2 3
4 3
8 3
13 3
14 3
16 3
19 3
20 3
22 3
25 3
26 3
32 3
36 3
39 3
43 3
55 3
56 3
61 3
67 3
75 3
79 3
94 3
97 3
1 4
6 4
10 4
15 4
16 4
21 4
23 4
25 4
27 4
29 4
33 4
40 4
43 4
46 4
49 4
55 4
56 4
57 4
58 4
60 4
61 4
67 4
80 4
81 4
92 4
98 4
2 5
3 5
9 5
15 5
18 5
24 5
25 5
28 5
33 5
47 5
49 5
58 5
61 5
66 5
68 5
69 5
72 5
73 5
76 5
79 5
84 5
92 5
94 5
97 5
1 6
2 6
5 6
6 6
10 6
13 6
15 6
16 6
17 6
20 6
21 6
23 6
24 6
25 6
33 6
34 6
35 6
37 6
40 6
42 6
44 6
45 6
46 6
47 6
56 6
62 6
72 6
87 6
90 6
91 6
94 6
100 6
5 7
7 7
15 7
23 7
24 7
27 7
34 7
41 7
55 7
60 7
74 7
81 7
89 7
93 7
96 7
97 7
98 7
1 8
2 8
5 8
8 8
10 8
13 8
22 8
23 8
24 8
29 8
30 8
31 8
33 8
35 8
40 8
42 8
43 8
45 8
47 8
48 8
55 8
59 8
60 8
66 8
75 8
76 8
77 8
79 8
84 8
88 8
93 8
95 8
96 8
1 9
2 9
10 9
12 9
14 9
18 9
20 9
21 9
22 9
24 9
31 9
39 9
43 9
52 9
53 9
64 9
70 9
74 9
75 9
76 9
81 9
83 9
89 9
95 9
97 9
3 10
4 10
6 10
9 10
11 10
22 10
27 10
28 10
35 10
37 10
40 10
44 10
52 10
61 10
62 10
63 10
66 10
72 10
83 10
86 10
88 10
90 10
92 10
94 10
100 10
2 11
13 11
16 11
24 11
26 11
29 11
30 11
33 11
37 11
40 11
43 11
44 11
45 11
51 11
53 11
60 11
66 11
68 11
71 11
76 11
81 11
86 11
88 11
91 11
95 11
3 12
10 12
11 12
16 12
23 12
29 12
31 12
33 12
34 12
35 12
44 12
45 12
47 12
49 12
53 12
58 12
60 12
68 12
74 12
87 12
90 12
4 13
5 13
8 13
11 13
17 13
23 13
26 13
30 13
31 13
33 13
40 13
43 13
49 13
50 13
56 13
58 13
59 13
60 13
61 13
65 13
68 13
69 13
72 13
76 13
79 13
81 13
89 13
94 13
95 13
1 14
5 14
9 14
12 14
14 14
15 14
16 14
20 14
25 14
27 14
28 14
35 14
38 14
50 14
53 14
56 14
64 14
67 14
72 14
73 14
84 14
91 14
96 14
100 14
5 15
15 15
20 15
22 15
25 15
26 15
27 15
32 15
35 15
36 15
40 15
43 15
51 15
53 15
58 15
61 15
63 15
67 15
73 15
74 15
76 15
84 15
85 15
86 15
92 15
95 15
100 15
3 16
14 16
17 16
21 16
29 16
31 16
32 16
34 16
38 16
42 16
45 16
48 16
49 16
50 16
51 16
57 16
60 16
63 16
67 16
68 16
69 16
72 16
73 16
79 16
81 16
82 16
83 16
86 16
91 16
5 17
11 17
16 17
21 17
22 17
28 17
43 17
45 17
47 17
49 17
55 17
57 17
62 17
64 17
66 17
73 17
76 17
77 17
85 17
90 17
95 17
7 18
24 18
32 18
35 18
36 18
39 18
41 18
46 18
47 18
48 18
50 18
54 18
55 18
56 18
63 18
66 18
68 18
69 18
73 18
77 18
79 18
80 18
81 18
82 18
88 18
90 18
94 18
14 19
21 19
25 19
31 19
35 19
37 19
44 19
52 19
55 19
58 19
73 19
81 19
90 19
93 19
97 19
3 20
5 20
6 20
9 20
16 20
21 20
23 20
26 20
29 20
31 20
34 20
35 20
40 20
41 20
47 20
54 20
60 20
71 20
72 20
77 20
79 20
82 20
85 20
91 20
96 20
98 20
99 20
3 21
6 21
8 21
13 21
14 21
20 21
21 21
24 21
26 21
29 21
38 21
39 21
41 21
47 21
48 21
51 21
55 21
57 21
59 21
68 21
72 21
76 21
77 21
79 21
82 21
86 21
87 21
91 21
98 21
100 21
1 22
10 22
11 22
18 22
21 22
25 22
28 22
29 22
31 22
39 22
42 22
49 22
50 22
51 22
53 22
59 22
66 22
68 22
70 22
80 22
81 22
84 22
87 22
95 22
98 22
99 22
1 23
10 23
12 23
23 23
26 23
27 23
29 23
30 23
47 23
53 23
54 23
56 23
58 23
62 23
64 23
68 23
78 23
81 23
84 23
90 23
99 23
1 24
3 24
11 24
13 24
14 24
18 24
30 24
31 24
32 24
35 24
39 24
41 24
43 24
45 24
48 24
49 24
53 24
58 24
62 24
63 24
64 24
71 24
74 24
78 24
79 24
80 24
91 24
98 24
3 25
8 25
12 25
16 25
22 25
28 25
29 25
36 25
40 25
41 25
42 25
46 25
47 25
48 25
51 25
67 25
75 25
76 25
79 25
85 25
86 25
88 25
89 25
94 25
96 25
4 26
5 26
11 26
13 26
16 26
18 26
22 26
33 26
37 26
41 26
52 26
53 26
54 26
56 26
60 26
69 26
74 26
78 26
82 26
83 26
87 26
88 26
91 26
94 26
3 27
6 27
7 27
9 27
13 27
15 27
20 27
27 27
28 27
30 27
33 27
36 27
37 27
43 27
46 27
50 27
56 27
60 27
61 27
64 27
65 27
66 27
69 27
77 27
80 27
84 27
89 27
5 28
8 28
11 28
12 28
15 28
16 28
24 28
26 28
32 28
36 28
38 28
44 28
60 28
65 28
73 28
74 28
92 28
98 28
100 28
3 29
4 29
6 29
11 29
15 29
16 29
17 29
25 29
30 29
37 29
38 29
39 29
40 29
45 29
46 29
47 29
50 29
54 29
55 29
57 29
61 29
63 29
68 29
71 29
72 29
75 29
77 29
78 29
85 29
86 29
87 29
88 29
89 29
99 29
7 30
10 30
11 30
16 30
19 30
24 30
26 30
27 30
29 30
34 30
43 30
60 30
61 30
67 30
69 30
74 30
81 30
88 30
2 31
4 31
9 31
11 31
13 31
16 31
21 31
29 31
30 31
35 31
43 31
45 31
47 31
48 31
54 31
55 31
67 31
74 31
78 31
83 31
87 31
90 31
97 31
3 32
5 32
12 32
14 32
15 32
21 32
26 32
33 32
34 32
37 32
40 32
48 32
56 32
57 32
61 32
74 32
78 32
80 32
82 32
85 32
88 32
92 32
93 32
94 32
97 32
99 32
1 33
4 33
6 33
26 33
27 33
28 33
31 33
32 33
36 33
44 33
45 33
50 33
54 33
60 33
68 33
73 33
82 33
84 33
87 33
99 33
1 34
6 34
12 34
14 34
16 34
18 34
21 34
26 34
28 34
30 34
33 34
38 34
44 34
45 34
53 34
60 34
62 34
63 34
65 34
66 34
72 34
77 34
92 34
95 34
98 34
99 34
1 35
4 35
14 35
17 35
30 35
44 35
48 35
49 35
51 35
55 35
59 35
66 35
74 35
84 35
86 35
87 35
97 35
8 36
22 36
28 36
29 36
30 36
32 36
50 36
55 36
60 36
62 36
64 36
72 36
74 36
80 36
82 36
83 36
89 36
90 36
93 36
94 36
95 36
98 36
100 36
2 37
6 37
8 37
9 37
13 37
19 37
27 37
29 37
31 37
36 37
37 37
38 37
41 37
46 37
48 37
49 37
53 37
54 37
55 37
66 37
87 37
90 37
93 37
3 38
12 38
13 38
16 38
22 38
28 38
38 38
40 38
41 38
43 38
44 38
47 38
48 38
63 38
65 38
68 38
73 38
74 38
83 38
95 38
99 38
2 39
4 39
6 39
8 39
13 39
15 39
22 39
23 39
24 39
28 39
45 39
48 39
50 39
56 39
59 39
67 39
77 39
79 39
81 39
91 39
93 39
97 39
2 40
6 40
7 40
10 40
14 40
15 40
17 40
18 40
25 40
29 40
33 40
45 40
47 40
51 40
52 40
53 40
59 40
60 40
66 40
69 40
70 40
77 40
82 40
88 40
95 40
1 41
3 41
7 41
9 41
10 41
11 41
13 41
14 41
18 41
20 41
24 41
25 41
27 41
30 41
34 41
41 41
45 41
53 41
54 41
58 41
61 41
87 41
92 41
97 41
1 42
5 42
6 42
7 42
8 42
15 42
18 42
20 42
21 42
23 42
24 42
27 42
28 42
34 42
40 42
49 42
50 42
55 42
57 42
63 42
64 42
65 42
68 42
69 42
70 42
74 42
75 42
78 42
81 42
82 42
87 42
89 42
93 42
97 42
1 43
2 43
3 43
5 43
6 43
7 43
19 43
22 43
23 43
25 43
28 43
31 43
36 43
40 43
41 43
45 43
48 43
49 43
56 43
58 43
62 43
67 43
69 43
71 43
74 43
83 43
86 43
87 43
89 43
95 43
97 43
99 43
2 44
11 44
16 44
18 44
28 44
31 44
33 44
35 44
39 44
40 44
44 44
46 44
55 44
56 44
60 44
63 44
65 44
69 44
74 44
75 44
78 44
82 44
84 44
87 44
91 44
92 44
98 44
100 44
2 45
15 45
17 45
18 45
19 45
21 45
22 45
25 45
26 45
29 45
35 45
39 45
40 45
44 45
46 45
47 45
49 45
52 45
55 45
56 45
57 45
59 45
61 45
65 45
67 45
68 45
77 45
80 45
84 45
85 45
90 45
1 46
5 46
6 46
12 46
13 46
15 46
16 46
22 46
26 46
27 46
29 46
35 46
36 46
39 46
42 46
51 46
58 46
81 46
84 46
87 46
89 46
96 46
97 46
98 46
99 46
100 46
1 47
6 47
11 47
15 47
19 47
21 47
26 47
27 47
31 47
32 47
43 47
45 47
49 47
53 47
57 47
60 47
61 47
64 47
71 47
72 47
74 47
76 47
78 47
82 47
84 47
85 47
86 47
87 47
88 47
93 47
95 47
96 47
97 47
5 48
7 48
11 48
12 48
25 48
27 48
28 48
29 48
34 48
38 48
41 48
44 48
45 48
46 48
48 48
49 48
51 48
52 48
53 48
58 48
61 48
62 48
65 48
69 48
72 48
75 48
76 48
78 48
81 48
89 48
92 48
93 48
5 49
8 49
16 49
19 49
22 49
23 49
24 49
29 49
32 49
38 49
39 49
42 49
45 49
47 49
62 49
63 49
66 49
73 49
80 49
82 49
88 49
91 49
92 49
99 49
5 50
8 50
15 50
16 50
22 50
29 50
31 50
32 50
40 50
43 50
44 50
46 50
47 50
52 50
53 50
61 50
66 50
70 50
71 50
74 50
79 50
82 50
83 50
84 50
85 50
89 50
91 50
93 50
96 50
1 51
9 51
11 51
12 51
13 51
19 51
26 51
32 51
33 51
36 51
38 51
39 51
41 51
42 51
43 51
44 51
46 51
49 51
52 51
55 51
58 51
61 51
64 51
74 51
75 51
83 51
84 51
96 51
99 51
11 52
14 52
22 52
23 52
28 52
35 52
45 52
48 52
50 52
51 52
56 52
61 52
62 52
68 52
69 52
72 52
77 52
78 52
82 52
89 52
93 52
3 53
5 53
12 53
18 53
19 53
21 53
23 53
28 53
34 53
46 53
48 53
50 53
55 53
73 53
79 53
82 53
86 53
90 53
1 54
4 54
5 54
8 54
11 54
12 54
13 54
17 54
25 54
27 54
28 54
32 54
33 54
38 54
39 54
40 54
45 54
55 54
64 54
65 54
68 54
71 54
75 54
76 54
80 54
87 54
93 54
95 54
97 54
99 54
1 55
2 55
3 55
8 55
15 55
16 55
20 55
22 55
23 55
28 55
29 55
31 55
35 55
37 55
48 55
55 55
64 55
66 55
67 55
69 55
77 55
85 55
88 55
90 55
93 55
95 55
5 56
15 56
22 56
23 56
24 56
33 56
35 56
37 56
54 56
61 56
64 56
65 56
80 56
84 56
85 56
95 56
96 56
97 56
99 56
100 56
1 57
4 57
15 57
17 57
20 57
24 57
32 57
34 57
36 57
39 57
40 57
41 57
43 57
47 57
53 57
59 57
60 57
64 57
66 57
67 57
72 57
80 57
87 57
88 57
90 57
96 57
97 57
1 58
4 58
9 58
10 58
11 58
14 58
15 58
18 58
20 58
29 58
33 58
35 58
38 58
39 58
44 58
45 58
46 58
47 58
52 58
53 58
61 58
62 58
68 58
69 58
70 58
75 58
77 58
78 58
81 58
85 58
86 58
87 58
89 58
100 58
2 59
4 59
16 59
17 59
21 59
23 59
25 59
28 59
38 59
39 59
42 59
50 59
51 59
58 59
59 59
60 59
62 59
64 59
65 59
84 59
88 59
91 59
95 59
96 59
97 59
1 60
8 60
13 60
22 60
27 60
28 60
31 60
38 60
42 60
48 60
51 60
54 60
70 60
71 60
74 60
79 60
84 60
88 60
89 60
93 60
95 60
96 60
97 60
7 61
9 61
15 61
18 61
19 61
20 61
22 61
27 61
33 61
41 61
42 61
49 61
54 61
58 61
62 61
63 61
67 61
69 61
70 61
72 61
73 61
75 61
76 61
80 61
82 61
83 61
85 61
89 61
99 61
1 62
15 62
19 62
20 62
23 62
39 62
40 62
41 62
59 62
60 62
63 62
66 62
72 62
81 62
84 62
86 62
87 62
89 62
90 62
91 62
99 62
100 62
1 63
6 63
7 63
12 63
14 63
20 63
21 63
22 63
25 63
34 63
36 63
39 63
45 63
49 63
50 63
52 63
56 63
61 63
65 63
70 63
77 63
79 63
80 63
81 63
86 63
92 63
96 63
97 63
98 63
3 64
4 64
7 64
10 64
13 64
14 64
16 64
18 64
29 64
35 64
36 64
45 64
48 64
61 64
64 64
65 64
72 64
74 64
80 64
85 64
86 64
90 64
94 64
96 64
97 64
99 64
5 65
6 65
10 65
12 65
16 65
18 65
22 65
25 65
26 65
29 65
38 65
39 65
42 65
45 65
48 65
49 65
61 65
63 65
70 65
78 65
86 65
87 65
89 65
5 66
9 66
14 66
22 66
25 66
29 66
30 66
31 66
34 66
42 66
46 66
47 66
49 66
52 66
58 66
62 66
63 66
70 66
71 66
81 66
82 66
83 66
88 66
93 66
94 66
3 67
6 67
8 67
9 67
13 67
19 67
20 67
22 67
24 67
27 67
31 67
33 67
34 67
38 67
40 67
49 67
50 67
51 67
56 67
60 67
61 67
76 67
77 67
84 67
85 67
88 67
90 67
99 67
2 68
8 68
11 68
15 68
17 68
18 68
19 68
21 68
24 68
25 68
29 68
41 68
46 68
47 68
48 68
50 68
64 68
70 68
83 68
86 68
88 68
90 68
95 68
98 68
100 68
16 69
21 69
25 69
26 69
27 69
30 69
38 69
43 69
47 69
49 69
53 69
57 69
62 69
63 69
74 69
82 69
84 69
85 69
92 69
95 69
1 70
3 70
7 70
8 70
11 70
13 70
18 70
20 70
21 70
23 70
25 70
29 70
30 70
39 70
41 70
46 70
53 70
54 70
55 70
56 70
69 70
73 70
79 70
81 70
84 70
88 70
94 70
95 70
96 70
97 70
100 70
1 71
12 71
14 71
24 71
26 71
28 71
31 71
33 71
34 71
38 71
49 71
51 71
54 71
65 71
68 71
69 71
72 71
74 71
83 71
92 71
93 71
94 71
2 72
6 72
7 72
14 72
15 72
19 72
20 72
31 72
32 72
34 72
35 72
38 72
41 72
50 72
52 72
58 72
60 72
76 72
77 72
82 72
86 72
89 72
93 72
96 72
2 73
11 73
20 73
22 73
24 73
27 73
28 73
30 73
32 73
33 73
34 73
37 73
44 73
45 73
50 73
56 73
60 73
61 73
68 73
73 73
74 73
83 73
86 73
91 73
92 73
94 73
7 74
11 74
12 74
14 74
23 74
32 74
36 74
37 74
41 74
43 74
45 74
46 74
47 74
51 74
53 74
54 74
69 74
70 74
77 74
79 74
82 74
83 74
86 74
88 74
91 74
94 74
96 74
10 75
13 75
14 75
15 75
20 75
21 75
24 75
27 75
28 75
30 75
33 75
37 75
38 75
53 75
54 75
58 75
59 75
61 75
64 75
70 75
73 75
75 75
77 75
81 75
85 75
89 75
91 75
3 76
5 76
6 76
11 76
16 76
21 76
36 76
38 76
45 76
52 76
53 76
57 76
59 76
63 76
66 76
68 76
76 76
77 76
82 76
83 76
85 76
86 76
96 76
99 76
1 77
2 77
4 77
9 77
11 77
14 77
20 77
22 77
26 77
32 77
39 77
47 77
52 77
53 77
58 77
61 77
65 77
73 77
74 77
75 77
76 77
80 77
82 77
85 77
88 77
89 77
90 77
97 77
1 78
3 78
6 78
10 78
12 78
13 78
17 78
20 78
21 78
33 78
37 78
41 78
50 78
57 78
61 78
75 78
76 78
85 78
87 78
90 78
93 78
95 78
100 78
6 79
7 79
16 79
18 79
24 79
35 79
40 79
46 79
47 79
48 79
51 79
52 79
53 79
55 79
60 79
61 79
68 79
72 79
74 79
75 79
78 79
85 79
86 79
93 79
94 79
95 79
8 80
10 80
18 80
19 80
20 80
23 80
27 80
49 80
52 80
57 80
58 80
60 80
62 80
65 80
67 80
76 80
80 80
81 80
82 80
91 80
94 80
95 80
96 80
1 81
3 81
4 81
5 81
9 81
16 81
17 81
18 81
19 81
21 81
32 81
33 81
39 81
41 81
44 81
48 81
50 81
55 81
56 81
58 81
59 81
64 81
65 81
68 81
69 81
76 81
84 81
85 81
89 81
98 81
4 82
8 82
10 82
12 82
13 82
17 82
25 82
26 82
40 82
41 82
44 82
45 82
46 82
64 82
68 82
70 82
74 82
76 82
77 82
82 82
84 82
86 82
88 82
90 82
92 82
99 82
4 83
6 83
8 83
17 83
22 83
25 83
32 83
34 83
35 83
41 83
45 83
47 83
51 83
52 83
58 83
64 83
65 83
66 83
68 83
70 83
71 83
77 83
80 83
92 83
93 83
94 83
96 83
1 84
4 84
5 84
7 84
13 84
14 84
15 84
16 84
19 84
21 84
22 84
25 84
27 84
34 84
41 84
43 84
47 84
48 84
56 84
58 84
61 84
62 84
63 84
70 84
72 84
73 84
74 84
78 84
87 84
88 84
97 84
98 84
1 85
6 85
8 85
10 85
22 85
30 85
31 85
41 85
42 85
47 85
48 85
53 85
63 85
72 85
73 85
76 85
79 85
89 85
91 85
94 85
99 85
100 85
3 86
6 86
8 86
11 86
18 86
19 86
20 86
31 86
38 86
40 86
43 86
45 86
56 86
61 86
62 86
75 86
76 86
77 86
78 86
96 86
97 86
1 87
2 87
3 87
5 87
8 87
12 87
14 87
15 87
17 87
19 87
23 87
25 87
26 87
27 87
28 87
33 87
34 87
35 87
36 87
39 87
58 87
59 87
71 87
73 87
81 87
86 87
88 87
98 87
3 88
13 88
15 88
17 88
21 88
23 88
24 88
25 88
27 88
28 88
32 88
33 88
38 88
40 88
43 88
48 88
49 88
50 88
52 88
54 88
70 88
72 88
75 88
79 88
81 88
87 88
93 88
3 89
8 89
9 89
17 89
24 89
26 89
27 89
29 89
30 89
39 89
44 89
47 89
50 89
59 89
73 89
76 89
79 89
87 89
95 89
96 89
97 89
3 90
4 90
15 90
17 90
21 90
22 90
23 90
25 90
26 90
32 90
34 90
36 90
40 90
47 90
48 90
50 90
59 90
60 90
63 90
66 90
69 90
70 90
71 90
72 90
76 90
80 90
81 90
85 90
87 90
96 90
99 90
12 91
13 91
17 91
19 91
23 91
24 91
25 91
26 91
38 91
43 91
44 91
47 91
48 91
56 91
60 91
61 91
72 91
90 91
91 91
92 91
7 92
10 92
13 92
51 92
52 92
54 92
57 92
59 92
63 92
69 92
70 92
73 92
79 92
85 92
86 92
87 92
99 92
8 93
9 93
10 93
13 93
17 93
28 93
31 93
41 93
43 93
44 93
46 93
51 93
57 93
59 93
61 93
62 93
63 93
64 93
66 93
72 93
73 93
76 93
86 93
91 93
97 93
1 94
3 94
5 94
7 94
13 94
17 94
25 94
29 94
30 94
34 94
37 94
45 94
47 94
48 94
49 94
50 94
52 94
53 94
60 94
78 94
79 94
82 94
92 94
93 94
96 94
2 95
12 95
19 95
20 95
26 95
31 95
32 95
34 95
36 95
39 95
41 95
42 95
45 95
47 95
51 95
53 95
55 95
57 95
59 95
62 95
69 95
78 95
80 95
83 95
84 95
88 95
91 95
100 95
7 96
13 96
15 96
17 96
23 96
28 96
29 96
30 96
35 96
36 96
39 96
44 96
55 96
56 96
59 96
64 96
66 96
67 96
72 96
76 96
79 96
81 96
83 96
91 96
93 96
96 96
3 97
6 97
9 97
11 97
20 97
24 97
25 97
30 97
33 97
41 97
42 97
45 97
46 97
47 97
49 97
62 97
64 97
65 97
69 97
70 97
75 97
76 97
77 97
85 97
88 97
90 97
93 97
1 98
15 98
21 98
22 98
23 98
27 98
32 98
33 98
34 98
36 98
37 98
38 98
40 98
46 98
49 98
51 98
54 98
56 98
57 98
59 98
64 98
65 98
79 98
83 98
87 98
91 98
94 98
98 98
2 99
3 99
10 99
26 99
27 99
34 99
37 99
38 99
41 99
42 99
43 99
47 99
56 99
57 99
71 99
75 99
76 99
77 99
86 99
92 99
95 99
100 99
1 100
21 100
24 100
25 100
26 100
33 100
35 100
38 100
43 100
58 100
59 100
60 100
62 100
63 100
66 100
71 100
76 100
81 100
82 100
85 100
87 100
89 100
91 100
92 100
95 100
96 100
97 100
