100
9 1
18 1
21 1
26 1
30 1
33 1
36 1
38 1
47 1
53 1
58 1
61 1
72 1
74 1
81 1
84 1
92 1
99 1
1 2
5 2
9 2
20 2
28 2
32 2
33 2
35 2
36 2
38 2
39 2
56 2
61 2
64 2
70 2
73 2
74 2
81 2
84 2
86 2
87 2
92 2
94 2
96 2
7 3
13 3
14 3
19 3
28 3
29 3
38 3
42 3
43 3
45 3
50 3
52 3
63 3
64 3
73 3
77 3
83 3
2 4
5 4
6 4
13 4
22 4
27 4
29 4
41 4
43 4
60 4
66 4
72 4
73 4
76 4
81 4
84 4
88 4
4 5
9 5
15 5
16 5
18 5
19 5
22 5
30 5
31 5
33 5
42 5
43 5
54 5
57 5
64 5
67 5
70 5
78 5
79 5
83 5
87 5
90 5
96 5
98 5
100 5
7 6
9 6
11 6
12 6
14 6
22 6
23 6
24 6
32 6
35 6
40 6
48 6
52 6
53 6
55 6
62 6
71 6
75 6
80 6
90 6
92 6
6 7
8 7
11 7
12 7
15 7
23 7
24 7
27 7
28 7
32 7
36 7
42 7
43 7
44 7
46 7
54 7
67 7
69 7
72 7
78 7
79 7
85 7
90 7
91 7
92 7
95 7
1 8
5 8
6 8
12 8
14 8
15 8
24 8
35 8
37 8
47 8
54 8
58 8
61 8
64 8
65 8
66 8
67 8
70 8
72 8
85 8
86 8
89 8
91 8
94 8
95 8
99 8
4 9
6 9
7 9
12 9
16 9
24 9
25 9
30 9
33 9
34 9
36 9
42 9
44 9
45 9
59 9
69 9
74 9
78 9
80 9
81 9
84 9
86 9
95 9
1 10
2 10
25 10
29 10
32 10
34 10
40 10
43 10
50 10
51 10
71 10
73 10
75 10
78 10
84 10
88 10
90 10
99 10
2 11
5 11
8 11
11 11
13 11
16 11
19 11
22 11
29 11
35 11
36 11
47 11
50 11
67 11
69 11
72 11
74 11
76 11
78 11
79 11
80 11
88 11
92 11
93 11
97 11
4 12
6 12
13 12
15 12
17 12
19 12
21 12
23 12
25 12
27 12
29 12
30 12
32 12
34 12
36 12
38 12
39 12
40 12
41 12
42 12
51 12
55 12
56 12
61 12
63 12
67 12
69 12
71 12
74 12
75 12
76 12
77 12
83 12
85 12
88 12
89 12
94 12
98 12
99 12
11 13
15 13
18 13
33 13
49 13
50 13
53 13
55 13
58 13
61 13
66 13
76 13
80 13
81 13
89 13
90 13
98 13
1 14
6 14
8 14
9 14
17 14
20 14
22 14
24 14
25 14
30 14
32 14
38 14
50 14
51 14
53 14
59 14
62 14
65 14
66 14
69 14
71 14
76 14
81 14
85 14
87 14
92 14
3 15
4 15
8 15
9 15
34 15
35 15
36 15
41 15
43 15
47 15
48 15
51 15
56 15
64 15
65 15
69 15
77 15
80 15
87 15
89 15
90 15
91 15
98 15
100 15
2 16
11 16
16 16
20 16
22 16
24 16
29 16
38 16
41 16
42 16
44 16
47 16
48 16
50 16
58 16
59 16
60 16
61 16
62 16
69 16
74 16
80 16
86 16
87 16
88 16
90 16
98 16
5 17
7 17
9 17
11 17
13 17
15 17
16 17
21 17
27 17
29 17
32 17
38 17
41 17
43 17
44 17
47 17
48 17
51 17
53 17
54 17
65 17
66 17
76 17
79 17
84 17
88 17
91 17
97 17
1 18
2 18
6 18
10 18
20 18
21 18
27 18
28 18
30 18
34 18
49 18
51 18
52 18
61 18
72 18
76 18
81 18
89 18
93 18
94 18
97 18
2 19
9 19
11 19
12 19
15 19
21 19
23 19
28 19
31 19
32 19
33 19
35 19
41 19
42 19
49 19
51 19
54 19
58 19
64 19
67 19
74 19
80 19
87 19
88 19
99 19
1 20
3 20
6 20
7 20
24 20
25 20
26 20
29 20
34 20
38 20
44 20
47 20
51 20
53 20
65 20
67 20
73 20
74 20
76 20
78 20
80 20
85 20
90 20
97 20
99 20
100 20
1 21
2 21
7 21
8 21
10 21
12 21
33 21
35 21
41 21
46 21
65 21
66 21
69 21
71 21
73 21
76 21
77 21
81 21
85 21
86 21
93 21
96 21
7 22
10 22
14 22
15 22
16 22
17 22
25 22
27 22
35 22
36 22
40 22
44 22
45 22
48 22
49 22
50 22
56 22
62 22
63 22
67 22
68 22
71 22
76 22
77 22
86 22
88 22
96 22
97 22
98 22
1 23
2 23
3 23
7 23
10 23
15 23
18 23
21 23
25 23
27 23
28 23
42 23
43 23
51 23
52 23
56 23
57 23
59 23
64 23
67 23
72 23
73 23
89 23
90 23
91 23
93 23
12 24
13 24
14 24
17 24
32 24
35 24
36 24
37 24
39 24
40 24
41 24
46 24
54 24
61 24
65 24
66 24
77 24
82 24
88 24
95 24
97 24
100 24
1 25
9 25
26 25
31 25
33 25
37 25
41 25
42 25
44 25
46 25
47 25
55 25
59 25
62 25
65 25
66 25
67 25
70 25
71 25
73 25
75 25
76 25
77 25
79 25
80 25
82 25
86 25
88 25
90 25
96 25
99 25
100 25
15 26
20 26
21 26
23 26
24 26
25 26
27 26
28 26
46 26
48 26
54 26
59 26
68 26
71 26
75 26
76 26
85 26
90 26
94 26
12 27
17 27
20 27
22 27
25 27
31 27
36 27
40 27
47 27
51 27
53 27
54 27
56 27
58 27
59 27
61 27
63 27
67 27
68 27
71 27
77 27
78 27
82 27
86 27
87 27
90 27
94 27
100 27
1 28
2 28
6 28
23 28
26 28
27 28
28 28
29 28
30 28
31 28
32 28
33 28
39 28
45 28
47 28
49 28
54 28
55 28
57 28
60 28
64 28
65 28
69 28
71 28
75 28
79 28
80 28
81 28
83 28
92 28
99 28
2 29
9 29
10 29
11 29
15 29
16 29
18 29
19 29
22 29
27 29
31 29
32 29
39 29
43 29
45 29
47 29
48 29
49 29
52 29
56 29
57 29
61 29
64 29
65 29
69 29
73 29
76 29
82 29
86 29
99 29
3 30
5 30
10 30
21 30
29 30
34 30
35 30
39 30
41 30
42 30
43 30
50 30
54 30
55 30
60 30
66 30
70 30
78 30
81 30
85 30
86 30
93 30
94 30
99 30
2 31
4 31
5 31
13 31
17 31
21 31
30 31
34 31
35 31
37 31
46 31
50 31
52 31
53 31
58 31
59 31
61 31
68 31
94 31
96 31
97 31
100 31
8 32
9 32
16 32
22 32
30 32
37 32
39 32
46 32
52 32
53 32
60 32
66 32
73 32
79 32
80 32
84 32
89 32
91 32
95 32
2 33
8 33
9 33
12 33
19 33
26 33
37 33
38 33
39 33
40 33
47 33
51 33
59 33
62 33
65 33
69 33
71 33
74 33
77 33
85 33
86 33
93 33
97 33
100 33
1 34
4 34
10 34
11 34
13 34
16 34
26 34
34 34
35 34
55 34
59 34
63 34
70 34
76 34
82 34
84 34
86 34
94 34
95 34
97 34
9 35
14 35
23 35
34 35
38 35
39 35
40 35
43 35
45 35
49 35
53 35
57 35
60 35
63 35
65 35
67 35
76 35
78 35
83 35
84 35
85 35
88 35
92 35
93 35
96 35
98 35
99 35
5 36
7 36
11 36
24 36
28 36
30 36
34 36
35 36
37 36
42 36
44 36
45 36
49 36
60 36
74 36
79 36
82 36
83 36
84 36
88 36
96 36
100 36
1 37
3 37
5 37
10 37
13 37
16 37
18 37
21 37
26 37
38 37
39 37
40 37
42 37
45 37
50 37
52 37
54 37
56 37
57 37
59 37
63 37
64 37
72 37
75 37
76 37
77 37
78 37
80 37
82 37
84 37
92 37
93 37
10 38
11 38
12 38
13 38
16 38
17 38
19 38
21 38
23 38
25 38
27 38
38 38
42 38
43 38
52 38
54 38
57 38
61 38
63 38
66 38
71 38
72 38
77 38
85 38
86 38
89 38
96 38
98 38
99 38
4 39
6 39
11 39
13 39
14 39
15 39
28 39
29 39
30 39
47 39
51 39
53 39
55 39
56 39
59 39
60 39
64 39
73 39
81 39
90 39
92 39
93 39
99 39
8 40
14 40
15 40
16 40
22 40
27 40
32 40
33 40
40 40
41 40
51 40
58 40
67 40
75 40
76 40
81 40
84 40
90 40
94 40
4 41
9 41
14 41
15 41
21 41
29 41
35 41
39 41
50 41
58 41
59 41
61 41
66 41
74 41
79 41
80 41
82 41
94 41
98 41
1 42
5 42
6 42
9 42
12 42
13 42
21 42
25 42
27 42
29 42
31 42
37 42
38 42
42 42
43 42
44 42
46 42
47 42
53 42
55 42
56 42
61 42
63 42
65 42
77 42
78 42
82 42
94 42
95 42
97 42
3 43
4 43
9 43
18 43
20 43
30 43
33 43
34 43
36 43
37 43
40 43
42 43
44 43
46 43
49 43
50 43
66 43
69 43
70 43
71 43
74 43
79 43
84 43
86 43
90 43
91 43
99 43
1 44
11 44
12 44
14 44
16 44
18 44
21 44
22 44
24 44
25 44
26 44
28 44
36 44
40 44
47 44
48 44
53 44
56 44
57 44
58 44
59 44
61 44
64 44
66 44
67 44
71 44
73 44
78 44
83 44
87 44
89 44
90 44
91 44
1 45
3 45
12 45
15 45
18 45
22 45
28 45
31 45
33 45
34 45
40 45
44 45
45 45
49 45
53 45
61 45
63 45
65 45
67 45
68 45
70 45
73 45
75 45
77 45
79 45
86 45
90 45
95 45
96 45
3 46
13 46
15 46
27 46
32 46
34 46
37 46
41 46
44 46
51 46
59 46
63 46
65 46
69 46
75 46
83 46
88 46
94 46
100 46
3 47
6 47
10 47
16 47
19 47
24 47
31 47
32 47
34 47
36 47
40 47
54 47
61 47
63 47
68 47
69 47
71 47
73 47
83 47
85 47
86 47
87 47
91 47
92 47
95 47
98 47
99 47
100 47
11 48
16 48
17 48
18 48
22 48
23 48
24 48
28 48
32 48
33 48
39 48
48 48
51 48
57 48
59 48
61 48
62 48
64 48
65 48
73 48
74 48
81 48
94 48
98 48
100 48
8 49
20 49
24 49
25 49
26 49
28 49
35 49
40 49
41 49
46 49
49 49
58 49
60 49
63 49
68 49
73 49
76 49
78 49
80 49
81 49
83 49
85 49
94 49
100 49
1 50
5 50
9 50
14 50
17 50
18 50
19 50
22 50
24 50
30 50
32 50
35 50
53 50
57 50
58 50
64 50
65 50
69 50
74 50
76 50
78 50
79 50
84 50
86 50
94 50
2 51
3 51
7 51
12 51
23 51
25 51
29 51
30 51
31 51
34 51
35 51
39 51
40 51
48 51
51 51
52 51
55 51
56 51
60 51
64 51
65 51
66 51
74 51
77 51
79 51
82 51
99 51
7 52
11 52
17 52
23 52
29 52
30 52
32 52
33 52
37 52
42 52
45 52
48 52
52 52
55 52
56 52
63 52
69 52
73 52
74 52
78 52
80 52
81 52
86 52
87 52
92 52
93 52
94 52
95 52
2 53
3 53
6 53
8 53
13 53
23 53
29 53
31 53
32 53
39 53
42 53
44 53
48 53
49 53
50 53
51 53
54 53
56 53
59 53
62 53
68 53
69 53
71 53
74 53
84 53
92 53
94 53
99 53
2 54
4 54
11 54
18 54
27 54
30 54
32 54
35 54
38 54
50 54
57 54
62 54
63 54
64 54
65 54
66 54
68 54
74 54
81 54
84 54
99 54
2 55
3 55
6 55
7 55
9 55
12 55
13 55
19 55
20 55
22 55
23 55
24 55
25 55
26 55
33 55
36 55
44 55
52 55
54 55
57 55
59 55
65 55
85 55
86 55
88 55
95 55
96 55
3 56
5 56
6 56
7 56
8 56
10 56
18 56
26 56
31 56
32 56
37 56
41 56
55 56
56 56
58 56
68 56
71 56
72 56
82 56
88 56
2 57
5 57
9 57
11 57
12 57
16 57
18 57
19 57
20 57
25 57
26 57
36 57
39 57
45 57
48 57
50 57
51 57
57 57
61 57
65 57
69 57
72 57
78 57
79 57
81 57
83 57
88 57
91 57
4 58
6 58
7 58
12 58
17 58
18 58
21 58
25 58
26 58
27 58
29 58
33 58
44 58
47 58
50 58
52 58
55 58
61 58
63 58
66 58
67 58
68 58
79 58
81 58
85 58
90 58
4 59
6 59
8 59
12 59
14 59
15 59
18 59
22 59
33 59
34 59
35 59
38 59
41 59
46 59
49 59
53 59
55 59
60 59
62 59
63 59
65 59
66 59
69 59
70 59
71 59
77 59
85 59
90 59
91 59
94 59
95 59
98 59
100 59
1 60
4 60
7 60
9 60
12 60
23 60
24 60
40 60
44 60
54 60
66 60
68 60
77 60
81 60
85 60
87 60
98 60
99 60
1 61
7 61
15 61
20 61
21 61
22 61
35 61
37 61
39 61
40 61
42 61
44 61
51 61
53 61
54 61
55 61
56 61
57 61
58 61
61 61
64 61
65 61
66 61
67 61
70 61
71 61
72 61
76 61
77 61
82 61
83 61
88 61
89 61
91 61
97 61
98 61
23 62
27 62
32 62
34 62
37 62
38 62
40 62
43 62
45 62
47 62
51 62
58 62
61 62
62 62
63 62
68 62
76 62
79 62
82 62
84 62
86 62
87 62
88 62
89 62
92 62
100 62
1 63
9 63
10 63
13 63
15 63
16 63
27 63
32 63
37 63
41 63
47 63
49 63
52 63
54 63
62 63
65 63
66 63
68 63
72 63
79 63
81 63
88 63
90 63
92 63
96 63
4 64
9 64
16 64
20 64
26 64
27 64
31 64
36 64
40 64
53 64
55 64
58 64
60 64
65 64
69 64
71 64
73 64
79 64
95 64
1 65
3 65
4 65
12 65
18 65
25 65
28 65
30 65
35 65
42 65
51 65
55 65
57 65
67 65
68 65
69 65
71 65
76 65
80 65
82 65
83 65
87 65
90 65
95 65
97 65
100 65
1 66
2 66
4 66
14 66
15 66
16 66
17 66
23 66
26 66
40 66
43 66
44 66
49 66
54 66
57 66
62 66
66 66
68 66
91 66
94 66
99 66
7 67
19 67
22 67
23 67
27 67
30 67
32 67
34 67
37 67
39 67
47 67
50 67
53 67
57 67
61 67
71 67
79 67
82 67
85 67
99 67
1 68
7 68
10 68
12 68
14 68
16 68
19 68
22 68
24 68
26 68
28 68
32 68
37 68
40 68
42 68
47 68
49 68
53 68
59 68
60 68
61 68
62 68
63 68
65 68
72 68
90 68
93 68
1 69
16 69
32 69
33 69
38 69
43 69
46 69
49 69
51 69
53 69
55 69
60 69
67 69
71 69
75 69
80 69
82 69
87 69
88 69
89 69
90 69
91 69
92 69
96 69
98 69
100 69
9 70
18 70
21 70
25 70
26 70
37 70
38 70
48 70
49 70
55 70
57 70
63 70
68 70
71 70
73 70
75 70
77 70
78 70
81 70
83 70
89 70
2 71
3 71
17 71
21 71
22 71
23 71
29 71
31 71
35 71
38 71
43 71
45 71
46 71
48 71
54 71
61 71
62 71
64 71
66 71
67 71
71 71
72 71
73 71
76 71
79 71
80 71
84 71
87 71
97 71
98 71
6 72
8 72
12 72
18 72
24 72
26 72
34 72
39 72
41 72
48 72
49 72
51 72
54 72
55 72
60 72
69 72
71 72
73 72
83 72
84 72
92 72
95 72
97 72
98 72
3 73
6 73
14 73
15 73
16 73
18 73
29 73
30 73
35 73
36 73
38 73
51 73
52 73
61 73
64 73
65 73
66 73
72 73
75 73
76 73
78 73
85 73
88 73
91 73
99 73
4 74
17 74
23 74
24 74
28 74
39 74
56 74
57 74
63 74
66 74
68 74
70 74
74 74
77 74
79 74
84 74
85 74
87 74
88 74
91 74
96 74
97 74
98 74
4 75
5 75
12 75
14 75
18 75
19 75
20 75
22 75
23 75
28 75
31 75
36 75
41 75
43 75
59 75
66 75
73 75
74 75
75 75
79 75
80 75
84 75
86 75
87 75
91 75
2 76
3 76
6 76
21 76
26 76
27 76
28 76
31 76
40 76
41 76
45 76
52 76
58 76
62 76
66 76
67 76
71 76
92 76
100 76
3 77
6 77
7 77
9 77
10 77
26 77
30 77
34 77
38 77
40 77
48 77
52 77
59 77
61 77
62 77
66 77
68 77
72 77
75 77
79 77
80 77
82 77
89 77
90 77
97 77
98 77
6 78
17 78
20 78
29 78
31 78
32 78
33 78
39 78
47 78
49 78
50 78
52 78
54 78
55 78
56 78
58 78
60 78
62 78
65 78
68 78
78 78
79 78
86 78
91 78
1 79
3 79
4 79
6 79
10 79
14 79
16 79
17 79
21 79
25 79
26 79
30 79
35 79
37 79
38 79
40 79
47 79
55 79
70 79
81 79
84 79
88 79
89 79
91 79
92 79
96 79
7 80
9 80
13 80
16 80
20 80
23 80
24 80
26 80
27 80
45 80
46 80
50 80
52 80
53 80
57 80
59 80
62 80
73 80
75 80
80 80
87 80
95 80
97 80
3 81
4 81
15 81
17 81
19 81
22 81
25 81
28 81
32 81
34 81
43 81
50 81
53 81
57 81
58 81
68 81
78 81
80 81
84 81
87 81
10 82
14 82
37 82
40 82
62 82
65 82
68 82
77 82
86 82
87 82
90 82
95 82
4 83
5 83
8 83
12 83
13 83
15 83
16 83
17 83
27 83
35 83
38 83
41 83
45 83
50 83
52 83
53 83
57 83
58 83
62 83
63 83
67 83
71 83
81 83
82 83
84 83
90 83
96 83
99 83
5 84
7 84
14 84
15 84
16 84
20 84
27 84
31 84
35 84
42 84
45 84
48 84
49 84
56 84
65 84
70 84
72 84
74 84
76 84
79 84
80 84
81 84
84 84
89 84
92 84
96 84
97 84
99 84
13 85
15 85
17 85
18 85
52 85
59 85
60 85
63 85
68 85
69 85
71 85
81 85
83 85
87 85
89 85
96 85
98 85
100 85
6 86
19 86
20 86
23 86
24 86
25 86
36 86
37 86
39 86
41 86
54 86
59 86
68 86
70 86
75 86
77 86
83 86
88 86
93 86
95 86
99 86
100 86
1 87
3 87
4 87
11 87
24 87
29 87
33 87
34 87
36 87
40 87
46 87
47 87
49 87
51 87
61 87
62 87
63 87
71 87
76 87
83 87
84 87
89 87
90 87
91 87
92 87
93 87
95 87
96 87
98 87
99 87
100 87
1 88
7 88
18 88
23 88
24 88
27 88
28 88
29 88
32 88
33 88
35 88
43 88
45 88
59 88
63 88
68 88
72 88
73 88
76 88
83 88
84 88
88 88
92 88
93 88
97 88
100 88
3 89
4 89
13 89
21 89
22 89
26 89
27 89
28 89
31 89
32 89
34 89
35 89
41 89
42 89
44 89
46 89
50 89
52 89
56 89
61 89
62 89
79 89
84 89
89 89
91 89
92 89
94 89
96 89
100 89
4 90
5 90
7 90
8 90
9 90
12 90
15 90
17 90
20 90
24 90
31 90
33 90
38 90
45 90
46 90
50 90
53 90
54 90
59 90
66 90
73 90
77 90
78 90
85 90
93 90
94 90
96 90
98 90
100 90
6 91
7 91
11 91
13 91
20 91
31 91
35 91
36 91
41 91
44 91
48 91
49 91
51 91
54 91
56 91
62 91
73 91
75 91
86 91
92 91
98 91
100 91
1 92
3 92
4 92
8 92
11 92
12 92
14 92
18 92
20 92
23 92
25 92
27 92
40 92
44 92
48 92
49 92
55 92
56 92
57 92
58 92
62 92
64 92
65 92
69 92
74 92
78 92
79 92
80 92
88 92
89 92
92 92
99 92
9 93
12 93
23 93
37 93
39 93
50 93
52 93
53 93
54 93
55 93
57 93
63 93
64 93
66 93
71 93
76 93
80 93
81 93
83 93
87 93
93 93
95 93
2 94
3 94
4 94
8 94
10 94
13 94
17 94
22 94
23 94
30 94
35 94
36 94
37 94
40 94
41 94
43 94
45 94
48 94
49 94
54 94
60 94
62 94
63 94
67 94
68 94
75 94
78 94
80 94
82 94
85 94
88 94
95 94
96 94
97 94
100 94
6 95
17 95
27 95
29 95
34 95
37 95
44 95
53 95
61 95
63 95
68 95
76 95
80 95
83 95
85 95
88 95
93 95
95 95
96 95
97 95
2 96
5 96
15 96
16 96
19 96
21 96
25 96
26 96
30 96
34 96
35 96
36 96
42 96
45 96
50 96
51 96
52 96
58 96
59 96
67 96
68 96
69 96
74 96
76 96
79 96
80 96
85 96
86 96
88 96
94 96
98 96
99 96
4 97
7 97
8 97
10 97
11 97
12 97
15 97
19 97
21 97
24 97
29 97
31 97
35 97
36 97
38 97
46 97
52 97
53 97
60 97
67 97
72 97
74 97
76 97
77 97
79 97
82 97
84 97
92 97
94 97
97 97
1 98
5 98
11 98
12 98
13 98
15 98
16 98
23 98
32 98
34 98
35 98
41 98
42 98
43 98
45 98
47 98
54 98
55 98
61 98
69 98
71 98
72 98
78 98
81 98
85 98
4 99
14 99
15 99
16 99
23 99
27 99
32 99
34 99
41 99
42 99
49 99
50 99
51 99
59 99
60 99
62 99
70 99
80 99
82 99
84 99
92 99
96 99
1 100
2 100
4 100
5 100
8 100
18 100
29 100
40 100
47 100
53 100
55 100
57 100
62 100
81 100
82 100
83 100
97 100
