100
7 1
13 1
15 1
16 1
18 1
19 1
20 1
21 1
27 1
30 1
37 1
39 1
41 1
42 1
44 1
54 1
55 1
68 1
69 1
75 1
79 1
89 1
96 1
4 2
6 2
8 2
11 2
16 2
17 2
20 2
26 2
28 2
34 2
35 2
37 2
38 2
46 2
51 2
54 2
56 2
60 2
61 2
67 2
71 2
72 2
76 2
77 2
80 2
81 2
86 2
90 2
91 2
92 2
94 2
95 2
97 2
4 3
10 3
11 3
14 3
20 3
21 3
24 3
28 3
29 3
31 3
32 3
35 3
39 3
40 3
42 3
43 3
58 3
59 3
63 3
65 3
66 3
69 3
71 3
75 3
78 3
80 3
83 3
84 3
89 3
91 3
6 4
7 4
8 4
9 4
10 4
12 4
16 4
19 4
23 4
24 4
25 4
30 4
31 4
51 4
53 4
54 4
55 4
67 4
74 4
78 4
89 4
1 5
4 5
9 5
11 5
21 5
27 5
28 5
32 5
40 5
42 5
43 5
45 5
48 5
49 5
50 5
54 5
59 5
61 5
66 5
70 5
72 5
74 5
85 5
88 5
89 5
95 5
96 5
97 5
100 5
4 6
6 6
16 6
20 6
23 6
25 6
29 6
30 6
31 6
38 6
46 6
49 6
50 6
62 6
65 6
67 6
68 6
76 6
83 6
85 6
91 6
95 6
2 7
4 7
5 7
8 7
12 7
13 7
20 7
25 7
28 7
34 7
42 7
53 7
57 7
63 7
64 7
72 7
73 7
79 7
81 7
83 7
85 7
87 7
93 7
94 7
99 7
4 8
8 8
9 8
12 8
22 8
26 8
30 8
31 8
44 8
46 8
52 8
53 8
56 8
71 8
74 8
75 8
78 8
79 8
94 8
99 8
100 8
4 9
8 9
14 9
20 9
21 9
26 9
28 9
30 9
31 9
35 9
39 9
41 9
43 9
49 9
53 9
60 9
63 9
65 9
69 9
70 9
77 9
79 9
81 9
82 9
92 9
94 9
99 9
1 10
2 10
6 10
7 10
12 10
13 10
15 10
20 10
37 10
39 10
43 10
44 10
47 10
52 10
53 10
67 10
68 10
74 10
80 10
92 10
94 10
96 10
9 11
12 11
13 11
14 11
17 11
18 11
19 11
20 11
21 11
23 11
29 11
30 11
31 11
47 11
52 11
53 11
60 11
66 11
69 11
70 11
71 11
72 11
88 11
90 11
96 11
100 11
1 12
17 12
29 12
33 12
47 12
51 12
57 12
62 12
65 12
73 12
75 12
84 12
86 12
87 12
91 12
92 12
94 12
96 12
97 12
4 13
7 13
16 13
25 13
30 13
31 13
37 13
40 13
42 13
44 13
45 13
47 13
50 13
62 13
64 13
65 13
70 13
71 13
74 13
95 13
96 13
100 13
1 14
3 14
10 14
18 14
20 14
23 14
24 14
37 14
40 14
45 14
55 14
59 14
61 14
62 14
74 14
75 14
79 14
80 14
89 14
90 14
91 14
92 14
93 14
98 14
2 15
4 15
11 15
12 15
14 15
18 15
19 15
22 15
25 15
28 15
42 15
48 15
51 15
53 15
54 15
55 15
59 15
60 15
69 15
70 15
74 15
78 15
79 15
80 15
88 15
89 15
91 15
92 15
93 15
94 15
96 15
100 15
4 16
5 16
7 16
8 16
12 16
13 16
14 16
15 16
16 16
22 16
37 16
42 16
53 16
57 16
61 16
62 16
65 16
67 16
72 16
74 16
80 16
81 16
88 16
89 16
90 16
93 16
96 16
1 17
5 17
21 17
24 17
29 17
30 17
32 17
34 17
43 17
44 17
49 17
51 17
58 17
61 17
64 17
71 17
79 17
83 17
87 17
93 17
94 17
100 17
3 18
16 18
19 18
21 18
22 18
27 18
35 18
36 18
39 18
42 18
48 18
51 18
67 18
68 18
69 18
70 18
76 18
83 18
86 18
90 18
93 18
94 18
100 18
2 19
4 19
10 19
16 19
18 19
23 19
28 19
30 19
31 19
37 19
40 19
43 19
44 19
46 19
48 19
55 19
61 19
73 19
76 19
77 19
89 19
95 19
96 19
2 20
4 20
8 20
10 20
14 20
16 20
20 20
22 20
29 20
34 20
35 20
39 20
45 20
46 20
47 20
50 20
51 20
53 20
56 20
59 20
60 20
62 20
63 20
69 20
76 20
78 20
79 20
87 20
91 20
92 20
96 20
97 20
99 20
100 20
3 21
4 21
5 21
8 21
14 21
20 21
23 21
24 21
31 21
33 21
36 21
39 21
46 21
47 21
52 21
60 21
61 21
69 21
70 21
75 21
77 21
82 21
86 21
88 21
89 21
2 22
13 22
16 22
17 22
29 22
33 22
35 22
40 22
42 22
44 22
51 22
61 22
65 22
66 22
69 22
70 22
76 22
83 22
89 22
100 22
4 23
5 23
8 23
9 23
15 23
17 23
19 23
20 23
22 23
27 23
28 23
41 23
42 23
49 23
55 23
60 23
66 23
67 23
71 23
73 23
83 23
87 23
90 23
94 23
97 23
100 23
2 24
5 24
6 24
20 24
22 24
23 24
26 24
31 24
34 24
40 24
45 24
48 24
53 24
55 24
62 24
66 24
67 24
68 24
73 24
89 24
97 24
99 24
1 25
7 25
11 25
15 25
22 25
24 25
33 25
35 25
46 25
53 25
57 25
60 25
64 25
67 25
68 25
70 25
82 25
85 25
88 25
89 25
90 25
91 25
94 25
98 25
99 25
4 26
8 26
10 26
14 26
17 26
23 26
27 26
28 26
29 26
35 26
38 26
44 26
47 26
53 26
54 26
56 26
61 26
64 26
65 26
69 26
73 26
74 26
78 26
81 26
82 26
88 26
91 26
99 26
4 27
6 27
18 27
32 27
37 27
38 27
41 27
42 27
45 27
47 27
54 27
58 27
61 27
65 27
66 27
70 27
73 27
74 27
76 27
78 27
83 27
86 27
99 27
6 28
7 28
26 28
28 28
32 28
34 28
37 28
44 28
48 28
49 28
50 28
52 28
59 28
62 28
65 28
78 28
79 28
81 28
84 28
86 28
87 28
18 29
20 29
24 29
26 29
28 29
30 29
36 29
39 29
40 29
41 29
42 29
45 29
55 29
58 29
61 29
65 29
71 29
76 29
84 29
86 29
89 29
93 29
97 29
4 30
8 30
21 30
34 30
44 30
48 30
50 30
51 30
52 30
54 30
55 30
56 30
58 30
70 30
75 30
77 30
79 30
85 30
92 30
95 30
96 30
1 31
2 31
6 31
15 31
17 31
18 31
19 31
23 31
27 31
32 31
34 31
36 31
38 31
46 31
47 31
49 31
51 31
54 31
60 31
63 31
65 31
68 31
72 31
74 31
77 31
83 31
84 31
89 31
90 31
95 31
97 31
1 32
6 32
9 32
11 32
12 32
13 32
18 32
20 32
26 32
27 32
28 32
30 32
35 32
51 32
53 32
54 32
56 32
57 32
77 32
80 32
90 32
91 32
95 32
1 33
5 33
8 33
16 33
33 33
35 33
46 33
47 33
63 33
70 33
75 33
76 33
77 33
78 33
82 33
93 33
11 34
17 34
19 34
23 34
31 34
32 34
33 34
43 34
54 34
55 34
56 34
61 34
70 34
73 34
76 34
77 34
78 34
79 34
84 34
91 34
92 34
93 34
99 34
100 34
2 35
4 35
14 35
27 35
28 35
29 35
33 35
35 35
41 35
43 35
48 35
51 35
54 35
56 35
59 35
62 35
64 35
67 35
70 35
75 35
79 35
81 35
84 35
90 35
91 35
95 35
6 36
9 36
12 36
13 36
19 36
21 36
25 36
26 36
27 36
28 36
32 36
38 36
40 36
52 36
62 36
63 36
66 36
77 36
80 36
83 36
86 36
88 36
96 36
98 36
99 36
100 36
1 37
4 37
9 37
17 37
19 37
22 37
23 37
28 37
32 37
39 37
41 37
44 37
48 37
56 37
58 37
63 37
65 37
67 37
77 37
81 37
85 37
86 37
93 37
95 37
97 37
99 37
2 38
8 38
30 38
37 38
38 38
41 38
42 38
47 38
53 38
54 38
58 38
62 38
67 38
68 38
71 38
83 38
94 38
99 38
6 39
12 39
16 39
20 39
33 39
42 39
51 39
52 39
54 39
71 39
77 39
79 39
83 39
86 39
89 39
90 39
91 39
92 39
93 39
94 39
95 39
99 39
2 40
6 40
14 40
16 40
19 40
20 40
21 40
24 40
30 40
31 40
34 40
37 40
57 40
63 40
64 40
65 40
69 40
71 40
74 40
80 40
88 40
95 40
97 40
8 41
13 41
14 41
18 41
21 41
22 41
26 41
30 41
32 41
35 41
37 41
46 41
51 41
55 41
57 41
66 41
67 41
80 41
84 41
89 41
92 41
94 41
96 41
98 41
7 42
9 42
12 42
18 42
19 42
21 42
22 42
25 42
26 42
29 42
37 42
41 42
45 42
55 42
67 42
68 42
76 42
84 42
92 42
93 42
94 42
6 43
8 43
22 43
27 43
28 43
30 43
32 43
33 43
35 43
36 43
38 43
43 43
44 43
45 43
48 43
52 43
59 43
64 43
68 43
69 43
70 43
72 43
77 43
82 43
90 43
91 43
92 43
9 44
14 44
15 44
17 44
20 44
38 44
39 44
44 44
48 44
49 44
53 44
54 44
60 44
62 44
63 44
67 44
72 44
80 44
82 44
89 44
90 44
2 45
7 45
12 45
20 45
22 45
26 45
35 45
48 45
53 45
55 45
57 45
69 45
73 45
76 45
81 45
83 45
85 45
86 45
98 45
99 45
11 46
15 46
21 46
23 46
25 46
32 46
44 46
50 46
54 46
55 46
60 46
61 46
63 46
64 46
68 46
70 46
71 46
74 46
86 46
92 46
3 47
4 47
7 47
9 47
11 47
14 47
19 47
21 47
22 47
25 47
29 47
30 47
36 47
38 47
40 47
44 47
55 47
57 47
60 47
64 47
65 47
66 47
75 47
85 47
88 47
92 47
93 47
95 47
98 47
99 47
10 48
12 48
15 48
21 48
22 48
30 48
42 48
44 48
45 48
55 48
58 48
59 48
69 48
78 48
79 48
83 48
86 48
96 48
1 49
4 49
5 49
6 49
19 49
22 49
25 49
27 49
28 49
33 49
35 49
41 49
44 49
46 49
48 49
51 49
53 49
55 49
62 49
63 49
74 49
77 49
79 49
80 49
82 49
83 49
88 49
91 49
8 50
12 50
15 50
17 50
18 50
20 50
23 50
24 50
44 50
47 50
50 50
74 50
80 50
81 50
87 50
93 50
94 50
98 50
2 51
10 51
13 51
14 51
15 51
17 51
20 51
25 51
29 51
32 51
40 51
45 51
46 51
47 51
56 51
62 51
69 51
77 51
81 51
88 51
89 51
11 52
20 52
23 52
31 52
32 52
35 52
42 52
46 52
47 52
49 52
51 52
53 52
57 52
63 52
64 52
66 52
69 52
74 52
75 52
77 52
81 52
90 52
91 52
97 52
98 52
99 52
8 53
13 53
21 53
22 53
27 53
32 53
37 53
42 53
43 53
45 53
46 53
47 53
57 53
59 53
62 53
63 53
68 53
70 53
75 53
79 53
83 53
89 53
90 53
100 53
3 54
18 54
20 54
21 54
22 54
25 54
31 54
32 54
33 54
38 54
41 54
42 54
50 54
52 54
57 54
64 54
66 54
70 54
79 54
84 54
87 54
89 54
92 54
93 54
1 55
2 55
4 55
8 55
10 55
11 55
15 55
25 55
26 55
28 55
30 55
32 55
38 55
39 55
46 55
50 55
52 55
53 55
59 55
63 55
65 55
66 55
68 55
69 55
70 55
72 55
82 55
85 55
94 55
1 56
6 56
10 56
11 56
19 56
34 56
36 56
37 56
50 56
55 56
56 56
58 56
62 56
63 56
70 56
73 56
76 56
77 56
81 56
84 56
91 56
95 56
98 56
100 56
11 57
14 57
16 57
19 57
21 57
27 57
29 57
31 57
32 57
39 57
44 57
47 57
54 57
57 57
63 57
64 57
74 57
77 57
78 57
79 57
84 57
92 57
96 57
99 57
6 58
9 58
13 58
18 58
20 58
21 58
23 58
26 58
27 58
30 58
37 58
42 58
43 58
45 58
53 58
56 58
60 58
69 58
70 58
76 58
84 58
92 58
100 58
2 59
6 59
7 59
11 59
16 59
21 59
23 59
26 59
30 59
35 59
36 59
37 59
41 59
43 59
47 59
48 59
51 59
54 59
59 59
65 59
66 59
67 59
68 59
69 59
75 59
80 59
86 59
88 59
90 59
91 59
92 59
97 59
1 60
4 60
11 60
14 60
17 60
20 60
29 60
30 60
35 60
43 60
44 60
48 60
53 60
58 60
74 60
81 60
87 60
2 61
3 61
5 61
7 61
8 61
13 61
17 61
21 61
22 61
27 61
31 61
33 61
34 61
36 61
39 61
41 61
43 61
48 61
50 61
59 61
68 61
70 61
75 61
92 61
3 62
4 62
11 62
12 62
18 62
21 62
24 62
28 62
29 62
30 62
34 62
40 62
41 62
48 62
59 62
62 62
65 62
67 62
68 62
69 62
77 62
79 62
81 62
84 62
92 62
95 62
96 62
98 62
99 62
1 63
3 63
4 63
5 63
11 63
13 63
22 63
25 63
31 63
37 63
39 63
40 63
42 63
43 63
48 63
54 63
57 63
58 63
65 63
67 63
68 63
77 63
80 63
84 63
92 63
94 63
100 63
5 64
9 64
14 64
21 64
23 64
28 64
32 64
35 64
38 64
41 64
47 64
49 64
50 64
57 64
62 64
65 64
75 64
78 64
81 64
89 64
94 64
1 65
9 65
10 65
14 65
18 65
22 65
24 65
27 65
29 65
31 65
34 65
37 65
38 65
39 65
46 65
52 65
57 65
59 65
62 65
68 65
71 65
79 65
83 65
84 65
86 65
90 65
95 65
11 66
15 66
16 66
21 66
23 66
27 66
31 66
39 66
40 66
50 66
53 66
54 66
60 66
62 66
68 66
69 66
75 66
85 66
95 66
96 66
98 66
1 67
3 67
9 67
10 67
15 67
17 67
19 67
23 67
24 67
28 67
31 67
35 67
47 67
59 67
62 67
63 67
64 67
69 67
71 67
72 67
74 67
75 67
79 67
83 67
86 67
89 67
90 67
95 67
96 67
97 67
3 68
9 68
19 68
23 68
28 68
30 68
35 68
44 68
45 68
47 68
53 68
54 68
67 68
71 68
72 68
73 68
74 68
75 68
83 68
84 68
87 68
89 68
92 68
94 68
97 68
2 69
6 69
8 69
10 69
19 69
22 69
25 69
30 69
32 69
34 69
35 69
36 69
38 69
43 69
47 69
48 69
54 69
57 69
63 69
64 69
67 69
69 69
76 69
78 69
80 69
81 69
82 69
84 69
85 69
86 69
89 69
100 69
1 70
3 70
11 70
17 70
19 70
23 70
26 70
28 70
30 70
34 70
50 70
51 70
54 70
58 70
66 70
68 70
69 70
71 70
72 70
84 70
87 70
90 70
96 70
1 71
2 71
3 71
9 71
11 71
15 71
22 71
23 71
33 71
40 71
49 71
53 71
56 71
58 71
62 71
63 71
68 71
69 71
74 71
79 71
90 71
91 71
94 71
4 72
5 72
8 72
9 72
14 72
20 72
26 72
33 72
36 72
39 72
42 72
43 72
44 72
53 72
60 72
63 72
65 72
66 72
72 72
75 72
78 72
85 72
89 72
99 72
1 73
2 73
3 73
5 73
18 73
19 73
29 73
30 73
33 73
36 73
37 73
38 73
45 73
48 73
52 73
55 73
60 73
71 73
83 73
92 73
93 73
94 73
95 73
99 73
8 74
10 74
11 74
15 74
17 74
22 74
28 74
34 74
36 74
38 74
43 74
44 74
47 74
48 74
53 74
67 74
68 74
76 74
77 74
80 74
82 74
88 74
89 74
91 74
93 74
95 74
98 74
99 74
3 75
18 75
25 75
26 75
34 75
37 75
45 75
51 75
53 75
57 75
61 75
63 75
67 75
68 75
81 75
83 75
84 75
85 75
90 75
92 75
95 75
98 75
100 75
7 76
9 76
12 76
13 76
20 76
37 76
46 76
51 76
52 76
55 76
57 76
58 76
59 76
60 76
64 76
70 76
72 76
83 76
86 76
93 76
94 76
95 76
100 76
12 77
14 77
15 77
17 77
19 77
23 77
32 77
35 77
37 77
48 77
49 77
59 77
66 77
73 77
76 77
78 77
79 77
82 77
87 77
89 77
91 77
94 77
99 77
7 78
8 78
15 78
20 78
21 78
23 78
28 78
34 78
44 78
48 78
50 78
51 78
64 78
69 78
71 78
73 78
74 78
75 78
77 78
82 78
85 78
86 78
88 78
92 78
95 78
99 78
7 79
9 79
11 79
16 79
19 79
25 79
26 79
27 79
33 79
38 79
49 79
50 79
55 79
58 79
59 79
63 79
65 79
66 79
68 79
70 79
77 79
78 79
94 79
96 79
100 79
7 80
13 80
18 80
20 80
21 80
23 80
26 80
33 80
38 80
47 80
60 80
67 80
68 80
69 80
72 80
79 80
80 80
81 80
84 80
85 80
89 80
92 80
94 80
95 80
96 80
97 80
98 80
99 80
1 81
8 81
16 81
22 81
29 81
31 81
32 81
36 81
37 81
50 81
51 81
52 81
56 81
67 81
73 81
74 81
78 81
80 81
89 81
90 81
91 81
100 81
1 82
16 82
26 82
28 82
30 82
33 82
36 82
40 82
46 82
54 82
55 82
58 82
65 82
68 82
71 82
80 82
81 82
84 82
86 82
90 82
93 82
94 82
99 82
5 83
7 83
8 83
19 83
22 83
23 83
25 83
26 83
36 83
38 83
41 83
48 83
53 83
58 83
59 83
60 83
62 83
65 83
68 83
79 83
90 83
91 83
94 83
95 83
97 83
100 83
1 84
9 84
11 84
14 84
15 84
18 84
19 84
20 84
24 84
27 84
29 84
32 84
37 84
38 84
43 84
73 84
74 84
77 84
78 84
80 84
86 84
89 84
99 84
3 85
5 85
6 85
18 85
19 85
20 85
22 85
24 85
30 85
31 85
32 85
34 85
35 85
38 85
45 85
48 85
51 85
54 85
55 85
58 85
59 85
60 85
61 85
63 85
64 85
66 85
85 85
86 85
88 85
90 85
91 85
97 85
98 85
9 86
10 86
18 86
20 86
22 86
24 86
26 86
29 86
34 86
38 86
54 86
62 86
63 86
67 86
68 86
73 86
74 86
76 86
77 86
84 86
86 86
91 86
93 86
94 86
97 86
1 87
3 87
6 87
8 87
26 87
27 87
29 87
30 87
31 87
33 87
35 87
42 87
45 87
51 87
54 87
55 87
56 87
66 87
70 87
74 87
75 87
78 87
82 87
84 87
85 87
90 87
4 88
9 88
11 88
15 88
20 88
26 88
31 88
33 88
34 88
35 88
38 88
42 88
46 88
53 88
54 88
55 88
61 88
77 88
80 88
81 88
83 88
88 88
90 88
92 88
100 88
2 89
4 89
8 89
12 89
31 89
32 89
38 89
41 89
44 89
46 89
49 89
51 89
60 89
66 89
67 89
73 89
76 89
77 89
78 89
83 89
91 89
97 89
99 89
100 89
8 90
10 90
15 90
17 90
18 90
28 90
30 90
40 90
57 90
62 90
63 90
69 90
72 90
82 90
83 90
87 90
94 90
95 90
97 90
98 90
99 90
2 91
5 91
14 91
16 91
26 91
27 91
28 91
30 91
33 91
36 91
45 91
48 91
50 91
52 91
59 91
66 91
74 91
78 91
83 91
85 91
90 91
2 92
5 92
7 92
8 92
20 92
21 92
22 92
25 92
30 92
33 92
36 92
37 92
42 92
43 92
47 92
51 92
55 92
66 92
69 92
70 92
71 92
72 92
73 92
76 92
86 92
88 92
89 92
90 92
91 92
97 92
3 93
5 93
13 93
20 93
23 93
26 93
34 93
37 93
38 93
44 93
53 93
54 93
60 93
61 93
62 93
64 93
74 93
75 93
77 93
82 93
84 93
87 93
90 93
91 93
98 93
100 93
2 94
25 94
30 94
31 94
34 94
35 94
40 94
42 94
43 94
45 94
50 94
54 94
63 94
68 94
75 94
87 94
88 94
90 94
93 94
95 94
4 95
10 95
15 95
16 95
20 95
34 95
37 95
38 95
41 95
44 95
46 95
49 95
53 95
59 95
63 95
64 95
65 95
71 95
73 95
74 95
81 95
93 95
3 96
4 96
8 96
9 96
10 96
13 96
25 96
29 96
32 96
34 96
45 96
46 96
47 96
51 96
53 96
55 96
56 96
62 96
63 96
65 96
66 96
69 96
70 96
72 96
81 96
82 96
83 96
84 96
90 96
1 97
3 97
4 97
19 97
20 97
32 97
33 97
38 97
44 97
45 97
50 97
53 97
59 97
68 97
73 97
74 97
79 97
82 97
83 97
93 97
99 97
7 98
8 98
9 98
10 98
13 98
15 98
16 98
26 98
38 98
39 98
43 98
48 98
56 98
61 98
62 98
69 98
71 98
77 98
80 98
84 98
85 98
93 98
96 98
97 98
16 99
18 99
20 99
25 99
26 99
29 99
33 99
39 99
41 99
52 99
56 99
60 99
62 99
64 99
69 99
72 99
74 99
77 99
80 99
81 99
82 99
87 99
95 99
96 99
3 100
12 100
15 100
19 100
21 100
25 100
26 100
30 100
50 100
65 100
71 100
74 100
79 100
82 100
84 100
97 100
