100
1 1
3 1
6 1
7 1
16 1
17 1
22 1
29 1
32 1
38 1
41 1
42 1
45 1
49 1
50 1
52 1
54 1
55 1
57 1
60 1
65 1
66 1
78 1
79 1
80 1
81 1
83 1
84 1
86 1
97 1
99 1
9 2
16 2
17 2
18 2
28 2
30 2
31 2
33 2
34 2
38 2
44 2
47 2
49 2
52 2
56 2
57 2
59 2
61 2
62 2
68 2
69 2
75 2
79 2
81 2
84 2
85 2
92 2
96 2
97 2
98 2
5 3
13 3
14 3
22 3
28 3
29 3
32 3
36 3
39 3
54 3
58 3
62 3
64 3
66 3
77 3
82 3
84 3
90 3
98 3
9 4
18 4
20 4
21 4
22 4
23 4
24 4
27 4
32 4
40 4
46 4
49 4
53 4
55 4
61 4
63 4
65 4
68 4
72 4
74 4
77 4
87 4
91 4
96 4
97 4
98 4
99 4
100 4
4 5
16 5
20 5
21 5
22 5
23 5
28 5
34 5
35 5
47 5
52 5
57 5
60 5
64 5
67 5
68 5
72 5
75 5
79 5
84 5
85 5
86 5
89 5
8 6
9 6
10 6
13 6
15 6
29 6
38 6
39 6
40 6
41 6
45 6
47 6
49 6
52 6
55 6
56 6
61 6
62 6
66 6
67 6
72 6
78 6
84 6
85 6
86 6
90 6
95 6
98 6
99 6
100 6
6 7
7 7
17 7
23 7
34 7
45 7
47 7
51 7
60 7
61 7
69 7
70 7
78 7
82 7
87 7
90 7
92 7
95 7
97 7
1 8
5 8
7 8
10 8
15 8
17 8
29 8
30 8
34 8
35 8
38 8
40 8
41 8
46 8
51 8
56 8
64 8
72 8
75 8
84 8
88 8
90 8
91 8
92 8
93 8
97 8
98 8
99 8
1 9
4 9
13 9
14 9
19 9
20 9
22 9
27 9
29 9
30 9
41 9
44 9
45 9
52 9
54 9
60 9
62 9
67 9
69 9
70 9
71 9
81 9
82 9
83 9
85 9
86 9
92 9
95 9
97 9
98 9
100 9
1 10
8 10
15 10
19 10
22 10
25 10
28 10
29 10
38 10
51 10
53 10
57 10
60 10
65 10
70 10
73 10
75 10
80 10
99 10
2 11
10 11
14 11
26 11
29 11
31 11
36 11
46 11
54 11
57 11
58 11
60 11
67 11
70 11
71 11
74 11
75 11
76 11
80 11
88 11
90 11
92 11
94 11
6 12
16 12
17 12
18 12
19 12
20 12
21 12
24 12
25 12
27 12
29 12
30 12
34 12
39 12
40 12
41 12
51 12
56 12
61 12
64 12
68 12
72 12
77 12
80 12
81 12
88 12
89 12
96 12
98 12
99 12
100 12
1 13
4 13
5 13
10 13
14 13
19 13
26 13
27 13
28 13
29 13
31 13
35 13
47 13
48 13
49 13
57 13
60 13
64 13
65 13
66 13
72 13
73 13
84 13
88 13
100 13
1 14
2 14
7 14
8 14
21 14
22 14
25 14
26 14
27 14
30 14
32 14
38 14
45 14
51 14
57 14
62 14
66 14
68 14
74 14
77 14
78 14
80 14
84 14
87 14
97 14
100 14
5 15
10 15
17 15
27 15
28 15
30 15
31 15
45 15
48 15
53 15
64 15
65 15
72 15
79 15
83 15
87 15
89 15
92 15
94 15
95 15
1 16
4 16
6 16
10 16
13 16
14 16
19 16
23 16
26 16
28 16
30 16
32 16
40 16
44 16
45 16
49 16
51 16
55 16
64 16
70 16
73 16
81 16
82 16
87 16
96 16
98 16
99 16
100 16
1 17
4 17
9 17
19 17
21 17
24 17
25 17
31 17
32 17
46 17
50 17
53 17
57 17
63 17
66 17
67 17
70 17
71 17
88 17
89 17
91 17
94 17
98 17
99 17
1 18
4 18
6 18
8 18
10 18
14 18
29 18
33 18
40 18
41 18
43 18
46 18
48 18
49 18
51 18
60 18
62 18
63 18
69 18
71 18
86 18
89 18
92 18
14 19
15 19
19 19
23 19
25 19
28 19
34 19
36 19
39 19
40 19
41 19
46 19
65 19
68 19
76 19
82 19
91 19
94 19
5 20
6 20
9 20
10 20
20 20
23 20
28 20
31 20
37 20
39 20
43 20
53 20
54 20
65 20
67 20
70 20
74 20
75 20
76 20
78 20
80 20
83 20
89 20
91 20
94 20
100 20
1 21
8 21
17 21
19 21
21 21
27 21
28 21
29 21
30 21
35 21
40 21
42 21
47 21
50 21
57 21
65 21
67 21
78 21
79 21
82 21
89 21
2 22
5 22
9 22
10 22
17 22
33 22
37 22
38 22
39 22
40 22
43 22
44 22
47 22
48 22
56 22
57 22
64 22
66 22
72 22
80 22
81 22
82 22
87 22
89 22
94 22
97 22
2 23
3 23
7 23
14 23
15 23
17 23
19 23
25 23
28 23
33 23
35 23
43 23
46 23
62 23
75 23
82 23
87 23
91 23
92 23
97 23
16 24
19 24
20 24
24 24
30 24
32 24
35 24
41 24
47 24
49 24
53 24
54 24
56 24
58 24
62 24
84 24
85 24
87 24
89 24
91 24
96 24
2 25
5 25
13 25
26 25
28 25
33 25
35 25
40 25
43 25
45 25
46 25
48 25
49 25
50 25
51 25
55 25
60 25
73 25
75 25
76 25
77 25
81 25
86 25
89 25
90 25
91 25
95 25
96 25
7 26
9 26
10 26
22 26
24 26
29 26
34 26
41 26
42 26
47 26
49 26
51 26
66 26
67 26
70 26
71 26
73 26
86 26
88 26
96 26
99 26
100 26
2 27
3 27
6 27
13 27
16 27
18 27
29 27
41 27
46 27
49 27
53 27
55 27
63 27
66 27
69 27
70 27
72 27
79 27
83 27
84 27
87 27
92 27
1 28
2 28
5 28
11 28
14 28
15 28
16 28
21 28
24 28
25 28
26 28
27 28
33 28
34 28
35 28
40 28
41 28
45 28
51 28
57 28
60 28
66 28
69 28
76 28
77 28
82 28
90 28
97 28
2 29
19 29
21 29
23 29
24 29
27 29
28 29
29 29
30 29
32 29
39 29
43 29
45 29
48 29
57 29
63 29
65 29
75 29
77 29
78 29
84 29
91 29
95 29
97 29
3 30
5 30
6 30
9 30
13 30
30 30
34 30
42 30
51 30
56 30
72 30
76 30
79 30
92 30
94 30
1 31
3 31
6 31
7 31
8 31
9 31
10 31
19 31
24 31
32 31
35 31
45 31
47 31
49 31
54 31
60 31
61 31
69 31
71 31
75 31
78 31
80 31
81 31
82 31
87 31
88 31
91 31
94 31
95 31
4 32
6 32
14 32
17 32
20 32
24 32
29 32
30 32
35 32
36 32
40 32
42 32
43 32
44 32
46 32
50 32
51 32
54 32
56 32
60 32
64 32
65 32
66 32
75 32
78 32
79 32
85 32
89 32
97 32
98 32
8 33
12 33
14 33
18 33
28 33
31 33
32 33
40 33
50 33
51 33
54 33
57 33
61 33
69 33
74 33
76 33
80 33
83 33
90 33
93 33
95 33
96 33
7 34
12 34
16 34
20 34
22 34
24 34
29 34
31 34
33 34
38 34
50 34
52 34
59 34
75 34
76 34
80 34
81 34
83 34
88 34
2 35
4 35
5 35
14 35
16 35
20 35
22 35
26 35
38 35
39 35
46 35
52 35
56 35
59 35
60 35
61 35
68 35
69 35
71 35
81 35
82 35
83 35
84 35
86 35
87 35
90 35
93 35
95 35
100 35
3 36
5 36
10 36
17 36
34 36
41 36
44 36
46 36
52 36
70 36
82 36
85 36
93 36
100 36
8 37
13 37
15 37
21 37
22 37
25 37
34 37
38 37
48 37
51 37
55 37
65 37
66 37
69 37
77 37
88 37
92 37
93 37
94 37
97 37
6 38
11 38
12 38
21 38
27 38
34 38
37 38
45 38
47 38
48 38
49 38
50 38
52 38
58 38
62 38
70 38
74 38
77 38
80 38
91 38
93 38
3 39
6 39
11 39
12 39
20 39
21 39
24 39
28 39
38 39
48 39
51 39
57 39
59 39
67 39
69 39
71 39
72 39
76 39
78 39
80 39
84 39
87 39
89 39
93 39
94 39
95 39
1 40
7 40
13 40
14 40
15 40
16 40
29 40
30 40
34 40
36 40
45 40
62 40
69 40
70 40
76 40
79 40
84 40
85 40
86 40
90 40
91 40
95 40
96 40
4 41
5 41
6 41
8 41
9 41
14 41
25 41
31 41
35 41
37 41
39 41
40 41
50 41
52 41
56 41
57 41
64 41
68 41
87 41
91 41
92 41
99 41
4 42
7 42
9 42
21 42
25 42
29 42
34 42
39 42
41 42
42 42
43 42
44 42
45 42
46 42
47 42
49 42
50 42
60 42
61 42
68 42
69 42
71 42
84 42
85 42
93 42
1 43
9 43
10 43
11 43
18 43
19 43
29 43
33 43
38 43
41 43
42 43
56 43
59 43
61 43
63 43
64 43
76 43
81 43
88 43
97 43
98 43
5 44
18 44
19 44
22 44
25 44
27 44
30 44
33 44
35 44
39 44
43 44
45 44
47 44
51 44
64 44
70 44
71 44
72 44
74 44
75 44
78 44
88 44
89 44
90 44
91 44
95 44
96 44
99 44
5 45
6 45
14 45
19 45
21 45
24 45
35 45
43 45
50 45
64 45
65 45
66 45
69 45
71 45
74 45
75 45
79 45
80 45
82 45
85 45
87 45
90 45
99 45
1 46
3 46
5 46
8 46
11 46
13 46
15 46
22 46
25 46
29 46
34 46
37 46
42 46
43 46
44 46
45 46
46 46
49 46
56 46
61 46
71 46
74 46
75 46
78 46
83 46
89 46
91 46
97 46
98 46
100 46
2 47
3 47
8 47
9 47
18 47
20 47
21 47
30 47
34 47
45 47
48 47
55 47
58 47
61 47
62 47
67 47
68 47
74 47
85 47
86 47
87 47
88 47
98 47
99 47
1 48
3 48
6 48
7 48
12 48
23 48
30 48
33 48
40 48
43 48
44 48
45 48
47 48
51 48
52 48
53 48
62 48
70 48
73 48
74 48
76 48
81 48
85 48
91 48
92 48
100 48
6 49
8 49
13 49
16 49
17 49
19 49
25 49
28 49
36 49
42 49
43 49
50 49
52 49
53 49
54 49
56 49
62 49
65 49
77 49
84 49
87 49
88 49
96 49
5 50
9 50
10 50
11 50
13 50
14 50
16 50
19 50
22 50
23 50
26 50
34 50
35 50
37 50
41 50
42 50
43 50
44 50
45 50
48 50
50 50
51 50
58 50
63 50
66 50
67 50
68 50
70 50
73 50
74 50
75 50
76 50
89 50
90 50
91 50
5 51
13 51
14 51
19 51
21 51
38 51
39 51
42 51
44 51
46 51
49 51
51 51
63 51
64 51
75 51
78 51
80 51
85 51
87 51
91 51
96 51
98 51
99 51
2 52
7 52
13 52
15 52
17 52
18 52
24 52
29 52
40 52
41 52
45 52
50 52
58 52
64 52
66 52
67 52
72 52
85 52
89 52
92 52
95 52
99 52
2 53
3 53
6 53
8 53
9 53
10 53
11 53
13 53
15 53
17 53
25 53
27 53
28 53
33 53
34 53
37 53
44 53
47 53
51 53
56 53
58 53
59 53
63 53
66 53
69 53
72 53
76 53
78 53
85 53
87 53
88 53
89 53
92 53
96 53
4 54
5 54
11 54
12 54
13 54
23 54
29 54
33 54
34 54
35 54
50 54
54 54
60 54
62 54
63 54
67 54
69 54
72 54
87 54
88 54
89 54
90 54
94 54
100 54
2 55
4 55
6 55
7 55
13 55
17 55
21 55
23 55
28 55
31 55
37 55
45 55
46 55
50 55
60 55
62 55
65 55
67 55
68 55
73 55
74 55
76 55
89 55
92 55
95 55
96 55
99 55
4 56
6 56
26 56
27 56
33 56
34 56
38 56
39 56
43 56
44 56
48 56
54 56
55 56
56 56
61 56
64 56
70 56
71 56
74 56
76 56
88 56
89 56
2 57
8 57
10 57
12 57
14 57
18 57
27 57
28 57
31 57
33 57
37 57
38 57
40 57
45 57
47 57
50 57
51 57
52 57
59 57
63 57
65 57
78 57
79 57
80 57
83 57
85 57
91 57
95 57
96 57
99 57
8 58
10 58
12 58
13 58
26 58
32 58
42 58
44 58
49 58
58 58
59 58
61 58
63 58
65 58
70 58
72 58
75 58
76 58
77 58
84 58
92 58
2 59
3 59
12 59
17 59
23 59
24 59
32 59
35 59
39 59
40 59
45 59
48 59
53 59
57 59
60 59
62 59
63 59
75 59
78 59
81 59
82 59
85 59
86 59
2 60
4 60
6 60
14 60
16 60
20 60
25 60
26 60
31 60
32 60
35 60
39 60
40 60
44 60
45 60
46 60
53 60
54 60
56 60
59 60
60 60
80 60
81 60
84 60
97 60
3 61
6 61
10 61
22 61
31 61
32 61
39 61
43 61
45 61
49 61
53 61
56 61
57 61
58 61
60 61
66 61
71 61
72 61
73 61
81 61
84 61
87 61
88 61
89 61
91 61
92 61
95 61
97 61
1 62
3 62
9 62
10 62
14 62
17 62
20 62
21 62
26 62
33 62
35 62
39 62
50 62
62 62
65 62
74 62
82 62
93 62
96 62
100 62
4 63
7 63
9 63
11 63
22 63
24 63
25 63
27 63
37 63
45 63
51 63
54 63
57 63
68 63
69 63
72 63
80 63
83 63
84 63
85 63
90 63
91 63
93 63
95 63
97 63
3 64
4 64
9 64
10 64
23 64
27 64
28 64
29 64
30 64
32 64
33 64
38 64
39 64
40 64
41 64
43 64
47 64
50 64
54 64
55 64
56 64
59 64
62 64
72 64
73 64
74 64
76 64
82 64
83 64
89 64
90 64
92 64
94 64
1 65
2 65
6 65
10 65
14 65
16 65
36 65
41 65
48 65
55 65
57 65
77 65
83 65
86 65
87 65
88 65
89 65
91 65
92 65
2 66
3 66
4 66
5 66
13 66
15 66
22 66
23 66
24 66
25 66
27 66
28 66
38 66
39 66
48 66
62 66
64 66
67 66
68 66
69 66
78 66
80 66
82 66
83 66
85 66
86 66
93 66
95 66
98 66
2 67
5 67
8 67
9 67
11 67
14 67
17 67
20 67
26 67
27 67
28 67
29 67
32 67
35 67
42 67
47 67
48 67
50 67
52 67
58 67
63 67
82 67
97 67
99 67
3 68
6 68
29 68
31 68
33 68
39 68
40 68
45 68
49 68
50 68
51 68
53 68
54 68
76 68
84 68
94 68
98 68
5 69
9 69
12 69
13 69
21 69
23 69
27 69
35 69
37 69
39 69
52 69
53 69
54 69
58 69
62 69
63 69
72 69
75 69
85 69
87 69
88 69
89 69
1 70
8 70
12 70
22 70
25 70
35 70
41 70
43 70
45 70
49 70
59 70
62 70
66 70
69 70
71 70
73 70
78 70
83 70
87 70
93 70
97 70
98 70
2 71
4 71
8 71
12 71
14 71
16 71
25 71
32 71
33 71
34 71
41 71
45 71
46 71
52 71
53 71
55 71
60 71
65 71
67 71
70 71
71 71
72 71
77 71
80 71
88 71
100 71
9 72
15 72
21 72
28 72
33 72
38 72
40 72
46 72
53 72
55 72
56 72
58 72
62 72
63 72
73 72
78 72
82 72
83 72
88 72
92 72
93 72
95 72
100 72
1 73
7 73
10 73
16 73
22 73
24 73
26 73
28 73
30 73
36 73
43 73
44 73
49 73
52 73
55 73
56 73
67 73
74 73
79 73
84 73
87 73
89 73
95 73
1 74
6 74
7 74
9 74
15 74
16 74
17 74
18 74
20 74
25 74
36 74
37 74
38 74
41 74
43 74
47 74
51 74
54 74
55 74
58 74
60 74
65 74
69 74
70 74
73 74
75 74
81 74
84 74
86 74
97 74
4 75
5 75
8 75
18 75
23 75
34 75
38 75
39 75
41 75
43 75
44 75
52 75
61 75
64 75
69 75
76 75
83 75
98 75
1 76
12 76
14 76
16 76
22 76
23 76
24 76
25 76
27 76
30 76
33 76
36 76
38 76
40 76
47 76
51 76
52 76
56 76
60 76
61 76
62 76
66 76
77 76
78 76
82 76
83 76
84 76
95 76
97 76
98 76
4 77
6 77
7 77
8 77
10 77
11 77
12 77
14 77
24 77
27 77
34 77
37 77
38 77
44 77
46 77
55 77
61 77
65 77
66 77
82 77
83 77
86 77
87 77
88 77
93 77
96 77
1 78
8 78
14 78
15 78
17 78
20 78
21 78
32 78
35 78
43 78
49 78
52 78
53 78
55 78
69 78
76 78
77 78
80 78
82 78
85 78
87 78
96 78
1 79
9 79
11 79
16 79
18 79
19 79
21 79
27 79
34 79
35 79
37 79
39 79
44 79
47 79
52 79
54 79
57 79
76 79
78 79
79 79
82 79
83 79
92 79
94 79
98 79
1 80
16 80
18 80
23 80
37 80
39 80
40 80
44 80
46 80
47 80
52 80
59 80
66 80
68 80
70 80
73 80
75 80
76 80
80 80
83 80
86 80
88 80
89 80
91 80
97 80
99 80
100 80
6 81
13 81
18 81
19 81
32 81
39 81
41 81
42 81
43 81
46 81
53 81
55 81
59 81
60 81
61 81
64 81
67 81
69 81
72 81
74 81
76 81
81 81
87 81
94 81
96 81
97 81
1 82
4 82
6 82
10 82
12 82
14 82
17 82
20 82
24 82
29 82
30 82
42 82
46 82
47 82
49 82
55 82
58 82
59 82
65 82
67 82
70 82
73 82
82 82
89 82
98 82
100 82
8 83
10 83
12 83
14 83
15 83
16 83
17 83
19 83
21 83
22 83
24 83
32 83
33 83
35 83
39 83
41 83
42 83
48 83
58 83
61 83
63 83
64 83
65 83
72 83
84 83
85 83
90 83
91 83
93 83
95 83
5 84
11 84
16 84
17 84
23 84
25 84
30 84
33 84
40 84
43 84
49 84
65 84
73 84
78 84
79 84
88 84
89 84
98 84
10 85
12 85
14 85
27 85
30 85
35 85
36 85
38 85
44 85
45 85
46 85
47 85
54 85
56 85
58 85
71 85
76 85
79 85
81 85
91 85
99 85
100 85
4 86
7 86
8 86
10 86
14 86
15 86
23 86
25 86
28 86
32 86
39 86
40 86
46 86
50 86
51 86
55 86
59 86
73 86
80 86
83 86
86 86
89 86
90 86
91 86
92 86
93 86
97 86
1 87
7 87
9 87
12 87
14 87
15 87
19 87
31 87
34 87
35 87
37 87
38 87
40 87
41 87
48 87
52 87
53 87
57 87
58 87
61 87
71 87
79 87
81 87
82 87
89 87
90 87
93 87
95 87
96 87
97 87
2 88
9 88
11 88
21 88
22 88
28 88
31 88
37 88
38 88
39 88
40 88
45 88
47 88
50 88
51 88
60 88
70 88
73 88
76 88
77 88
80 88
83 88
86 88
88 88
89 88
92 88
100 88
4 89
9 89
14 89
16 89
19 89
26 89
31 89
37 89
39 89
42 89
44 89
67 89
70 89
72 89
73 89
74 89
75 89
76 89
77 89
78 89
80 89
86 89
97 89
7 90
12 90
16 90
27 90
28 90
33 90
35 90
39 90
48 90
53 90
55 90
69 90
70 90
75 90
76 90
82 90
89 90
94 90
97 90
99 90
100 90
4 91
5 91
9 91
10 91
14 91
16 91
17 91
30 91
39 91
47 91
50 91
55 91
64 91
67 91
69 91
70 91
74 91
75 91
78 91
79 91
80 91
81 91
83 91
93 91
97 91
98 91
99 91
100 91
20 92
24 92
25 92
44 92
46 92
55 92
58 92
59 92
64 92
70 92
71 92
74 92
80 92
82 92
84 92
90 92
94 92
96 92
99 92
3 93
5 93
6 93
16 93
19 93
23 93
27 93
35 93
41 93
47 93
49 93
54 93
56 93
65 93
80 93
82 93
89 93
92 93
95 93
97 93
98 93
100 93
1 94
3 94
18 94
19 94
22 94
26 94
37 94
55 94
56 94
57 94
59 94
60 94
70 94
74 94
76 94
82 94
91 94
93 94
94 94
6 95
12 95
15 95
22 95
33 95
36 95
40 95
45 95
48 95
50 95
56 95
57 95
61 95
67 95
72 95
77 95
78 95
80 95
81 95
82 95
84 95
85 95
91 95
92 95
94 95
96 95
99 95
1 96
4 96
11 96
18 96
25 96
26 96
29 96
30 96
31 96
35 96
37 96
39 96
41 96
47 96
49 96
52 96
58 96
60 96
61 96
64 96
71 96
76 96
77 96
81 96
84 96
86 96
93 96
1 97
6 97
9 97
15 97
25 97
26 97
29 97
35 97
36 97
37 97
42 97
43 97
45 97
46 97
50 97
53 97
60 97
63 97
64 97
65 97
66 97
69 97
73 97
75 97
76 97
83 97
84 97
89 97
90 97
92 97
95 97
96 97
97 97
1 98
5 98
7 98
11 98
24 98
28 98
29 98
33 98
44 98
45 98
47 98
54 98
57 98
58 98
59 98
66 98
70 98
71 98
75 98
79 98
82 98
88 98
89 98
100 98
3 99
5 99
6 99
11 99
15 99
16 99
25 99
30 99
37 99
38 99
40 99
43 99
49 99
54 99
60 99
63 99
64 99
66 99
67 99
74 99
78 99
80 99
82 99
87 99
6 100
13 100
27 100
30 100
31 100
33 100
41 100
42 100
45 100
46 100
50 100
51 100
54 100
55 100
58 100
60 100
61 100
63 100
68 100
70 100
71 100
76 100
79 100
81 100
85 100
93 100
94 100
95 100
96 100
