100
1 1
4 1
8 1
10 1
18 1
20 1
23 1
27 1
28 1
29 1
30 1
35 1
46 1
50 1
53 1
57 1
60 1
64 1
65 1
66 1
67 1
69 1
73 1
74 1
76 1
80 1
83 1
90 1
92 1
97 1
2 2
3 2
5 2
7 2
10 2
11 2
15 2
20 2
23 2
29 2
33 2
35 2
41 2
51 2
53 2
56 2
64 2
65 2
67 2
69 2
70 2
79 2
87 2
98 2
99 2
3 3
9 3
11 3
16 3
22 3
23 3
26 3
34 3
37 3
40 3
45 3
46 3
48 3
50 3
53 3
65 3
66 3
67 3
68 3
69 3
70 3
76 3
78 3
80 3
87 3
88 3
89 3
90 3
91 3
93 3
98 3
99 3
11 4
15 4
17 4
19 4
27 4
33 4
34 4
36 4
37 4
38 4
42 4
55 4
59 4
61 4
62 4
67 4
69 4
77 4
84 4
97 4
1 5
3 5
5 5
13 5
15 5
17 5
21 5
23 5
27 5
29 5
42 5
53 5
58 5
62 5
72 5
77 5
81 5
83 5
87 5
90 5
91 5
93 5
95 5
98 5
99 5
26 6
28 6
39 6
40 6
43 6
46 6
47 6
51 6
54 6
62 6
68 6
69 6
71 6
72 6
74 6
88 6
95 6
98 6
7 7
12 7
15 7
16 7
30 7
31 7
34 7
35 7
43 7
44 7
47 7
49 7
54 7
57 7
63 7
65 7
68 7
69 7
76 7
77 7
83 7
84 7
88 7
97 7
1 8
7 8
10 8
13 8
15 8
21 8
24 8
25 8
26 8
32 8
40 8
42 8
45 8
46 8
50 8
51 8
58 8
71 8
74 8
78 8
80 8
84 8
93 8
95 8
3 9
5 9
10 9
12 9
14 9
23 9
26 9
37 9
38 9
43 9
45 9
46 9
48 9
52 9
53 9
56 9
60 9
61 9
62 9
64 9
65 9
66 9
67 9
70 9
73 9
74 9
78 9
84 9
87 9
96 9
9 10
11 10
20 10
22 10
27 10
30 10
32 10
34 10
35 10
39 10
41 10
42 10
46 10
47 10
52 10
53 10
55 10
57 10
63 10
67 10
69 10
71 10
74 10
79 10
80 10
84 10
85 10
86 10
88 10
92 10
95 10
1 11
3 11
4 11
16 11
27 11
28 11
29 11
36 11
47 11
48 11
50 11
51 11
55 11
59 11
63 11
65 11
66 11
67 11
70 11
72 11
76 11
78 11
79 11
90 11
91 11
94 11
96 11
11 12
12 12
18 12
21 12
22 12
25 12
26 12
27 12
30 12
31 12
33 12
38 12
42 12
45 12
48 12
50 12
60 12
61 12
62 12
66 12
73 12
78 12
79 12
81 12
82 12
85 12
86 12
90 12
93 12
96 12
98 12
100 12
1 13
7 13
10 13
11 13
16 13
17 13
21 13
22 13
39 13
41 13
42 13
44 13
45 13
50 13
52 13
53 13
67 13
71 13
72 13
73 13
77 13
78 13
79 13
84 13
86 13
90 13
92 13
100 13
1 14
6 14
8 14
9 14
11 14
16 14
24 14
26 14
31 14
32 14
35 14
39 14
40 14
42 14
43 14
44 14
50 14
51 14
53 14
60 14
61 14
73 14
77 14
80 14
81 14
82 14
83 14
85 14
87 14
91 14
92 14
94 14
98 14
100 14
2 15
5 15
7 15
12 15
24 15
25 15
27 15
30 15
32 15
34 15
35 15
38 15
41 15
43 15
45 15
47 15
49 15
56 15
59 15
66 15
69 15
71 15
75 15
77 15
85 15
90 15
93 15
100 15
2 16
3 16
4 16
16 16
18 16
19 16
24 16
25 16
30 16
32 16
37 16
39 16
40 16
55 16
56 16
57 16
59 16
60 16
63 16
64 16
65 16
67 16
69 16
72 16
75 16
85 16
89 16
91 16
92 16
94 16
3 17
4 17
6 17
8 17
11 17
14 17
17 17
18 17
19 17
21 17
28 17
33 17
38 17
40 17
46 17
50 17
51 17
52 17
53 17
54 17
57 17
60 17
63 17
65 17
66 17
69 17
73 17
75 17
77 17
78 17
83 17
84 17
95 17
96 17
97 17
98 17
6 18
10 18
13 18
15 18
16 18
17 18
23 18
27 18
29 18
30 18
34 18
42 18
43 18
45 18
46 18
49 18
56 18
58 18
61 18
63 18
68 18
69 18
71 18
78 18
80 18
83 18
89 18
93 18
96 18
100 18
27 19
34 19
50 19
53 19
64 19
76 19
77 19
78 19
80 19
82 19
86 19
87 19
88 19
92 19
1 20
2 20
11 20
12 20
21 20
34 20
44 20
49 20
50 20
55 20
78 20
80 20
88 20
97 20
98 20
99 20
6 21
10 21
13 21
14 21
17 21
22 21
25 21
28 21
32 21
34 21
35 21
36 21
37 21
39 21
43 21
44 21
47 21
54 21
57 21
61 21
62 21
73 21
87 21
90 21
93 21
94 21
97 21
98 21
99 21
2 22
7 22
11 22
12 22
15 22
17 22
19 22
20 22
29 22
31 22
32 22
34 22
37 22
44 22
46 22
47 22
48 22
50 22
51 22
55 22
58 22
67 22
72 22
73 22
79 22
91 22
92 22
98 22
99 22
100 22
1 23
3 23
4 23
10 23
11 23
15 23
17 23
20 23
29 23
31 23
37 23
41 23
56 23
59 23
68 23
69 23
78 23
83 23
84 23
86 23
87 23
90 23
93 23
95 23
7 24
11 24
12 24
20 24
28 24
36 24
41 24
42 24
44 24
46 24
51 24
52 24
58 24
61 24
68 24
69 24
75 24
76 24
78 24
84 24
87 24
88 24
91 24
93 24
98 24
99 24
9 25
14 25
16 25
19 25
23 25
26 25
40 25
41 25
42 25
46 25
48 25
62 25
65 25
67 25
68 25
69 25
73 25
76 25
77 25
80 25
86 25
91 25
94 25
99 25
100 25
2 26
9 26
10 26
15 26
18 26
27 26
31 26
35 26
36 26
38 26
42 26
43 26
46 26
52 26
57 26
63 26
67 26
70 26
71 26
79 26
90 26
94 26
95 26
100 26
1 27
10 27
16 27
17 27
19 27
21 27
22 27
27 27
32 27
36 27
39 27
43 27
44 27
49 27
54 27
57 27
58 27
59 27
61 27
62 27
64 27
73 27
74 27
82 27
85 27
90 27
91 27
92 27
93 27
10 28
11 28
13 28
16 28
25 28
26 28
27 28
28 28
32 28
33 28
35 28
37 28
40 28
49 28
51 28
58 28
71 28
83 28
85 28
94 28
97 28
100 28
4 29
8 29
9 29
14 29
18 29
23 29
26 29
27 29
28 29
35 29
37 29
42 29
47 29
51 29
56 29
57 29
60 29
63 29
71 29
74 29
76 29
83 29
86 29
92 29
99 29
100 29
3 30
8 30
11 30
16 30
19 30
28 30
30 30
33 30
37 30
39 30
45 30
47 30
53 30
55 30
59 30
61 30
63 30
64 30
74 30
76 30
78 30
85 30
87 30
90 30
91 30
93 30
95 30
99 30
2 31
5 31
6 31
8 31
12 31
14 31
16 31
19 31
21 31
22 31
24 31
26 31
28 31
32 31
35 31
39 31
43 31
46 31
48 31
60 31
62 31
64 31
69 31
70 31
71 31
72 31
78 31
79 31
80 31
83 31
84 31
93 31
96 31
97 31
99 31
100 31
3 32
7 32
10 32
12 32
16 32
23 32
26 32
28 32
31 32
33 32
34 32
48 32
51 32
55 32
57 32
62 32
63 32
64 32
66 32
68 32
71 32
73 32
76 32
77 32
84 32
85 32
86 32
89 32
93 32
98 32
99 32
6 33
7 33
8 33
11 33
12 33
15 33
20 33
27 33
29 33
30 33
32 33
33 33
34 33
38 33
39 33
43 33
44 33
46 33
47 33
49 33
54 33
65 33
69 33
76 33
82 33
84 33
85 33
92 33
99 33
3 34
17 34
19 34
20 34
28 34
29 34
33 34
37 34
41 34
43 34
48 34
53 34
62 34
66 34
78 34
82 34
85 34
89 34
92 34
93 34
94 34
95 34
96 34
98 34
15 35
27 35
30 35
32 35
37 35
42 35
44 35
47 35
48 35
53 35
59 35
60 35
62 35
78 35
86 35
88 35
90 35
91 35
92 35
96 35
99 35
100 35
7 36
16 36
18 36
27 36
29 36
31 36
32 36
38 36
45 36
49 36
57 36
60 36
62 36
63 36
64 36
66 36
68 36
70 36
71 36
76 36
79 36
80 36
81 36
86 36
88 36
97 36
99 36
4 37
8 37
14 37
15 37
17 37
21 37
25 37
35 37
37 37
38 37
41 37
42 37
44 37
48 37
59 37
66 37
67 37
68 37
78 37
80 37
87 37
91 37
92 37
93 37
99 37
6 38
7 38
8 38
9 38
10 38
14 38
24 38
25 38
28 38
35 38
45 38
55 38
56 38
65 38
72 38
76 38
79 38
82 38
86 38
88 38
90 38
97 38
1 39
13 39
23 39
29 39
30 39
33 39
39 39
45 39
48 39
50 39
54 39
63 39
67 39
73 39
76 39
77 39
78 39
85 39
97 39
98 39
4 40
6 40
11 40
16 40
18 40
19 40
21 40
22 40
23 40
26 40
28 40
29 40
34 40
38 40
39 40
44 40
48 40
52 40
59 40
61 40
63 40
65 40
69 40
72 40
76 40
82 40
89 40
92 40
99 40
1 41
21 41
29 41
41 41
42 41
44 41
46 41
47 41
48 41
54 41
55 41
56 41
59 41
71 41
75 41
81 41
84 41
99 41
3 42
6 42
10 42
12 42
16 42
18 42
19 42
21 42
22 42
23 42
26 42
30 42
31 42
35 42
53 42
60 42
61 42
63 42
64 42
66 42
70 42
77 42
79 42
87 42
89 42
90 42
92 42
96 42
98 42
4 43
7 43
9 43
18 43
26 43
28 43
29 43
30 43
32 43
34 43
36 43
41 43
43 43
44 43
48 43
52 43
56 43
60 43
63 43
70 43
78 43
79 43
84 43
88 43
90 43
95 43
6 44
8 44
9 44
12 44
15 44
20 44
27 44
32 44
35 44
37 44
39 44
44 44
50 44
59 44
62 44
66 44
67 44
69 44
71 44
72 44
75 44
77 44
81 44
86 44
88 44
92 44
93 44
94 44
96 44
98 44
100 44
1 45
17 45
19 45
23 45
26 45
27 45
28 45
39 45
44 45
49 45
52 45
59 45
64 45
67 45
69 45
70 45
71 45
72 45
73 45
79 45
81 45
82 45
94 45
95 45
99 45
100 45
2 46
4 46
8 46
11 46
17 46
21 46
25 46
33 46
35 46
36 46
37 46
40 46
54 46
58 46
62 46
64 46
80 46
87 46
90 46
4 47
5 47
6 47
14 47
18 47
21 47
22 47
30 47
32 47
35 47
42 47
45 47
49 47
55 47
64 47
68 47
69 47
70 47
72 47
75 47
79 47
80 47
84 47
89 47
97 47
6 48
9 48
26 48
32 48
35 48
38 48
40 48
55 48
59 48
61 48
62 48
63 48
67 48
74 48
77 48
81 48
83 48
86 48
87 48
91 48
93 48
97 48
100 48
4 49
5 49
16 49
21 49
22 49
30 49
32 49
36 49
38 49
39 49
47 49
53 49
65 49
66 49
67 49
70 49
72 49
78 49
79 49
82 49
90 49
91 49
93 49
99 49
100 49
2 50
3 50
4 50
6 50
11 50
13 50
17 50
18 50
24 50
28 50
31 50
40 50
44 50
49 50
55 50
63 50
67 50
68 50
70 50
75 50
81 50
90 50
92 50
95 50
97 50
98 50
5 51
7 51
11 51
15 51
17 51
24 51
32 51
33 51
35 51
47 51
51 51
52 51
55 51
58 51
60 51
64 51
66 51
68 51
69 51
71 51
74 51
81 51
83 51
86 51
90 51
91 51
95 51
96 51
97 51
100 51
2 52
4 52
6 52
7 52
8 52
12 52
17 52
22 52
23 52
31 52
34 52
40 52
43 52
45 52
49 52
60 52
62 52
64 52
65 52
68 52
70 52
81 52
86 52
90 52
94 52
96 52
97 52
10 53
11 53
15 53
25 53
31 53
32 53
33 53
34 53
41 53
43 53
46 53
49 53
55 53
58 53
61 53
62 53
63 53
66 53
70 53
75 53
76 53
82 53
84 53
87 53
93 53
99 53
10 54
17 54
20 54
21 54
22 54
28 54
29 54
33 54
42 54
44 54
47 54
51 54
52 54
62 54
64 54
66 54
74 54
77 54
84 54
86 54
87 54
88 54
93 54
95 54
96 54
1 55
3 55
6 55
7 55
8 55
12 55
18 55
20 55
24 55
29 55
31 55
34 55
40 55
43 55
51 55
57 55
60 55
61 55
62 55
66 55
67 55
69 55
71 55
78 55
83 55
89 55
90 55
92 55
94 55
98 55
100 55
1 56
4 56
9 56
10 56
15 56
18 56
19 56
23 56
27 56
29 56
41 56
42 56
47 56
48 56
49 56
53 56
61 56
63 56
73 56
76 56
77 56
78 56
80 56
82 56
83 56
84 56
87 56
89 56
93 56
94 56
99 56
1 57
7 57
8 57
9 57
11 57
19 57
20 57
21 57
23 57
25 57
31 57
34 57
36 57
39 57
44 57
45 57
47 57
51 57
59 57
60 57
63 57
68 57
75 57
78 57
79 57
83 57
89 57
90 57
91 57
92 57
93 57
3 58
9 58
15 58
41 58
44 58
52 58
57 58
61 58
62 58
64 58
68 58
72 58
73 58
76 58
79 58
83 58
86 58
91 58
94 58
100 58
6 59
8 59
10 59
14 59
16 59
17 59
18 59
19 59
20 59
26 59
31 59
33 59
35 59
37 59
43 59
46 59
48 59
49 59
58 59
65 59
71 59
72 59
75 59
76 59
81 59
85 59
91 59
92 59
8 60
12 60
15 60
16 60
22 60
30 60
33 60
36 60
42 60
44 60
45 60
47 60
50 60
51 60
64 60
65 60
72 60
74 60
79 60
81 60
91 60
93 60
97 60
100 60
2 61
4 61
5 61
10 61
11 61
18 61
19 61
26 61
29 61
30 61
32 61
34 61
39 61
40 61
44 61
53 61
55 61
57 61
59 61
60 61
66 61
67 61
70 61
71 61
76 61
81 61
82 61
85 61
86 61
95 61
96 61
1 62
2 62
3 62
8 62
9 62
11 62
14 62
17 62
18 62
20 62
21 62
25 62
27 62
30 62
33 62
34 62
36 62
39 62
44 62
45 62
52 62
57 62
60 62
63 62
65 62
69 62
70 62
73 62
75 62
79 62
84 62
85 62
89 62
91 62
92 62
93 62
95 62
1 63
5 63
7 63
12 63
17 63
20 63
23 63
27 63
31 63
39 63
43 63
44 63
51 63
57 63
58 63
59 63
62 63
63 63
64 63
69 63
74 63
79 63
80 63
86 63
88 63
89 63
91 63
92 63
93 63
99 63
100 63
13 64
14 64
16 64
30 64
35 64
39 64
42 64
45 64
47 64
50 64
52 64
53 64
61 64
69 64
72 64
74 64
83 64
87 64
90 64
94 64
95 64
99 64
100 64
2 65
6 65
8 65
10 65
24 65
28 65
30 65
38 65
40 65
44 65
46 65
47 65
50 65
55 65
57 65
58 65
67 65
80 65
82 65
84 65
86 65
90 65
95 65
96 65
100 65
1 66
10 66
26 66
36 66
41 66
45 66
50 66
51 66
52 66
53 66
68 66
70 66
73 66
77 66
78 66
80 66
81 66
86 66
89 66
92 66
1 67
2 67
12 67
14 67
17 67
23 67
24 67
32 67
35 67
36 67
42 67
44 67
46 67
47 67
55 67
58 67
60 67
66 67
67 67
74 67
83 67
85 67
86 67
87 67
96 67
3 68
6 68
9 68
10 68
20 68
22 68
30 68
35 68
37 68
39 68
41 68
48 68
57 68
64 68
68 68
69 68
74 68
77 68
79 68
88 68
95 68
6 69
11 69
19 69
24 69
29 69
34 69
35 69
43 69
44 69
46 69
47 69
49 69
56 69
57 69
60 69
68 69
69 69
71 69
73 69
80 69
81 69
94 69
3 70
4 70
15 70
17 70
20 70
23 70
27 70
30 70
33 70
34 70
35 70
44 70
46 70
49 70
52 70
56 70
66 70
69 70
73 70
80 70
85 70
93 70
98 70
100 70
2 71
10 71
13 71
14 71
17 71
18 71
23 71
36 71
51 71
58 71
59 71
63 71
64 71
65 71
71 71
75 71
76 71
80 71
81 71
83 71
86 71
91 71
92 71
93 71
2 72
4 72
5 72
9 72
10 72
16 72
19 72
24 72
28 72
30 72
36 72
40 72
46 72
56 72
59 72
64 72
66 72
68 72
70 72
77 72
79 72
84 72
91 72
95 72
96 72
98 72
7 73
9 73
13 73
14 73
20 73
23 73
24 73
28 73
30 73
31 73
36 73
38 73
39 73
41 73
59 73
60 73
61 73
64 73
66 73
71 73
73 73
76 73
77 73
81 73
84 73
85 73
90 73
94 73
97 73
11 74
13 74
16 74
22 74
29 74
31 74
35 74
36 74
40 74
45 74
46 74
47 74
54 74
56 74
63 74
66 74
69 74
73 74
75 74
76 74
77 74
78 74
79 74
87 74
97 74
99 74
1 75
5 75
7 75
13 75
15 75
17 75
23 75
27 75
29 75
30 75
38 75
45 75
47 75
49 75
56 75
58 75
60 75
65 75
69 75
74 75
77 75
80 75
85 75
86 75
92 75
9 76
14 76
15 76
17 76
20 76
22 76
23 76
24 76
25 76
28 76
29 76
32 76
39 76
45 76
46 76
49 76
52 76
58 76
59 76
61 76
73 76
75 76
79 76
83 76
88 76
89 76
90 76
92 76
93 76
1 77
4 77
10 77
20 77
25 77
26 77
28 77
35 77
40 77
42 77
46 77
57 77
59 77
60 77
64 77
68 77
74 77
81 77
82 77
88 77
92 77
97 77
2 78
4 78
9 78
13 78
14 78
15 78
17 78
18 78
22 78
23 78
24 78
28 78
34 78
35 78
40 78
43 78
49 78
53 78
58 78
59 78
60 78
61 78
65 78
66 78
69 78
74 78
76 78
79 78
93 78
94 78
97 78
7 79
9 79
10 79
13 79
17 79
26 79
29 79
32 79
35 79
41 79
52 79
55 79
58 79
65 79
74 79
78 79
83 79
84 79
85 79
86 79
90 79
91 79
92 79
93 79
94 79
4 80
7 80
13 80
17 80
21 80
24 80
31 80
37 80
39 80
44 80
57 80
66 80
70 80
73 80
74 80
83 80
86 80
87 80
92 80
18 81
20 81
25 81
27 81
28 81
31 81
34 81
39 81
43 81
49 81
55 81
66 81
70 81
71 81
77 81
85 81
89 81
92 81
97 81
100 81
1 82
2 82
5 82
10 82
15 82
16 82
17 82
19 82
22 82
25 82
27 82
29 82
35 82
36 82
38 82
43 82
44 82
47 82
67 82
71 82
73 82
77 82
79 82
80 82
86 82
99 82
4 83
8 83
10 83
11 83
13 83
19 83
20 83
30 83
31 83
32 83
34 83
43 83
45 83
56 83
59 83
61 83
63 83
66 83
69 83
72 83
75 83
78 83
80 83
83 83
84 83
95 83
99 83
3 84
5 84
10 84
17 84
19 84
22 84
23 84
26 84
30 84
35 84
46 84
51 84
55 84
61 84
70 84
72 84
76 84
78 84
79 84
80 84
88 84
90 84
96 84
98 84
5 85
14 85
17 85
23 85
51 85
53 85
58 85
62 85
75 85
78 85
80 85
82 85
84 85
87 85
88 85
90 85
91 85
95 85
98 85
99 85
2 86
4 86
5 86
11 86
15 86
24 86
26 86
28 86
36 86
39 86
41 86
51 86
53 86
55 86
59 86
62 86
65 86
66 86
67 86
68 86
74 86
86 86
89 86
92 86
94 86
100 86
5 87
7 87
8 87
14 87
17 87
31 87
33 87
42 87
44 87
45 87
50 87
51 87
53 87
54 87
57 87
64 87
67 87
68 87
73 87
82 87
84 87
86 87
93 87
95 87
96 87
3 88
5 88
13 88
22 88
28 88
29 88
31 88
35 88
36 88
43 88
44 88
50 88
51 88
52 88
60 88
62 88
67 88
69 88
70 88
78 88
79 88
87 88
88 88
91 88
94 88
96 88
97 88
100 88
11 89
23 89
25 89
27 89
28 89
31 89
38 89
45 89
50 89
53 89
65 89
67 89
69 89
73 89
74 89
83 89
88 89
92 89
93 89
98 89
100 89
7 90
11 90
19 90
26 90
27 90
31 90
36 90
47 90
48 90
49 90
51 90
55 90
57 90
67 90
69 90
71 90
73 90
75 90
80 90
84 90
86 90
87 90
88 90
90 90
91 90
95 90
97 90
4 91
6 91
12 91
13 91
16 91
30 91
33 91
38 91
39 91
41 91
44 91
47 91
48 91
51 91
64 91
65 91
66 91
67 91
70 91
72 91
74 91
75 91
83 91
88 91
89 91
92 91
94 91
100 91
3 92
4 92
16 92
21 92
24 92
27 92
31 92
33 92
43 92
47 92
48 92
49 92
50 92
58 92
67 92
76 92
87 92
88 92
96 92
98 92
4 93
9 93
18 93
22 93
23 93
24 93
26 93
31 93
34 93
36 93
39 93
40 93
45 93
48 93
60 93
62 93
66 93
69 93
73 93
76 93
83 93
88 93
93 93
96 93
100 93
3 94
8 94
10 94
14 94
20 94
21 94
27 94
36 94
37 94
40 94
41 94
42 94
43 94
50 94
53 94
56 94
65 94
66 94
67 94
69 94
71 94
78 94
80 94
81 94
84 94
86 94
91 94
93 94
97 94
99 94
100 94
2 95
11 95
12 95
17 95
18 95
24 95
27 95
32 95
39 95
40 95
46 95
51 95
56 95
57 95
61 95
64 95
68 95
69 95
72 95
76 95
78 95
79 95
81 95
89 95
92 95
97 95
98 95
99 95
100 95
5 96
8 96
12 96
21 96
28 96
29 96
34 96
41 96
44 96
56 96
62 96
65 96
68 96
70 96
71 96
74 96
92 96
98 96
100 96
3 97
6 97
11 97
15 97
23 97
26 97
31 97
36 97
41 97
45 97
46 97
55 97
63 97
64 97
68 97
74 97
79 97
94 97
96 97
97 97
98 97
4 98
6 98
9 98
13 98
15 98
23 98
32 98
37 98
48 98
52 98
53 98
55 98
60 98
61 98
70 98
73 98
78 98
96 98
97 98
4 99
5 99
6 99
9 99
15 99
17 99
18 99
20 99
24 99
26 99
40 99
42 99
49 99
50 99
56 99
62 99
68 99
70 99
75 99
78 99
79 99
82 99
85 99
86 99
88 99
96 99
97 99
99 99
100 99
4 100
5 100
7 100
12 100
15 100
17 100
23 100
28 100
38 100
40 100
48 100
54 100
60 100
63 100
66 100
69 100
72 100
84 100
86 100
88 100
91 100
94 100
100 100
