100
4 1
5 1
15 1
18 1
21 1
24 1
25 1
26 1
28 1
30 1
33 1
40 1
41 1
42 1
46 1
48 1
49 1
51 1
60 1
64 1
65 1
66 1
73 1
74 1
80 1
81 1
82 1
83 1
88 1
95 1
99 1
1 2
5 2
15 2
17 2
19 2
21 2
25 2
40 2
41 2
44 2
45 2
50 2
51 2
58 2
59 2
64 2
65 2
69 2
70 2
73 2
86 2
88 2
92 2
4 3
8 3
10 3
11 3
18 3
20 3
22 3
30 3
31 3
32 3
36 3
38 3
40 3
43 3
45 3
51 3
52 3
55 3
56 3
69 3
71 3
73 3
76 3
78 3
98 3
100 3
7 4
18 4
22 4
28 4
29 4
35 4
40 4
42 4
43 4
51 4
57 4
61 4
62 4
67 4
73 4
83 4
86 4
94 4
100 4
2 5
6 5
18 5
25 5
29 5
32 5
34 5
44 5
48 5
50 5
56 5
58 5
60 5
61 5
63 5
75 5
77 5
78 5
83 5
90 5
91 5
92 5
93 5
96 5
97 5
100 5
6 6
8 6
15 6
41 6
46 6
50 6
56 6
58 6
60 6
62 6
63 6
69 6
71 6
75 6
78 6
81 6
84 6
85 6
87 6
2 7
5 7
6 7
8 7
10 7
14 7
20 7
22 7
27 7
31 7
34 7
38 7
48 7
50 7
54 7
58 7
68 7
71 7
73 7
76 7
82 7
86 7
88 7
94 7
95 7
4 8
5 8
10 8
11 8
14 8
18 8
19 8
20 8
21 8
22 8
25 8
30 8
33 8
34 8
41 8
42 8
44 8
46 8
51 8
53 8
55 8
57 8
60 8
61 8
62 8
70 8
71 8
72 8
76 8
78 8
79 8
80 8
95 8
97 8
2 9
4 9
6 9
7 9
10 9
11 9
12 9
13 9
18 9
19 9
22 9
30 9
39 9
56 9
69 9
71 9
72 9
74 9
78 9
80 9
84 9
85 9
88 9
90 9
92 9
1 10
3 10
8 10
13 10
15 10
16 10
17 10
20 10
21 10
27 10
30 10
31 10
39 10
42 10
44 10
50 10
57 10
67 10
70 10
71 10
74 10
75 10
77 10
78 10
84 10
86 10
87 10
93 10
96 10
4 11
12 11
14 11
24 11
25 11
28 11
37 11
41 11
47 11
53 11
60 11
72 11
73 11
78 11
82 11
84 11
90 11
91 11
93 11
94 11
99 11
4 12
12 12
19 12
20 12
24 12
27 12
30 12
37 12
38 12
46 12
50 12
53 12
57 12
58 12
60 12
63 12
64 12
73 12
75 12
86 12
93 12
94 12
96 12
21 13
22 13
23 13
24 13
27 13
28 13
32 13
37 13
40 13
46 13
47 13
48 13
53 13
56 13
59 13
64 13
76 13
83 13
85 13
89 13
94 13
98 13
99 13
1 14
5 14
11 14
13 14
15 14
17 14
29 14
41 14
42 14
48 14
49 14
51 14
61 14
67 14
71 14
79 14
83 14
85 14
87 14
88 14
96 14
98 14
8 15
16 15
19 15
25 15
27 15
31 15
34 15
37 15
39 15
41 15
44 15
47 15
49 15
50 15
56 15
60 15
62 15
73 15
86 15
87 15
94 15
7 16
8 16
16 16
20 16
23 16
25 16
31 16
32 16
33 16
36 16
50 16
51 16
54 16
73 16
77 16
84 16
88 16
100 16
12 17
14 17
17 17
18 17
22 17
29 17
30 17
32 17
33 17
34 17
36 17
37 17
46 17
47 17
58 17
61 17
62 17
68 17
70 17
71 17
91 17
92 17
93 17
94 17
99 17
4 18
6 18
7 18
9 18
10 18
12 18
13 18
14 18
15 18
18 18
20 18
27 18
34 18
42 18
46 18
47 18
49 18
52 18
63 18
64 18
66 18
67 18
69 18
73 18
80 18
85 18
86 18
89 18
99 18
100 18
6 19
12 19
14 19
15 19
17 19
20 19
24 19
26 19
34 19
38 19
39 19
40 19
41 19
48 19
51 19
55 19
59 19
69 19
72 19
73 19
75 19
76 19
80 19
85 19
88 19
92 19
93 19
95 19
96 19
97 19
1 20
3 20
4 20
7 20
13 20
19 20
21 20
25 20
26 20
33 20
34 20
37 20
40 20
45 20
47 20
49 20
52 20
62 20
69 20
70 20
72 20
73 20
75 20
77 20
78 20
81 20
83 20
87 20
97 20
99 20
100 20
4 21
9 21
15 21
18 21
19 21
21 21
26 21
28 21
34 21
35 21
38 21
39 21
40 21
42 21
44 21
45 21
46 21
47 21
48 21
51 21
72 21
74 21
76 21
77 21
78 21
86 21
87 21
90 21
1 22
11 22
16 22
17 22
19 22
22 22
23 22
24 22
26 22
39 22
40 22
45 22
48 22
52 22
58 22
63 22
69 22
73 22
76 22
81 22
85 22
92 22
93 22
97 22
98 22
99 22
6 23
10 23
11 23
15 23
16 23
19 23
27 23
36 23
41 23
44 23
48 23
50 23
59 23
61 23
62 23
69 23
70 23
74 23
81 23
83 23
87 23
88 23
92 23
94 23
95 23
97 23
98 23
99 23
2 24
8 24
14 24
15 24
18 24
19 24
20 24
33 24
36 24
40 24
41 24
44 24
47 24
53 24
56 24
57 24
60 24
63 24
66 24
67 24
71 24
78 24
81 24
88 24
93 24
96 24
100 24
4 25
10 25
22 25
30 25
43 25
50 25
51 25
56 25
64 25
67 25
70 25
72 25
77 25
81 25
91 25
98 25
5 26
6 26
9 26
10 26
11 26
12 26
20 26
22 26
29 26
30 26
50 26
51 26
52 26
57 26
69 26
70 26
72 26
77 26
84 26
86 26
96 26
97 26
19 27
21 27
26 27
27 27
28 27
32 27
43 27
44 27
50 27
53 27
55 27
63 27
66 27
67 27
69 27
70 27
71 27
76 27
80 27
81 27
87 27
91 27
97 27
98 27
1 28
9 28
12 28
14 28
18 28
19 28
20 28
25 28
32 28
35 28
36 28
40 28
42 28
45 28
49 28
52 28
55 28
59 28
61 28
64 28
65 28
66 28
70 28
71 28
76 28
80 28
90 28
91 28
95 28
98 28
4 29
5 29
8 29
13 29
20 29
23 29
27 29
34 29
37 29
39 29
42 29
50 29
52 29
53 29
58 29
62 29
68 29
75 29
80 29
82 29
86 29
87 29
88 29
90 29
96 29
6 30
9 30
11 30
18 30
20 30
22 30
25 30
26 30
27 30
30 30
34 30
36 30
37 30
42 30
46 30
47 30
54 30
55 30
59 30
63 30
67 30
68 30
71 30
73 30
83 30
85 30
90 30
2 31
4 31
7 31
12 31
22 31
29 31
31 31
42 31
45 31
50 31
53 31
54 31
55 31
57 31
63 31
65 31
69 31
73 31
76 31
77 31
79 31
86 31
95 31
100 31
1 32
2 32
4 32
5 32
11 32
12 32
15 32
17 32
20 32
21 32
22 32
23 32
26 32
27 32
28 32
29 32
40 32
42 32
45 32
46 32
50 32
55 32
60 32
62 32
67 32
74 32
75 32
82 32
88 32
98 32
1 33
2 33
4 33
6 33
7 33
8 33
12 33
18 33
21 33
22 33
23 33
24 33
25 33
33 33
36 33
49 33
52 33
55 33
58 33
60 33
62 33
63 33
64 33
66 33
71 33
72 33
76 33
78 33
79 33
86 33
2 34
10 34
12 34
16 34
21 34
23 34
24 34
28 34
31 34
39 34
43 34
45 34
47 34
48 34
49 34
50 34
54 34
55 34
57 34
60 34
61 34
63 34
65 34
77 34
81 34
84 34
90 34
91 34
92 34
96 34
100 34
12 35
13 35
14 35
15 35
26 35
36 35
38 35
39 35
40 35
42 35
44 35
59 35
60 35
61 35
64 35
71 35
75 35
81 35
84 35
85 35
90 35
91 35
95 35
4 36
5 36
7 36
8 36
18 36
20 36
22 36
30 36
35 36
42 36
45 36
48 36
50 36
52 36
54 36
55 36
58 36
59 36
69 36
70 36
75 36
85 36
91 36
94 36
97 36
99 36
100 36
3 37
4 37
6 37
8 37
12 37
16 37
27 37
30 37
31 37
32 37
37 37
40 37
43 37
53 37
54 37
56 37
59 37
60 37
68 37
70 37
71 37
74 37
80 37
88 37
92 37
98 37
99 37
4 38
16 38
19 38
21 38
24 38
26 38
30 38
33 38
34 38
38 38
39 38
42 38
47 38
48 38
49 38
51 38
57 38
61 38
64 38
65 38
67 38
69 38
71 38
74 38
85 38
86 38
93 38
97 38
100 38
3 39
4 39
9 39
11 39
15 39
18 39
21 39
24 39
31 39
47 39
50 39
57 39
62 39
72 39
73 39
77 39
81 39
90 39
91 39
94 39
100 39
5 40
16 40
19 40
25 40
37 40
38 40
42 40
46 40
52 40
61 40
63 40
86 40
88 40
11 41
13 41
15 41
16 41
17 41
19 41
22 41
23 41
25 41
26 41
34 41
35 41
40 41
41 41
43 41
46 41
49 41
52 41
54 41
55 41
61 41
80 41
84 41
89 41
97 41
98 41
5 42
7 42
11 42
14 42
21 42
23 42
25 42
34 42
42 42
43 42
44 42
47 42
49 42
51 42
56 42
58 42
59 42
63 42
70 42
71 42
73 42
80 42
88 42
95 42
99 42
6 43
11 43
12 43
14 43
15 43
21 43
25 43
26 43
29 43
32 43
39 43
40 43
41 43
48 43
49 43
50 43
54 43
55 43
57 43
58 43
59 43
63 43
70 43
79 43
84 43
89 43
90 43
97 43
100 43
1 44
2 44
4 44
6 44
14 44
16 44
21 44
27 44
29 44
39 44
42 44
43 44
46 44
50 44
54 44
55 44
60 44
61 44
65 44
66 44
74 44
79 44
85 44
89 44
91 44
98 44
100 44
5 45
6 45
8 45
19 45
21 45
22 45
27 45
28 45
36 45
39 45
41 45
44 45
45 45
46 45
52 45
56 45
70 45
77 45
78 45
79 45
84 45
89 45
97 45
1 46
2 46
11 46
13 46
18 46
19 46
28 46
33 46
34 46
39 46
47 46
48 46
50 46
53 46
59 46
63 46
65 46
69 46
71 46
81 46
92 46
93 46
5 47
6 47
8 47
10 47
12 47
14 47
15 47
16 47
17 47
23 47
25 47
34 47
41 47
52 47
53 47
57 47
71 47
72 47
73 47
74 47
80 47
81 47
100 47
13 48
14 48
16 48
17 48
18 48
26 48
29 48
34 48
38 48
43 48
44 48
45 48
47 48
50 48
51 48
52 48
53 48
59 48
62 48
64 48
65 48
67 48
69 48
72 48
74 48
86 48
87 48
90 48
94 48
98 48
99 48
2 49
14 49
15 49
16 49
17 49
19 49
22 49
25 49
27 49
30 49
32 49
33 49
38 49
40 49
47 49
48 49
56 49
58 49
60 49
67 49
72 49
75 49
78 49
79 49
81 49
85 49
88 49
91 49
2 50
4 50
5 50
6 50
7 50
12 50
15 50
20 50
25 50
30 50
35 50
36 50
39 50
51 50
52 50
55 50
66 50
69 50
71 50
77 50
80 50
81 50
87 50
88 50
99 50
1 51
4 51
6 51
14 51
18 51
25 51
36 51
39 51
40 51
43 51
57 51
64 51
66 51
71 51
75 51
77 51
79 51
84 51
86 51
87 51
91 51
93 51
100 51
4 52
5 52
7 52
20 52
22 52
23 52
27 52
29 52
30 52
33 52
37 52
39 52
41 52
42 52
45 52
46 52
52 52
53 52
58 52
62 52
63 52
69 52
71 52
72 52
85 52
88 52
93 52
95 52
8 53
12 53
14 53
16 53
23 53
33 53
34 53
36 53
44 53
47 53
48 53
49 53
53 53
54 53
58 53
59 53
67 53
70 53
75 53
80 53
95 53
97 53
98 53
99 53
3 54
8 54
9 54
15 54
26 54
33 54
35 54
38 54
40 54
41 54
50 54
51 54
54 54
55 54
57 54
62 54
67 54
68 54
69 54
74 54
78 54
85 54
98 54
2 55
5 55
10 55
11 55
18 55
19 55
25 55
26 55
30 55
36 55
42 55
44 55
45 55
47 55
48 55
49 55
58 55
60 55
70 55
74 55
75 55
78 55
79 55
81 55
86 55
88 55
94 55
97 55
99 55
3 56
5 56
8 56
15 56
21 56
24 56
27 56
35 56
36 56
43 56
48 56
49 56
50 56
51 56
52 56
56 56
59 56
68 56
83 56
86 56
88 56
91 56
93 56
94 56
4 57
10 57
11 57
28 57
40 57
42 57
45 57
46 57
53 57
55 57
64 57
66 57
71 57
75 57
76 57
80 57
81 57
82 57
84 57
85 57
87 57
90 57
92 57
99 57
5 58
7 58
9 58
12 58
15 58
16 58
17 58
20 58
28 58
31 58
32 58
37 58
38 58
39 58
41 58
43 58
44 58
61 58
70 58
71 58
79 58
84 58
89 58
90 58
100 58
2 59
11 59
12 59
14 59
15 59
25 59
42 59
44 59
45 59
51 59
52 59
53 59
58 59
71 59
79 59
82 59
91 59
92 59
93 59
97 59
100 59
1 60
6 60
8 60
10 60
15 60
17 60
19 60
23 60
24 60
29 60
31 60
32 60
33 60
35 60
39 60
40 60
41 60
42 60
58 60
59 60
60 60
62 60
69 60
70 60
71 60
77 60
78 60
80 60
81 60
82 60
86 60
88 60
91 60
94 60
97 60
1 61
2 61
5 61
13 61
15 61
19 61
21 61
29 61
30 61
31 61
32 61
39 61
51 61
55 61
61 61
71 61
74 61
76 61
81 61
82 61
87 61
89 61
93 61
97 61
99 61
6 62
9 62
20 62
23 62
33 62
38 62
49 62
59 62
61 62
72 62
74 62
79 62
94 62
95 62
96 62
99 62
2 63
4 63
5 63
11 63
12 63
13 63
20 63
27 63
28 63
30 63
31 63
33 63
34 63
35 63
37 63
39 63
48 63
61 63
67 63
74 63
77 63
83 63
92 63
96 63
10 64
17 64
20 64
23 64
26 64
28 64
29 64
32 64
34 64
35 64
42 64
43 64
45 64
49 64
51 64
53 64
61 64
71 64
72 64
78 64
82 64
91 64
92 64
98 64
11 65
13 65
18 65
21 65
28 65
36 65
39 65
41 65
42 65
47 65
50 65
53 65
59 65
63 65
66 65
77 65
83 65
85 65
86 65
87 65
89 65
90 65
94 65
98 65
2 66
4 66
11 66
14 66
16 66
17 66
20 66
22 66
28 66
40 66
44 66
51 66
55 66
65 66
75 66
82 66
90 66
91 66
94 66
100 66
1 67
5 67
6 67
18 67
21 67
22 67
26 67
28 67
31 67
33 67
36 67
38 67
39 67
40 67
41 67
44 67
47 67
49 67
50 67
51 67
62 67
65 67
75 67
79 67
82 67
90 67
92 67
99 67
3 68
4 68
8 68
9 68
11 68
12 68
17 68
18 68
19 68
32 68
35 68
39 68
45 68
48 68
51 68
52 68
54 68
57 68
59 68
62 68
63 68
64 68
72 68
77 68
86 68
89 68
92 68
94 68
99 68
1 69
4 69
9 69
23 69
26 69
29 69
37 69
43 69
44 69
45 69
47 69
48 69
56 69
58 69
61 69
73 69
74 69
84 69
87 69
91 69
98 69
100 69
9 70
19 70
25 70
31 70
46 70
47 70
53 70
58 70
63 70
72 70
74 70
75 70
86 70
87 70
95 70
96 70
98 70
100 70
4 71
8 71
10 71
14 71
15 71
16 71
18 71
19 71
20 71
22 71
26 71
29 71
41 71
56 71
59 71
60 71
62 71
63 71
66 71
70 71
77 71
80 71
81 71
83 71
88 71
92 71
96 71
97 71
2 72
9 72
11 72
12 72
20 72
23 72
25 72
28 72
37 72
38 72
39 72
55 72
60 72
61 72
63 72
73 72
74 72
75 72
81 72
82 72
86 72
88 72
91 72
93 72
94 72
95 72
96 72
98 72
1 73
10 73
12 73
17 73
19 73
24 73
26 73
28 73
30 73
35 73
37 73
41 73
42 73
44 73
47 73
50 73
59 73
63 73
64 73
70 73
73 73
76 73
81 73
84 73
85 73
91 73
93 73
94 73
3 74
7 74
8 74
9 74
19 74
20 74
25 74
28 74
31 74
35 74
37 74
40 74
51 74
52 74
53 74
54 74
57 74
59 74
62 74
64 74
68 74
71 74
79 74
84 74
91 74
93 74
95 74
98 74
3 75
6 75
9 75
12 75
16 75
27 75
33 75
36 75
39 75
41 75
44 75
46 75
47 75
49 75
50 75
52 75
57 75
60 75
71 75
76 75
77 75
82 75
83 75
98 75
13 76
15 76
17 76
19 76
21 76
26 76
28 76
30 76
32 76
41 76
43 76
47 76
48 76
50 76
56 76
60 76
61 76
62 76
66 76
71 76
80 76
87 76
88 76
97 76
98 76
1 77
8 77
9 77
15 77
16 77
19 77
22 77
24 77
38 77
47 77
48 77
50 77
55 77
60 77
61 77
64 77
67 77
77 77
80 77
83 77
90 77
96 77
18 78
19 78
23 78
25 78
28 78
29 78
36 78
39 78
40 78
42 78
46 78
48 78
56 78
58 78
71 78
76 78
81 78
92 78
93 78
95 78
97 78
99 78
1 79
11 79
12 79
13 79
17 79
27 79
31 79
34 79
44 79
47 79
48 79
51 79
55 79
57 79
58 79
68 79
72 79
73 79
74 79
78 79
81 79
86 79
88 79
93 79
9 80
11 80
18 80
19 80
23 80
26 80
38 80
41 80
42 80
43 80
44 80
45 80
48 80
54 80
55 80
59 80
64 80
65 80
67 80
71 80
72 80
73 80
74 80
76 80
77 80
82 80
84 80
85 80
86 80
89 80
92 80
93 80
94 80
99 80
2 81
8 81
14 81
15 81
17 81
20 81
29 81
31 81
36 81
42 81
43 81
45 81
48 81
50 81
54 81
60 81
63 81
67 81
69 81
72 81
73 81
74 81
75 81
93 81
95 81
97 81
10 82
12 82
26 82
28 82
34 82
37 82
39 82
51 82
56 82
64 82
70 82
72 82
75 82
78 82
80 82
82 82
83 82
86 82
88 82
90 82
94 82
95 82
1 83
11 83
15 83
19 83
20 83
24 83
26 83
27 83
34 83
37 83
38 83
47 83
52 83
53 83
62 83
63 83
67 83
69 83
71 83
73 83
77 83
81 83
84 83
87 83
88 83
90 83
95 83
97 83
11 84
12 84
14 84
15 84
17 84
20 84
28 84
30 84
31 84
34 84
42 84
44 84
52 84
56 84
58 84
59 84
60 84
62 84
67 84
76 84
77 84
83 84
86 84
89 84
91 84
92 84
93 84
4 85
6 85
8 85
13 85
14 85
24 85
25 85
28 85
29 85
35 85
36 85
40 85
43 85
44 85
46 85
53 85
57 85
61 85
71 85
75 85
76 85
77 85
79 85
83 85
85 85
95 85
97 85
100 85
3 86
11 86
16 86
17 86
21 86
24 86
25 86
26 86
28 86
32 86
35 86
37 86
38 86
40 86
49 86
51 86
55 86
56 86
59 86
70 86
77 86
82 86
83 86
87 86
91 86
93 86
96 86
100 86
4 87
11 87
26 87
29 87
31 87
35 87
36 87
38 87
39 87
41 87
42 87
50 87
53 87
62 87
64 87
65 87
73 87
80 87
84 87
86 87
88 87
94 87
100 87
1 88
5 88
7 88
8 88
12 88
16 88
23 88
24 88
29 88
32 88
39 88
40 88
57 88
58 88
59 88
66 88
70 88
83 88
87 88
90 88
96 88
98 88
100 88
1 89
4 89
7 89
8 89
10 89
14 89
16 89
20 89
25 89
26 89
33 89
38 89
41 89
45 89
46 89
57 89
60 89
62 89
68 89
75 89
77 89
90 89
94 89
3 90
9 90
14 90
25 90
28 90
31 90
34 90
35 90
38 90
41 90
45 90
55 90
59 90
62 90
66 90
68 90
71 90
72 90
79 90
83 90
89 90
92 90
100 90
3 91
7 91
8 91
10 91
11 91
15 91
16 91
18 91
30 91
33 91
40 91
43 91
72 91
74 91
83 91
87 91
96 91
97 91
5 92
6 92
7 92
14 92
19 92
21 92
23 92
25 92
27 92
35 92
36 92
37 92
39 92
54 92
62 92
64 92
65 92
67 92
77 92
78 92
79 92
80 92
86 92
99 92
2 93
9 93
12 93
13 93
17 93
23 93
26 93
29 93
31 93
40 93
42 93
46 93
49 93
50 93
54 93
55 93
58 93
61 93
62 93
66 93
70 93
71 93
72 93
77 93
80 93
82 93
84 93
89 93
92 93
98 93
4 94
15 94
20 94
26 94
29 94
33 94
34 94
36 94
37 94
42 94
47 94
48 94
50 94
53 94
54 94
59 94
60 94
65 94
67 94
69 94
70 94
71 94
78 94
79 94
83 94
84 94
86 94
87 94
97 94
99 94
2 95
21 95
29 95
32 95
34 95
35 95
37 95
39 95
40 95
42 95
44 95
46 95
54 95
56 95
82 95
84 95
85 95
90 95
98 95
99 95
100 95
6 96
10 96
13 96
14 96
17 96
18 96
22 96
26 96
38 96
39 96
42 96
45 96
48 96
54 96
58 96
62 96
67 96
68 96
71 96
76 96
77 96
79 96
85 96
86 96
91 96
93 96
99 96
1 97
3 97
11 97
18 97
21 97
24 97
26 97
27 97
30 97
32 97
35 97
36 97
38 97
39 97
48 97
55 97
57 97
64 97
65 97
72 97
76 97
78 97
82 97
85 97
95 97
1 98
12 98
14 98
18 98
21 98
31 98
36 98
39 98
40 98
42 98
43 98
50 98
58 98
61 98
73 98
78 98
87 98
88 98
93 98
95 98
1 99
4 99
6 99
7 99
16 99
17 99
19 99
23 99
24 99
25 99
33 99
37 99
38 99
39 99
43 99
48 99
64 99
67 99
70 99
71 99
77 99
79 99
80 99
82 99
89 99
90 99
99 99
100 99
5 100
6 100
13 100
17 100
18 100
19 100
24 100
26 100
34 100
36 100
37 100
38 100
44 100
45 100
50 100
51 100
60 100
63 100
64 100
66 100
68 100
69 100
80 100
82 100
86 100
87 100
90 100
92 100
96 100
99 100
100 100
