100
3 1
7 1
9 1
11 1
12 1
13 1
16 1
18 1
22 1
23 1
27 1
29 1
34 1
37 1
38 1
39 1
40 1
48 1
66 1
71 1
76 1
77 1
81 1
83 1
87 1
88 1
90 1
94 1
96 1
97 1
2 2
7 2
10 2
13 2
14 2
15 2
16 2
23 2
24 2
30 2
36 2
50 2
52 2
57 2
59 2
60 2
62 2
64 2
69 2
71 2
72 2
75 2
78 2
82 2
83 2
87 2
95 2
97 2
5 3
9 3
10 3
11 3
21 3
23 3
24 3
28 3
29 3
31 3
36 3
38 3
42 3
46 3
51 3
52 3
53 3
54 3
55 3
56 3
65 3
67 3
69 3
76 3
77 3
79 3
86 3
89 3
90 3
94 3
95 3
96 3
97 3
8 4
12 4
13 4
15 4
16 4
21 4
22 4
25 4
28 4
31 4
33 4
36 4
43 4
48 4
52 4
55 4
70 4
71 4
72 4
73 4
74 4
75 4
85 4
91 4
92 4
94 4
97 4
99 4
100 4
6 5
14 5
32 5
39 5
40 5
45 5
46 5
47 5
54 5
57 5
59 5
60 5
62 5
63 5
82 5
86 5
87 5
91 5
98 5
100 5
1 6
7 6
8 6
9 6
11 6
13 6
14 6
15 6
17 6
23 6
35 6
44 6
45 6
51 6
52 6
59 6
61 6
62 6
66 6
75 6
78 6
79 6
82 6
84 6
92 6
95 6
98 6
7 7
10 7
13 7
15 7
17 7
24 7
26 7
27 7
28 7
29 7
30 7
31 7
33 7
37 7
39 7
40 7
42 7
44 7
45 7
47 7
50 7
62 7
64 7
69 7
76 7
78 7
82 7
83 7
87 7
91 7
3 8
4 8
10 8
11 8
18 8
19 8
21 8
28 8
30 8
37 8
40 8
44 8
47 8
50 8
51 8
60 8
67 8
68 8
74 8
75 8
82 8
84 8
92 8
93 8
100 8
1 9
3 9
4 9
7 9
8 9
11 9
12 9
15 9
18 9
20 9
26 9
28 9
34 9
38 9
43 9
45 9
53 9
55 9
58 9
59 9
61 9
71 9
75 9
76 9
77 9
80 9
89 9
92 9
93 9
97 9
99 9
1 10
2 10
3 10
4 10
6 10
8 10
11 10
16 10
17 10
24 10
38 10
44 10
54 10
66 10
75 10
78 10
79 10
82 10
85 10
89 10
96 10
97 10
98 10
1 11
11 11
14 11
17 11
21 11
33 11
46 11
47 11
58 11
59 11
61 11
70 11
73 11
74 11
77 11
80 11
84 11
86 11
88 11
91 11
92 11
98 11
1 12
8 12
14 12
16 12
24 12
26 12
29 12
31 12
32 12
35 12
38 12
42 12
46 12
48 12
49 12
50 12
51 12
52 12
55 12
61 12
62 12
63 12
75 12
77 12
84 12
85 12
91 12
94 12
97 12
1 13
4 13
5 13
7 13
9 13
18 13
20 13
22 13
26 13
31 13
38 13
46 13
50 13
54 13
68 13
70 13
72 13
74 13
75 13
80 13
81 13
84 13
86 13
89 13
90 13
95 13
96 13
1 14
4 14
6 14
10 14
11 14
18 14
20 14
30 14
31 14
32 14
33 14
34 14
35 14
39 14
50 14
52 14
65 14
68 14
77 14
83 14
87 14
88 14
89 14
91 14
93 14
96 14
97 14
100 14
3 15
7 15
8 15
10 15
13 15
15 15
17 15
18 15
19 15
20 15
22 15
32 15
37 15
40 15
43 15
51 15
54 15
55 15
58 15
62 15
67 15
68 15
75 15
77 15
79 15
80 15
86 15
87 15
88 15
89 15
90 15
93 15
2 16
4 16
8 16
10 16
11 16
15 16
16 16
23 16
24 16
29 16
31 16
34 16
37 16
40 16
43 16
45 16
56 16
59 16
66 16
71 16
75 16
76 16
77 16
80 16
83 16
89 16
90 16
97 16
100 16
2 17
8 17
16 17
17 17
18 17
36 17
37 17
41 17
47 17
49 17
50 17
57 17
58 17
60 17
64 17
66 17
69 17
70 17
73 17
81 17
84 17
85 17
88 17
91 17
94 17
96 17
6 18
15 18
20 18
21 18
27 18
29 18
30 18
35 18
39 18
42 18
45 18
51 18
53 18
54 18
55 18
58 18
60 18
61 18
62 18
63 18
70 18
76 18
77 18
82 18
83 18
86 18
88 18
92 18
100 18
4 19
10 19
11 19
14 19
15 19
23 19
24 19
26 19
41 19
42 19
47 19
60 19
75 19
78 19
81 19
84 19
91 19
92 19
97 19
100 19
3 20
4 20
6 20
8 20
10 20
11 20
12 20
15 20
16 20
19 20
20 20
21 20
23 20
24 20
25 20
33 20
34 20
37 20
45 20
46 20
49 20
58 20
59 20
62 20
66 20
71 20
75 20
78 20
81 20
85 20
95 20
99 20
4 21
7 21
11 21
12 21
13 21
21 21
29 21
32 21
38 21
39 21
40 21
47 21
53 21
58 21
71 21
72 21
73 21
74 21
75 21
80 21
84 21
87 21
97 21
4 22
5 22
9 22
11 22
21 22
22 22
23 22
24 22
26 22
28 22
36 22
42 22
43 22
46 22
47 22
49 22
51 22
53 22
57 22
61 22
64 22
65 22
66 22
79 22
80 22
82 22
84 22
95 22
98 22
99 22
100 22
5 23
6 23
13 23
18 23
19 23
25 23
28 23
29 23
34 23
35 23
39 23
53 23
65 23
67 23
71 23
74 23
81 23
84 23
90 23
97 23
2 24
12 24
13 24
16 24
29 24
30 24
32 24
33 24
34 24
45 24
49 24
51 24
52 24
53 24
57 24
59 24
60 24
64 24
70 24
72 24
80 24
87 24
89 24
91 24
94 24
95 24
100 24
15 25
23 25
24 25
28 25
34 25
36 25
38 25
45 25
46 25
47 25
51 25
52 25
62 25
65 25
75 25
76 25
77 25
78 25
79 25
81 25
82 25
85 25
87 25
90 25
98 25
1 26
6 26
14 26
15 26
17 26
20 26
23 26
25 26
29 26
33 26
45 26
47 26
49 26
54 26
55 26
56 26
58 26
70 26
71 26
74 26
80 26
81 26
82 26
83 26
84 26
85 26
86 26
92 26
94 26
98 26
9 27
12 27
15 27
16 27
23 27
25 27
26 27
29 27
30 27
31 27
35 27
36 27
37 27
41 27
43 27
49 27
50 27
73 27
77 27
80 27
82 27
83 27
91 27
92 27
95 27
97 27
5 28
11 28
12 28
19 28
21 28
23 28
28 28
38 28
40 28
42 28
44 28
47 28
48 28
50 28
53 28
54 28
70 28
74 28
77 28
81 28
82 28
86 28
88 28
94 28
7 29
10 29
13 29
18 29
25 29
35 29
42 29
47 29
50 29
66 29
68 29
71 29
73 29
94 29
97 29
1 30
6 30
7 30
8 30
12 30
13 30
15 30
19 30
21 30
24 30
28 30
30 30
31 30
33 30
34 30
35 30
37 30
39 30
42 30
44 30
45 30
46 30
54 30
57 30
62 30
66 30
79 30
91 30
99 30
10 31
17 31
18 31
19 31
24 31
28 31
31 31
35 31
39 31
41 31
53 31
55 31
61 31
63 31
72 31
75 31
77 31
79 31
81 31
85 31
86 31
88 31
90 31
91 31
96 31
4 32
10 32
11 32
13 32
20 32
22 32
34 32
41 32
45 32
48 32
49 32
50 32
64 32
69 32
72 32
84 32
91 32
92 32
12 33
27 33
32 33
42 33
43 33
45 33
46 33
51 33
59 33
65 33
69 33
72 33
73 33
82 33
83 33
84 33
87 33
88 33
92 33
98 33
100 33
6 34
7 34
12 34
22 34
23 34
32 34
33 34
36 34
37 34
42 34
49 34
52 34
63 34
67 34
69 34
70 34
75 34
76 34
77 34
79 34
81 34
82 34
86 34
89 34
96 34
1 35
3 35
9 35
11 35
12 35
14 35
15 35
18 35
19 35
21 35
23 35
24 35
26 35
29 35
31 35
34 35
35 35
36 35
43 35
52 35
53 35
54 35
61 35
62 35
63 35
65 35
66 35
71 35
79 35
80 35
83 35
84 35
87 35
96 35
7 36
8 36
18 36
21 36
34 36
37 36
38 36
39 36
45 36
47 36
51 36
55 36
58 36
65 36
66 36
71 36
80 36
81 36
83 36
85 36
93 36
95 36
98 36
100 36
3 37
6 37
8 37
16 37
21 37
32 37
42 37
43 37
45 37
46 37
50 37
51 37
53 37
56 37
59 37
61 37
66 37
73 37
74 37
79 37
80 37
83 37
84 37
95 37
3 38
8 38
11 38
13 38
16 38
18 38
20 38
30 38
33 38
42 38
45 38
59 38
60 38
62 38
71 38
74 38
76 38
77 38
83 38
84 38
87 38
88 38
90 38
94 38
95 38
3 39
4 39
5 39
6 39
9 39
16 39
17 39
21 39
29 39
42 39
45 39
46 39
47 39
53 39
61 39
85 39
91 39
92 39
94 39
96 39
98 39
3 40
10 40
13 40
14 40
16 40
20 40
22 40
23 40
28 40
32 40
37 40
40 40
42 40
45 40
54 40
55 40
58 40
59 40
61 40
62 40
64 40
66 40
76 40
79 40
80 40
84 40
90 40
92 40
98 40
100 40
1 41
2 41
7 41
15 41
22 41
28 41
32 41
44 41
46 41
47 41
49 41
52 41
58 41
59 41
62 41
64 41
66 41
69 41
70 41
71 41
73 41
75 41
78 41
81 41
90 41
91 41
94 41
2 42
4 42
6 42
12 42
20 42
21 42
22 42
28 42
29 42
34 42
36 42
41 42
46 42
48 42
49 42
53 42
56 42
57 42
62 42
74 42
78 42
79 42
90 42
96 42
1 43
3 43
6 43
14 43
19 43
21 43
23 43
27 43
28 43
29 43
30 43
33 43
35 43
37 43
43 43
48 43
55 43
59 43
62 43
66 43
71 43
74 43
76 43
77 43
83 43
86 43
87 43
89 43
92 43
97 43
99 43
6 44
10 44
14 44
24 44
25 44
31 44
37 44
38 44
43 44
51 44
58 44
60 44
61 44
62 44
66 44
68 44
69 44
74 44
77 44
83 44
95 44
96 44
99 44
100 44
3 45
4 45
5 45
6 45
8 45
14 45
17 45
22 45
23 45
25 45
26 45
39 45
44 45
52 45
56 45
58 45
59 45
60 45
70 45
71 45
74 45
78 45
83 45
96 45
98 45
1 46
2 46
3 46
4 46
5 46
11 46
19 46
20 46
21 46
22 46
26 46
33 46
34 46
36 46
54 46
55 46
56 46
57 46
66 46
69 46
75 46
81 46
88 46
92 46
93 46
8 47
14 47
28 47
30 47
31 47
36 47
38 47
39 47
42 47
52 47
56 47
57 47
68 47
77 47
83 47
85 47
86 47
89 47
91 47
92 47
99 47
1 48
2 48
4 48
6 48
7 48
11 48
15 48
27 48
28 48
31 48
35 48
44 48
54 48
58 48
60 48
62 48
71 48
84 48
85 48
91 48
93 48
94 48
95 48
97 48
100 48
1 49
2 49
4 49
5 49
10 49
16 49
18 49
27 49
28 49
34 49
38 49
40 49
41 49
45 49
48 49
56 49
62 49
68 49
69 49
72 49
82 49
84 49
99 49
4 50
10 50
12 50
19 50
21 50
22 50
23 50
25 50
28 50
29 50
32 50
35 50
38 50
48 50
50 50
51 50
53 50
58 50
60 50
64 50
65 50
71 50
80 50
83 50
84 50
92 50
98 50
3 51
4 51
10 51
27 51
32 51
35 51
37 51
40 51
43 51
44 51
56 51
57 51
60 51
62 51
63 51
72 51
73 51
77 51
80 51
88 51
89 51
93 51
96 51
98 51
4 52
15 52
17 52
18 52
27 52
29 52
31 52
35 52
45 52
47 52
50 52
51 52
64 52
67 52
69 52
71 52
74 52
79 52
81 52
82 52
83 52
90 52
94 52
95 52
1 53
3 53
6 53
8 53
15 53
16 53
18 53
20 53
21 53
22 53
24 53
28 53
29 53
37 53
38 53
41 53
42 53
49 53
52 53
54 53
68 53
70 53
77 53
81 53
96 53
2 54
4 54
6 54
7 54
13 54
14 54
18 54
21 54
25 54
26 54
27 54
33 54
37 54
40 54
43 54
45 54
47 54
48 54
52 54
53 54
59 54
66 54
67 54
68 54
69 54
76 54
79 54
83 54
88 54
98 54
11 55
13 55
15 55
23 55
28 55
31 55
32 55
39 55
41 55
43 55
52 55
53 55
56 55
57 55
59 55
61 55
64 55
71 55
72 55
82 55
84 55
10 56
13 56
17 56
19 56
21 56
24 56
25 56
27 56
28 56
40 56
42 56
44 56
46 56
50 56
57 56
59 56
62 56
65 56
66 56
71 56
72 56
73 56
74 56
75 56
77 56
80 56
82 56
85 56
87 56
89 56
5 57
6 57
21 57
22 57
27 57
29 57
37 57
43 57
47 57
48 57
53 57
62 57
63 57
65 57
81 57
82 57
84 57
93 57
97 57
2 58
3 58
7 58
11 58
13 58
15 58
25 58
26 58
28 58
30 58
31 58
32 58
39 58
40 58
42 58
45 58
47 58
49 58
52 58
56 58
59 58
64 58
74 58
79 58
88 58
97 58
100 58
2 59
3 59
5 59
7 59
9 59
21 59
22 59
23 59
25 59
28 59
31 59
32 59
36 59
40 59
44 59
52 59
55 59
57 59
70 59
77 59
78 59
79 59
84 59
95 59
96 59
1 60
10 60
19 60
23 60
29 60
31 60
35 60
43 60
44 60
52 60
54 60
55 60
58 60
59 60
63 60
72 60
73 60
80 60
81 60
83 60
84 60
88 60
92 60
100 60
5 61
9 61
10 61
15 61
21 61
25 61
28 61
29 61
30 61
46 61
48 61
50 61
51 61
53 61
55 61
56 61
57 61
60 61
61 61
70 61
72 61
74 61
76 61
84 61
86 61
87 61
89 61
90 61
91 61
96 61
100 61
2 62
5 62
6 62
7 62
15 62
17 62
20 62
22 62
23 62
26 62
27 62
29 62
30 62
33 62
38 62
41 62
42 62
44 62
47 62
48 62
49 62
54 62
66 62
71 62
76 62
79 62
86 62
88 62
92 62
94 62
97 62
98 62
100 62
3 63
7 63
11 63
15 63
20 63
21 63
23 63
28 63
35 63
41 63
42 63
43 63
45 63
47 63
48 63
51 63
54 63
56 63
57 63
59 63
61 63
67 63
70 63
72 63
74 63
79 63
81 63
83 63
85 63
95 63
96 63
98 63
100 63
1 64
9 64
18 64
19 64
23 64
27 64
30 64
31 64
32 64
39 64
42 64
45 64
47 64
58 64
60 64
64 64
65 64
67 64
71 64
72 64
73 64
74 64
84 64
88 64
90 64
92 64
94 64
97 64
99 64
100 64
1 65
11 65
13 65
21 65
22 65
26 65
28 65
30 65
32 65
41 65
42 65
45 65
46 65
51 65
56 65
58 65
60 65
79 65
84 65
85 65
86 65
88 65
95 65
97 65
99 65
4 66
8 66
14 66
18 66
21 66
27 66
34 66
36 66
38 66
40 66
45 66
46 66
48 66
49 66
50 66
51 66
55 66
61 66
62 66
65 66
71 66
78 66
80 66
81 66
88 66
90 66
93 66
97 66
1 67
9 67
10 67
11 67
20 67
21 67
24 67
29 67
34 67
35 67
38 67
42 67
45 67
46 67
48 67
51 67
55 67
58 67
63 67
67 67
71 67
78 67
80 67
84 67
86 67
90 67
92 67
93 67
94 67
100 67
4 68
12 68
14 68
17 68
20 68
21 68
25 68
30 68
41 68
45 68
46 68
49 68
53 68
57 68
59 68
62 68
64 68
67 68
68 68
78 68
82 68
89 68
90 68
92 68
93 68
3 69
6 69
7 69
12 69
17 69
25 69
32 69
33 69
39 69
45 69
46 69
49 69
52 69
56 69
60 69
82 69
83 69
84 69
85 69
88 69
90 69
92 69
97 69
98 69
3 70
5 70
7 70
18 70
21 70
24 70
25 70
26 70
45 70
62 70
63 70
66 70
68 70
73 70
86 70
91 70
94 70
7 71
13 71
18 71
23 71
27 71
36 71
40 71
41 71
49 71
51 71
57 71
61 71
63 71
65 71
67 71
72 71
83 71
86 71
87 71
90 71
98 71
100 71
4 72
5 72
8 72
9 72
10 72
12 72
13 72
19 72
20 72
24 72
27 72
32 72
35 72
37 72
43 72
47 72
52 72
61 72
64 72
66 72
68 72
72 72
73 72
76 72
84 72
86 72
95 72
96 72
7 73
15 73
21 73
24 73
25 73
29 73
31 73
40 73
41 73
42 73
45 73
49 73
50 73
52 73
61 73
63 73
64 73
66 73
67 73
74 73
80 73
83 73
84 73
90 73
93 73
94 73
95 73
96 73
100 73
1 74
6 74
8 74
16 74
19 74
23 74
24 74
30 74
34 74
36 74
54 74
56 74
70 74
71 74
72 74
78 74
79 74
84 74
85 74
91 74
93 74
6 75
10 75
17 75
18 75
25 75
27 75
28 75
32 75
36 75
39 75
40 75
47 75
51 75
55 75
60 75
61 75
62 75
66 75
74 75
81 75
82 75
88 75
89 75
91 75
93 75
94 75
98 75
2 76
4 76
10 76
22 76
23 76
27 76
31 76
35 76
40 76
44 76
52 76
57 76
60 76
68 76
69 76
74 76
78 76
85 76
96 76
97 76
8 77
17 77
23 77
24 77
26 77
33 77
35 77
37 77
44 77
45 77
46 77
48 77
52 77
55 77
57 77
58 77
59 77
60 77
62 77
63 77
64 77
66 77
71 77
83 77
86 77
87 77
89 77
92 77
95 77
2 78
7 78
8 78
21 78
23 78
24 78
26 78
27 78
28 78
37 78
43 78
48 78
51 78
54 78
55 78
60 78
61 78
65 78
70 78
73 78
75 78
85 78
88 78
90 78
94 78
96 78
2 79
15 79
16 79
19 79
22 79
30 79
32 79
37 79
41 79
43 79
47 79
57 79
65 79
66 79
68 79
69 79
70 79
73 79
75 79
86 79
94 79
97 79
100 79
2 80
3 80
5 80
12 80
14 80
19 80
23 80
24 80
32 80
33 80
37 80
40 80
41 80
42 80
44 80
47 80
48 80
49 80
55 80
59 80
60 80
61 80
64 80
67 80
68 80
75 80
76 80
78 80
81 80
86 80
89 80
94 80
99 80
100 80
3 81
8 81
9 81
13 81
14 81
16 81
18 81
24 81
32 81
33 81
37 81
38 81
39 81
42 81
46 81
48 81
58 81
62 81
63 81
65 81
67 81
87 81
89 81
90 81
91 81
92 81
95 81
96 81
2 82
21 82
24 82
27 82
36 82
39 82
41 82
45 82
47 82
51 82
55 82
67 82
68 82
69 82
71 82
81 82
82 82
84 82
85 82
89 82
93 82
95 82
98 82
100 82
4 83
6 83
13 83
34 83
36 83
42 83
43 83
47 83
49 83
53 83
56 83
57 83
58 83
61 83
69 83
71 83
83 83
96 83
97 83
1 84
3 84
4 84
11 84
15 84
18 84
20 84
21 84
22 84
23 84
24 84
29 84
31 84
32 84
33 84
34 84
36 84
41 84
52 84
57 84
58 84
63 84
68 84
70 84
77 84
90 84
93 84
99 84
2 85
8 85
15 85
22 85
25 85
27 85
34 85
36 85
39 85
45 85
46 85
51 85
60 85
65 85
66 85
76 85
81 85
82 85
84 85
95 85
100 85
1 86
4 86
5 86
7 86
13 86
16 86
25 86
30 86
36 86
38 86
42 86
44 86
56 86
58 86
64 86
69 86
80 86
90 86
94 86
100 86
11 87
19 87
22 87
23 87
30 87
32 87
33 87
41 87
42 87
47 87
50 87
52 87
53 87
55 87
56 87
58 87
59 87
65 87
72 87
74 87
75 87
79 87
80 87
82 87
85 87
90 87
95 87
97 87
6 88
12 88
14 88
16 88
17 88
20 88
26 88
31 88
33 88
41 88
44 88
51 88
56 88
59 88
62 88
63 88
64 88
66 88
72 88
74 88
79 88
86 88
87 88
91 88
94 88
100 88
23 89
29 89
32 89
34 89
38 89
39 89
44 89
49 89
50 89
54 89
57 89
59 89
68 89
70 89
77 89
78 89
80 89
82 89
86 89
88 89
91 89
93 89
5 90
7 90
31 90
36 90
37 90
39 90
44 90
46 90
54 90
72 90
76 90
77 90
82 90
86 90
92 90
93 90
99 90
100 90
8 91
13 91
16 91
18 91
19 91
22 91
25 91
33 91
37 91
44 91
48 91
60 91
61 91
66 91
67 91
72 91
75 91
82 91
88 91
89 91
90 91
92 91
4 92
5 92
11 92
12 92
22 92
23 92
26 92
44 92
45 92
49 92
51 92
57 92
60 92
61 92
68 92
69 92
73 92
77 92
80 92
84 92
87 92
88 92
91 92
3 93
13 93
16 93
22 93
23 93
24 93
25 93
32 93
35 93
43 93
46 93
49 93
56 93
62 93
70 93
73 93
76 93
79 93
85 93
88 93
89 93
97 93
98 93
99 93
2 94
5 94
10 94
12 94
18 94
24 94
28 94
30 94
35 94
36 94
38 94
47 94
54 94
56 94
60 94
71 94
73 94
76 94
79 94
85 94
90 94
92 94
1 95
2 95
3 95
11 95
17 95
23 95
36 95
40 95
41 95
43 95
44 95
48 95
52 95
55 95
57 95
58 95
62 95
65 95
66 95
70 95
84 95
86 95
88 95
93 95
100 95
3 96
5 96
9 96
10 96
13 96
21 96
22 96
23 96
30 96
31 96
37 96
40 96
41 96
45 96
47 96
59 96
64 96
65 96
66 96
67 96
68 96
69 96
77 96
96 96
97 96
8 97
13 97
15 97
20 97
22 97
24 97
29 97
30 97
33 97
37 97
39 97
45 97
47 97
48 97
51 97
53 97
56 97
58 97
62 97
63 97
76 97
78 97
91 97
92 97
94 97
95 97
9 98
22 98
23 98
30 98
35 98
37 98
38 98
39 98
40 98
43 98
53 98
57 98
58 98
62 98
68 98
72 98
76 98
81 98
85 98
86 98
87 98
97 98
98 98
99 98
100 98
3 99
4 99
6 99
9 99
12 99
13 99
17 99
22 99
24 99
35 99
40 99
45 99
49 99
50 99
52 99
56 99
59 99
62 99
74 99
75 99
77 99
82 99
85 99
89 99
90 99
100 99
7 100
11 100
16 100
18 100
20 100
22 100
23 100
25 100
27 100
45 100
46 100
48 100
62 100
79 100
80 100
81 100
83 100
87 100
91 100
