100
3 1
4 1
11 1
22 1
24 1
26 1
28 1
33 1
35 1
39 1
42 1
51 1
58 1
60 1
62 1
68 1
72 1
77 1
82 1
88 1
89 1
92 1
95 1
98 1
1 2
2 2
11 2
12 2
20 2
21 2
22 2
23 2
28 2
36 2
39 2
41 2
42 2
44 2
50 2
52 2
64 2
70 2
78 2
85 2
87 2
94 2
96 2
97 2
99 2
3 3
4 3
7 3
12 3
13 3
15 3
17 3
18 3
21 3
22 3
24 3
27 3
29 3
34 3
37 3
41 3
52 3
56 3
59 3
61 3
65 3
68 3
76 3
79 3
80 3
95 3
97 3
98 3
5 4
6 4
14 4
16 4
40 4
42 4
46 4
51 4
60 4
66 4
71 4
73 4
74 4
75 4
76 4
77 4
96 4
97 4
98 4
99 4
1 5
6 5
9 5
10 5
13 5
14 5
17 5
18 5
20 5
27 5
31 5
32 5
34 5
39 5
43 5
46 5
47 5
49 5
50 5
52 5
54 5
60 5
62 5
66 5
71 5
72 5
81 5
82 5
85 5
86 5
94 5
96 5
98 5
1 6
4 6
15 6
18 6
23 6
24 6
25 6
29 6
41 6
45 6
46 6
47 6
49 6
50 6
52 6
53 6
73 6
75 6
77 6
78 6
80 6
81 6
82 6
85 6
86 6
89 6
90 6
11 7
14 7
23 7
28 7
35 7
39 7
42 7
46 7
50 7
53 7
55 7
58 7
60 7
61 7
65 7
66 7
68 7
74 7
78 7
82 7
84 7
87 7
90 7
91 7
17 8
18 8
20 8
24 8
27 8
33 8
34 8
37 8
39 8
48 8
51 8
53 8
68 8
72 8
73 8
77 8
83 8
91 8
95 8
98 8
100 8
1 9
2 9
8 9
10 9
11 9
14 9
16 9
26 9
27 9
34 9
36 9
39 9
40 9
41 9
44 9
51 9
52 9
53 9
58 9
62 9
65 9
66 9
70 9
88 9
94 9
96 9
5 10
8 10
14 10
17 10
20 10
25 10
28 10
29 10
43 10
47 10
51 10
52 10
55 10
57 10
60 10
64 10
65 10
69 10
73 10
76 10
80 10
81 10
87 10
91 10
93 10
95 10
9 11
10 11
11 11
14 11
18 11
19 11
26 11
29 11
32 11
37 11
41 11
44 11
45 11
47 11
48 11
49 11
51 11
54 11
64 11
66 11
74 11
81 11
84 11
94 11
98 11
1 12
4 12
5 12
13 12
15 12
16 12
19 12
27 12
28 12
32 12
40 12
45 12
49 12
50 12
51 12
57 12
61 12
62 12
63 12
67 12
72 12
77 12
80 12
83 12
87 12
94 12
98 12
7 13
10 13
12 13
13 13
18 13
26 13
32 13
33 13
34 13
44 13
45 13
47 13
55 13
60 13
62 13
63 13
68 13
73 13
79 13
88 13
100 13
1 14
3 14
11 14
19 14
20 14
23 14
27 14
29 14
32 14
34 14
47 14
48 14
53 14
55 14
66 14
74 14
78 14
84 14
93 14
94 14
95 14
99 14
6 15
12 15
16 15
17 15
18 15
23 15
25 15
26 15
31 15
33 15
37 15
39 15
40 15
41 15
44 15
46 15
50 15
56 15
60 15
63 15
65 15
67 15
82 15
84 15
93 15
96 15
98 15
99 15
1 16
3 16
8 16
14 16
17 16
19 16
24 16
34 16
41 16
46 16
49 16
57 16
61 16
66 16
73 16
78 16
83 16
85 16
88 16
93 16
97 16
1 17
2 17
7 17
12 17
13 17
26 17
27 17
31 17
34 17
35 17
36 17
37 17
39 17
44 17
45 17
48 17
52 17
53 17
55 17
58 17
60 17
61 17
63 17
68 17
74 17
78 17
80 17
89 17
92 17
99 17
1 18
2 18
3 18
5 18
6 18
7 18
10 18
12 18
13 18
14 18
21 18
24 18
34 18
35 18
36 18
39 18
53 18
54 18
58 18
60 18
63 18
66 18
68 18
69 18
70 18
73 18
76 18
82 18
83 18
84 18
86 18
87 18
100 18
1 19
3 19
4 19
7 19
9 19
10 19
14 19
25 19
26 19
29 19
34 19
35 19
38 19
42 19
46 19
55 19
58 19
67 19
71 19
80 19
84 19
86 19
87 19
90 19
92 19
93 19
97 19
99 19
5 20
20 20
21 20
27 20
30 20
33 20
35 20
37 20
44 20
46 20
48 20
50 20
51 20
55 20
61 20
64 20
83 20
84 20
89 20
91 20
93 20
99 20
1 21
12 21
14 21
23 21
30 21
33 21
39 21
40 21
44 21
45 21
54 21
58 21
60 21
63 21
70 21
93 21
95 21
96 21
97 21
98 21
4 22
7 22
12 22
16 22
18 22
22 22
25 22
28 22
36 22
37 22
42 22
44 22
46 22
53 22
64 22
68 22
72 22
77 22
79 22
80 22
90 22
93 22
96 22
6 23
8 23
34 23
39 23
40 23
49 23
58 23
65 23
77 23
91 23
92 23
95 23
97 23
98 23
100 23
7 24
10 24
13 24
19 24
21 24
22 24
26 24
27 24
29 24
33 24
37 24
40 24
41 24
46 24
49 24
50 24
52 24
57 24
66 24
67 24
68 24
80 24
81 24
87 24
89 24
97 24
98 24
99 24
5 25
6 25
11 25
14 25
16 25
20 25
24 25
25 25
29 25
30 25
43 25
51 25
57 25
63 25
65 25
69 25
70 25
75 25
76 25
77 25
78 25
85 25
86 25
88 25
90 25
94 25
100 25
5 26
6 26
7 26
10 26
13 26
15 26
16 26
18 26
20 26
25 26
26 26
30 26
33 26
34 26
41 26
48 26
60 26
62 26
63 26
65 26
71 26
73 26
75 26
76 26
80 26
84 26
85 26
86 26
91 26
95 26
98 26
100 26
2 27
12 27
17 27
18 27
23 27
27 27
36 27
44 27
45 27
58 27
59 27
62 27
63 27
66 27
72 27
78 27
92 27
93 27
2 28
6 28
7 28
8 28
11 28
17 28
33 28
37 28
38 28
40 28
41 28
43 28
45 28
48 28
59 28
61 28
70 28
73 28
76 28
91 28
94 28
95 28
100 28
1 29
15 29
17 29
20 29
26 29
28 29
37 29
44 29
49 29
58 29
59 29
64 29
67 29
69 29
71 29
72 29
76 29
79 29
80 29
81 29
87 29
88 29
90 29
91 29
95 29
97 29
2 30
8 30
9 30
16 30
20 30
22 30
23 30
30 30
34 30
36 30
37 30
44 30
46 30
48 30
52 30
53 30
54 30
59 30
60 30
65 30
68 30
85 30
87 30
88 30
96 30
6 31
8 31
12 31
17 31
19 31
30 31
33 31
34 31
35 31
36 31
40 31
46 31
47 31
58 31
60 31
62 31
63 31
68 31
70 31
71 31
72 31
74 31
78 31
82 31
85 31
86 31
90 31
92 31
95 31
97 31
8 32
14 32
15 32
18 32
28 32
32 32
34 32
38 32
40 32
43 32
44 32
47 32
52 32
54 32
57 32
66 32
70 32
74 32
76 32
79 32
82 32
84 32
90 32
91 32
92 32
93 32
94 32
99 32
5 33
6 33
13 33
17 33
18 33
20 33
22 33
25 33
29 33
30 33
31 33
35 33
38 33
41 33
46 33
47 33
50 33
52 33
55 33
56 33
57 33
75 33
79 33
90 33
92 33
94 33
96 33
1 34
6 34
7 34
20 34
22 34
23 34
28 34
32 34
39 34
44 34
46 34
48 34
51 34
55 34
61 34
66 34
82 34
84 34
89 34
91 34
92 34
93 34
95 34
98 34
1 35
3 35
4 35
7 35
10 35
20 35
22 35
27 35
36 35
39 35
44 35
46 35
50 35
53 35
56 35
59 35
61 35
66 35
75 35
77 35
78 35
83 35
86 35
87 35
93 35
96 35
2 36
6 36
19 36
30 36
31 36
36 36
41 36
53 36
55 36
57 36
62 36
64 36
68 36
70 36
72 36
81 36
85 36
87 36
88 36
92 36
95 36
97 36
1 37
3 37
11 37
20 37
21 37
23 37
25 37
26 37
29 37
33 37
35 37
43 37
51 37
57 37
59 37
68 37
73 37
79 37
80 37
81 37
82 37
83 37
85 37
89 37
92 37
2 38
3 38
11 38
18 38
21 38
28 38
30 38
32 38
35 38
37 38
39 38
42 38
43 38
44 38
50 38
51 38
57 38
60 38
63 38
65 38
69 38
70 38
72 38
74 38
82 38
83 38
93 38
97 38
99 38
100 38
7 39
8 39
19 39
25 39
28 39
29 39
37 39
41 39
48 39
52 39
56 39
61 39
71 39
77 39
96 39
97 39
98 39
100 39
2 40
5 40
12 40
13 40
19 40
21 40
41 40
44 40
46 40
59 40
72 40
79 40
82 40
83 40
85 40
88 40
100 40
11 41
18 41
21 41
25 41
27 41
30 41
32 41
36 41
40 41
41 41
44 41
50 41
51 41
58 41
65 41
67 41
71 41
74 41
79 41
80 41
84 41
89 41
91 41
92 41
95 41
96 41
1 42
5 42
7 42
22 42
27 42
28 42
40 42
41 42
46 42
59 42
62 42
64 42
66 42
69 42
74 42
76 42
78 42
80 42
86 42
88 42
89 42
92 42
96 42
8 43
13 43
17 43
19 43
20 43
24 43
26 43
48 43
59 43
65 43
68 43
76 43
81 43
83 43
86 43
90 43
91 43
95 43
98 43
99 43
2 44
5 44
14 44
15 44
18 44
20 44
22 44
26 44
31 44
40 44
41 44
58 44
61 44
62 44
64 44
67 44
69 44
71 44
77 44
87 44
92 44
94 44
96 44
2 45
5 45
18 45
26 45
32 45
34 45
35 45
42 45
45 45
46 45
51 45
55 45
61 45
67 45
70 45
74 45
80 45
86 45
88 45
90 45
93 45
97 45
100 45
3 46
4 46
8 46
9 46
11 46
19 46
20 46
21 46
25 46
27 46
28 46
29 46
34 46
45 46
47 46
48 46
54 46
64 46
65 46
66 46
67 46
69 46
70 46
76 46
79 46
83 46
84 46
86 46
88 46
97 46
1 47
6 47
8 47
11 47
17 47
26 47
29 47
33 47
34 47
38 47
40 47
41 47
45 47
46 47
49 47
54 47
58 47
59 47
62 47
66 47
73 47
76 47
78 47
82 47
94 47
99 47
100 47
3 48
11 48
14 48
17 48
23 48
24 48
25 48
30 48
33 48
35 48
41 48
48 48
52 48
61 48
73 48
74 48
80 48
85 48
89 48
93 48
99 48
100 48
1 49
6 49
11 49
18 49
19 49
20 49
24 49
27 49
29 49
32 49
33 49
35 49
44 49
48 49
50 49
54 49
57 49
63 49
64 49
68 49
72 49
81 49
84 49
92 49
96 49
98 49
99 49
2 50
4 50
5 50
7 50
18 50
19 50
26 50
27 50
29 50
30 50
35 50
36 50
40 50
42 50
43 50
48 50
49 50
63 50
65 50
71 50
72 50
74 50
85 50
86 50
90 50
91 50
93 50
94 50
1 51
3 51
8 51
12 51
20 51
26 51
27 51
29 51
32 51
36 51
37 51
43 51
44 51
47 51
48 51
58 51
65 51
66 51
82 51
84 51
89 51
94 51
4 52
8 52
14 52
23 52
33 52
34 52
35 52
41 52
43 52
51 52
55 52
58 52
61 52
64 52
78 52
79 52
88 52
91 52
94 52
96 52
98 52
2 53
5 53
7 53
9 53
11 53
13 53
14 53
20 53
24 53
26 53
29 53
30 53
31 53
37 53
40 53
44 53
57 53
58 53
60 53
70 53
92 53
94 53
95 53
96 53
5 54
7 54
22 54
25 54
27 54
29 54
32 54
35 54
55 54
56 54
58 54
62 54
66 54
68 54
69 54
70 54
76 54
77 54
78 54
81 54
84 54
85 54
86 54
88 54
94 54
95 54
98 54
99 54
3 55
7 55
18 55
22 55
26 55
27 55
30 55
31 55
32 55
37 55
40 55
41 55
46 55
50 55
52 55
58 55
60 55
65 55
82 55
84 55
95 55
96 55
98 55
3 56
5 56
10 56
20 56
24 56
25 56
26 56
34 56
36 56
37 56
43 56
44 56
50 56
56 56
61 56
62 56
64 56
80 56
81 56
88 56
2 57
7 57
14 57
18 57
24 57
26 57
32 57
33 57
37 57
40 57
47 57
52 57
54 57
55 57
57 57
59 57
60 57
61 57
62 57
65 57
70 57
71 57
73 57
77 57
78 57
84 57
92 57
94 57
95 57
97 57
2 58
6 58
7 58
15 58
26 58
29 58
30 58
31 58
43 58
51 58
57 58
60 58
64 58
65 58
66 58
72 58
74 58
75 58
77 58
84 58
86 58
97 58
3 59
12 59
17 59
22 59
23 59
41 59
46 59
47 59
56 59
62 59
67 59
85 59
88 59
92 59
96 59
97 59
2 60
5 60
10 60
11 60
15 60
17 60
18 60
20 60
27 60
28 60
30 60
31 60
41 60
45 60
48 60
53 60
56 60
57 60
61 60
64 60
72 60
73 60
76 60
77 60
82 60
84 60
85 60
1 61
4 61
6 61
7 61
15 61
17 61
20 61
26 61
41 61
44 61
46 61
58 61
62 61
74 61
76 61
80 61
86 61
87 61
90 61
96 61
99 61
100 61
4 62
7 62
10 62
11 62
13 62
14 62
15 62
16 62
17 62
24 62
32 62
36 62
39 62
43 62
44 62
45 62
49 62
58 62
62 62
63 62
65 62
69 62
73 62
74 62
79 62
81 62
85 62
86 62
88 62
95 62
97 62
98 62
99 62
4 63
9 63
11 63
13 63
17 63
23 63
24 63
26 63
27 63
32 63
33 63
37 63
44 63
50 63
51 63
59 63
68 63
71 63
72 63
79 63
80 63
94 63
97 63
98 63
4 64
8 64
13 64
14 64
17 64
23 64
24 64
28 64
32 64
36 64
47 64
50 64
51 64
56 64
57 64
60 64
61 64
63 64
73 64
75 64
78 64
79 64
80 64
82 64
85 64
87 64
89 64
92 64
97 64
1 65
3 65
5 65
6 65
7 65
8 65
9 65
22 65
24 65
28 65
31 65
35 65
39 65
44 65
46 65
52 65
53 65
55 65
59 65
63 65
66 65
84 65
85 65
90 65
91 65
98 65
100 65
5 66
11 66
12 66
14 66
17 66
18 66
22 66
27 66
37 66
38 66
45 66
46 66
56 66
57 66
71 66
78 66
79 66
84 66
85 66
89 66
90 66
94 66
97 66
3 67
8 67
14 67
23 67
26 67
30 67
33 67
39 67
40 67
51 67
53 67
55 67
57 67
62 67
75 67
80 67
87 67
96 67
97 67
100 67
6 68
9 68
22 68
37 68
38 68
40 68
41 68
42 68
43 68
45 68
47 68
48 68
50 68
51 68
55 68
58 68
61 68
67 68
75 68
77 68
81 68
82 68
90 68
94 68
95 68
99 68
7 69
13 69
16 69
20 69
21 69
23 69
25 69
27 69
37 69
41 69
43 69
47 69
48 69
49 69
52 69
60 69
80 69
84 69
87 69
88 69
90 69
94 69
97 69
5 70
9 70
10 70
15 70
17 70
20 70
22 70
24 70
28 70
30 70
31 70
33 70
36 70
37 70
40 70
42 70
43 70
44 70
50 70
53 70
56 70
65 70
68 70
72 70
77 70
78 70
80 70
83 70
84 70
90 70
91 70
92 70
95 70
96 70
98 70
4 71
9 71
15 71
22 71
25 71
26 71
31 71
33 71
46 71
51 71
55 71
57 71
64 71
66 71
72 71
73 71
75 71
80 71
82 71
91 71
92 71
9 72
11 72
12 72
17 72
20 72
31 72
34 72
38 72
39 72
43 72
48 72
53 72
61 72
65 72
68 72
78 72
81 72
86 72
88 72
93 72
97 72
1 73
4 73
8 73
10 73
14 73
20 73
21 73
23 73
29 73
30 73
33 73
35 73
36 73
41 73
42 73
49 73
56 73
62 73
64 73
74 73
81 73
82 73
85 73
6 74
9 74
17 74
19 74
23 74
24 74
25 74
27 74
29 74
37 74
66 74
68 74
75 74
76 74
77 74
82 74
83 74
92 74
93 74
100 74
3 75
11 75
13 75
19 75
24 75
27 75
34 75
37 75
38 75
40 75
44 75
47 75
58 75
62 75
64 75
66 75
67 75
69 75
72 75
73 75
78 75
83 75
85 75
87 75
92 75
98 75
1 76
4 76
7 76
16 76
18 76
20 76
23 76
28 76
30 76
31 76
32 76
34 76
36 76
41 76
43 76
48 76
56 76
58 76
63 76
71 76
72 76
77 76
87 76
93 76
95 76
99 76
6 77
8 77
22 77
28 77
37 77
41 77
43 77
46 77
55 77
56 77
58 77
60 77
62 77
63 77
64 77
66 77
68 77
72 77
78 77
83 77
84 77
85 77
91 77
92 77
98 77
1 78
7 78
10 78
11 78
17 78
19 78
20 78
30 78
43 78
46 78
55 78
61 78
65 78
66 78
67 78
74 78
75 78
81 78
83 78
84 78
86 78
89 78
92 78
99 78
2 79
4 79
6 79
7 79
16 79
22 79
32 79
33 79
34 79
37 79
41 79
44 79
62 79
64 79
72 79
75 79
76 79
81 79
87 79
89 79
100 79
1 80
3 80
6 80
7 80
12 80
18 80
19 80
25 80
29 80
34 80
36 80
43 80
54 80
67 80
70 80
71 80
75 80
77 80
84 80
91 80
96 80
97 80
1 81
2 81
7 81
14 81
15 81
21 81
26 81
30 81
37 81
38 81
43 81
50 81
51 81
53 81
54 81
57 81
59 81
60 81
61 81
69 81
78 81
79 81
80 81
84 81
87 81
93 81
94 81
95 81
96 81
97 81
10 82
11 82
12 82
20 82
23 82
27 82
29 82
32 82
35 82
45 82
55 82
57 82
58 82
65 82
68 82
72 82
81 82
90 82
92 82
96 82
97 82
99 82
1 83
14 83
17 83
18 83
21 83
24 83
33 83
41 83
45 83
48 83
51 83
53 83
54 83
65 83
70 83
79 83
88 83
95 83
3 84
12 84
18 84
21 84
22 84
29 84
34 84
38 84
40 84
41 84
46 84
53 84
54 84
57 84
60 84
62 84
64 84
65 84
70 84
72 84
77 84
84 84
89 84
94 84
98 84
1 85
2 85
18 85
21 85
28 85
36 85
37 85
39 85
46 85
48 85
49 85
50 85
54 85
55 85
56 85
57 85
60 85
70 85
79 85
83 85
84 85
86 85
87 85
90 85
91 85
92 85
96 85
98 85
2 86
10 86
11 86
16 86
17 86
19 86
24 86
25 86
27 86
38 86
42 86
43 86
45 86
46 86
47 86
48 86
49 86
51 86
62 86
69 86
88 86
90 86
91 86
93 86
98 86
99 86
100 86
3 87
6 87
8 87
9 87
11 87
16 87
24 87
25 87
32 87
34 87
37 87
40 87
44 87
45 87
46 87
49 87
50 87
51 87
62 87
64 87
69 87
73 87
74 87
77 87
81 87
82 87
99 87
4 88
8 88
11 88
16 88
17 88
19 88
22 88
23 88
25 88
28 88
29 88
33 88
37 88
39 88
40 88
44 88
54 88
57 88
58 88
63 88
74 88
79 88
84 88
85 88
90 88
92 88
2 89
8 89
9 89
12 89
22 89
25 89
30 89
31 89
42 89
44 89
52 89
53 89
58 89
59 89
70 89
74 89
77 89
78 89
79 89
92 89
94 89
99 89
6 90
7 90
10 90
13 90
19 90
30 90
31 90
32 90
34 90
41 90
42 90
44 90
49 90
50 90
53 90
55 90
59 90
60 90
64 90
68 90
69 90
79 90
84 90
86 90
91 90
93 90
10 91
11 91
12 91
16 91
19 91
23 91
26 91
27 91
29 91
30 91
32 91
33 91
38 91
51 91
55 91
56 91
58 91
59 91
60 91
64 91
66 91
68 91
71 91
84 91
86 91
88 91
92 91
96 91
18 92
23 92
24 92
36 92
41 92
47 92
49 92
50 92
54 92
56 92
62 92
63 92
91 92
94 92
96 92
98 92
100 92
7 93
13 93
16 93
17 93
20 93
31 93
32 93
34 93
37 93
42 93
43 93
44 93
45 93
49 93
53 93
54 93
58 93
59 93
64 93
70 93
73 93
79 93
81 93
89 93
98 93
99 93
100 93
4 94
5 94
6 94
11 94
12 94
13 94
17 94
23 94
24 94
25 94
30 94
32 94
33 94
42 94
51 94
54 94
55 94
57 94
63 94
65 94
76 94
77 94
79 94
84 94
86 94
87 94
88 94
89 94
93 94
96 94
99 94
1 95
6 95
9 95
12 95
14 95
15 95
16 95
17 95
19 95
25 95
31 95
35 95
42 95
44 95
46 95
53 95
58 95
60 95
61 95
68 95
69 95
70 95
72 95
76 95
83 95
86 95
89 95
91 95
5 96
12 96
14 96
15 96
19 96
22 96
23 96
24 96
26 96
29 96
33 96
34 96
36 96
38 96
45 96
51 96
58 96
62 96
70 96
74 96
78 96
82 96
84 96
89 96
92 96
99 96
2 97
4 97
23 97
25 97
27 97
28 97
29 97
32 97
34 97
44 97
46 97
47 97
51 97
60 97
61 97
64 97
65 97
67 97
72 97
74 97
76 97
80 97
81 97
83 97
91 97
92 97
95 97
96 97
1 98
7 98
9 98
15 98
24 98
25 98
35 98
37 98
39 98
40 98
41 98
43 98
44 98
50 98
58 98
69 98
71 98
73 98
75 98
76 98
78 98
93 98
1 99
3 99
7 99
9 99
11 99
15 99
17 99
18 99
23 99
25 99
30 99
37 99
42 99
43 99
44 99
56 99
62 99
63 99
65 99
66 99
67 99
68 99
72 99
78 99
79 99
88 99
95 99
99 99
2 100
6 100
8 100
9 100
10 100
13 100
14 100
20 100
21 100
22 100
24 100
34 100
40 100
41 100
43 100
44 100
60 100
63 100
65 100
68 100
78 100
79 100
84 100
94 100
96 100
