100
1 1
7 1
8 1
11 1
14 1
15 1
17 1
19 1
23 1
24 1
31 1
38 1
39 1
43 1
45 1
53 1
58 1
63 1
71 1
77 1
79 1
83 1
84 1
88 1
90 1
96 1
97 1
2 2
6 2
10 2
12 2
19 2
22 2
31 2
33 2
36 2
39 2
41 2
50 2
51 2
55 2
56 2
57 2
59 2
66 2
68 2
70 2
74 2
77 2
81 2
90 2
92 2
95 2
96 2
98 2
100 2
1 3
4 3
7 3
11 3
12 3
18 3
19 3
39 3
42 3
44 3
50 3
51 3
57 3
59 3
63 3
65 3
72 3
73 3
77 3
81 3
83 3
90 3
97 3
99 3
2 4
3 4
7 4
9 4
15 4
31 4
32 4
38 4
39 4
40 4
41 4
42 4
46 4
55 4
63 4
67 4
76 4
77 4
84 4
87 4
89 4
94 4
95 4
99 4
100 4
2 5
5 5
7 5
16 5
19 5
23 5
24 5
34 5
37 5
38 5
43 5
47 5
48 5
52 5
56 5
58 5
61 5
67 5
72 5
74 5
80 5
86 5
89 5
91 5
92 5
94 5
95 5
99 5
3 6
5 6
8 6
9 6
10 6
12 6
26 6
27 6
29 6
31 6
32 6
36 6
39 6
41 6
42 6
43 6
46 6
50 6
52 6
59 6
64 6
66 6
82 6
83 6
88 6
93 6
96 6
1 7
17 7
18 7
19 7
32 7
35 7
38 7
39 7
43 7
48 7
52 7
53 7
54 7
58 7
59 7
62 7
64 7
66 7
77 7
97 7
98 7
100 7
13 8
22 8
23 8
24 8
29 8
30 8
36 8
38 8
39 8
47 8
58 8
59 8
64 8
66 8
68 8
74 8
75 8
76 8
78 8
80 8
81 8
85 8
89 8
90 8
100 8
5 9
8 9
33 9
39 9
41 9
47 9
50 9
59 9
61 9
62 9
63 9
70 9
74 9
75 9
82 9
83 9
95 9
3 10
5 10
10 10
18 10
20 10
26 10
27 10
29 10
39 10
43 10
47 10
50 10
52 10
63 10
77 10
82 10
83 10
84 10
88 10
92 10
93 10
95 10
97 10
2 11
3 11
4 11
6 11
7 11
9 11
12 11
14 11
17 11
21 11
22 11
37 11
38 11
39 11
41 11
42 11
43 11
46 11
47 11
50 11
61 11
62 11
76 11
90 11
98 11
99 11
10 12
21 12
25 12
30 12
31 12
34 12
41 12
46 12
48 12
51 12
56 12
61 12
65 12
67 12
72 12
78 12
82 12
88 12
94 12
98 12
7 13
9 13
12 13
16 13
18 13
29 13
34 13
44 13
45 13
49 13
52 13
58 13
64 13
65 13
66 13
71 13
72 13
74 13
75 13
79 13
84 13
86 13
87 13
100 13
3 14
6 14
8 14
15 14
20 14
26 14
27 14
29 14
30 14
31 14
35 14
36 14
39 14
40 14
41 14
43 14
44 14
46 14
54 14
56 14
57 14
58 14
63 14
70 14
72 14
75 14
76 14
78 14
87 14
98 14
99 14
2 15
20 15
21 15
23 15
26 15
27 15
30 15
36 15
37 15
38 15
41 15
54 15
58 15
64 15
66 15
74 15
86 15
87 15
90 15
15 16
16 16
17 16
31 16
33 16
40 16
45 16
47 16
52 16
57 16
66 16
67 16
69 16
71 16
79 16
80 16
82 16
83 16
87 16
91 16
100 16
8 17
14 17
19 17
21 17
24 17
29 17
32 17
46 17
48 17
50 17
54 17
58 17
59 17
60 17
61 17
79 17
80 17
82 17
83 17
87 17
93 17
95 17
96 17
1 18
6 18
11 18
13 18
18 18
22 18
26 18
28 18
29 18
34 18
39 18
50 18
53 18
55 18
57 18
62 18
63 18
66 18
69 18
70 18
73 18
74 18
76 18
79 18
84 18
85 18
95 18
99 18
100 18
4 19
6 19
9 19
15 19
17 19
30 19
33 19
35 19
36 19
37 19
47 19
48 19
56 19
60 19
67 19
74 19
80 19
83 19
88 19
92 19
93 19
99 19
9 20
12 20
18 20
23 20
28 20
29 20
33 20
34 20
35 20
37 20
39 20
49 20
51 20
57 20
59 20
60 20
61 20
62 20
65 20
69 20
71 20
72 20
73 20
82 20
87 20
89 20
93 20
94 20
97 20
4 21
6 21
10 21
11 21
13 21
20 21
27 21
29 21
30 21
37 21
40 21
45 21
50 21
55 21
62 21
67 21
71 21
73 21
75 21
78 21
80 21
82 21
86 21
92 21
93 21
94 21
98 21
5 22
7 22
12 22
13 22
14 22
19 22
22 22
23 22
27 22
32 22
47 22
50 22
57 22
64 22
65 22
67 22
69 22
70 22
71 22
86 22
87 22
92 22
95 22
96 22
97 22
98 22
100 22
4 23
6 23
15 23
16 23
20 23
23 23
24 23
28 23
31 23
34 23
35 23
36 23
37 23
40 23
41 23
44 23
47 23
55 23
56 23
59 23
67 23
68 23
75 23
79 23
84 23
89 23
97 23
2 24
4 24
7 24
14 24
15 24
26 24
29 24
33 24
43 24
45 24
48 24
50 24
51 24
52 24
54 24
58 24
60 24
62 24
77 24
79 24
80 24
81 24
88 24
89 24
91 24
2 25
13 25
15 25
16 25
17 25
20 25
25 25
26 25
29 25
32 25
33 25
34 25
38 25
39 25
40 25
43 25
45 25
47 25
48 25
55 25
56 25
63 25
72 25
76 25
84 25
85 25
88 25
90 25
93 25
4 26
5 26
10 26
11 26
15 26
16 26
19 26
27 26
32 26
37 26
40 26
42 26
45 26
50 26
52 26
53 26
54 26
63 26
68 26
74 26
75 26
76 26
84 26
89 26
91 26
94 26
99 26
3 27
4 27
5 27
10 27
11 27
12 27
13 27
14 27
21 27
28 27
29 27
30 27
31 27
37 27
39 27
43 27
46 27
48 27
49 27
68 27
70 27
77 27
90 27
95 27
1 28
6 28
17 28
18 28
20 28
23 28
29 28
30 28
31 28
32 28
44 28
45 28
47 28
49 28
50 28
52 28
53 28
61 28
73 28
74 28
75 28
81 28
89 28
94 28
96 28
3 29
5 29
6 29
8 29
13 29
16 29
23 29
24 29
28 29
36 29
40 29
68 29
71 29
72 29
75 29
76 29
77 29
79 29
82 29
83 29
88 29
89 29
94 29
95 29
3 30
5 30
8 30
18 30
19 30
20 30
21 30
41 30
42 30
44 30
48 30
56 30
57 30
60 30
62 30
67 30
69 30
71 30
78 30
81 30
87 30
89 30
91 30
93 30
94 30
96 30
97 30
9 31
13 31
16 31
18 31
23 31
24 31
27 31
33 31
37 31
38 31
47 31
56 31
57 31
60 31
62 31
69 31
71 31
74 31
79 31
80 31
81 31
93 31
95 31
98 31
99 31
1 32
5 32
6 32
9 32
10 32
12 32
14 32
16 32
18 32
20 32
22 32
25 32
30 32
38 32
40 32
47 32
52 32
53 32
55 32
60 32
61 32
62 32
67 32
70 32
82 32
87 32
93 32
98 32
10 33
11 33
16 33
25 33
29 33
33 33
34 33
38 33
39 33
41 33
50 33
58 33
60 33
61 33
69 33
72 33
74 33
78 33
79 33
83 33
88 33
97 33
100 33
1 34
5 34
13 34
19 34
26 34
38 34
44 34
53 34
59 34
62 34
65 34
67 34
70 34
80 34
81 34
83 34
89 34
92 34
94 34
97 34
98 34
1 35
3 35
6 35
9 35
12 35
15 35
17 35
23 35
25 35
27 35
28 35
34 35
35 35
36 35
37 35
39 35
41 35
45 35
50 35
56 35
61 35
63 35
64 35
68 35
74 35
79 35
83 35
84 35
86 35
87 35
88 35
89 35
93 35
95 35
99 35
1 36
2 36
4 36
10 36
11 36
12 36
16 36
23 36
29 36
33 36
36 36
37 36
39 36
43 36
47 36
53 36
56 36
57 36
59 36
61 36
62 36
73 36
76 36
80 36
84 36
87 36
100 36
5 37
7 37
8 37
10 37
15 37
16 37
21 37
25 37
26 37
28 37
40 37
43 37
44 37
47 37
49 37
50 37
51 37
52 37
53 37
55 37
57 37
64 37
72 37
73 37
79 37
96 37
99 37
7 38
9 38
17 38
19 38
22 38
28 38
31 38
36 38
43 38
46 38
48 38
50 38
52 38
55 38
57 38
59 38
61 38
63 38
75 38
81 38
87 38
91 38
92 38
93 38
97 38
4 39
11 39
14 39
15 39
17 39
20 39
25 39
29 39
31 39
34 39
43 39
47 39
51 39
54 39
56 39
59 39
65 39
67 39
71 39
73 39
75 39
81 39
82 39
94 39
99 39
6 40
9 40
15 40
20 40
25 40
26 40
34 40
38 40
40 40
42 40
48 40
49 40
50 40
54 40
59 40
62 40
64 40
67 40
74 40
76 40
84 40
85 40
90 40
91 40
95 40
1 41
3 41
13 41
15 41
25 41
33 41
38 41
39 41
41 41
43 41
45 41
52 41
53 41
56 41
58 41
73 41
74 41
79 41
80 41
83 41
94 41
98 41
100 41
3 42
5 42
8 42
13 42
26 42
28 42
29 42
31 42
32 42
36 42
37 42
42 42
45 42
46 42
52 42
61 42
64 42
66 42
67 42
75 42
77 42
82 42
90 42
91 42
98 42
1 43
11 43
12 43
14 43
15 43
16 43
25 43
32 43
37 43
49 43
55 43
57 43
59 43
69 43
75 43
76 43
85 43
87 43
89 43
94 43
95 43
97 43
99 43
100 43
1 44
11 44
15 44
17 44
18 44
19 44
21 44
22 44
24 44
30 44
32 44
38 44
39 44
49 44
53 44
55 44
60 44
66 44
67 44
68 44
74 44
80 44
87 44
91 44
92 44
96 44
98 44
100 44
5 45
9 45
14 45
17 45
18 45
22 45
36 45
37 45
41 45
42 45
51 45
53 45
57 45
60 45
61 45
62 45
63 45
69 45
70 45
73 45
74 45
75 45
76 45
77 45
81 45
86 45
87 45
94 45
95 45
98 45
19 46
22 46
23 46
29 46
31 46
42 46
45 46
51 46
54 46
58 46
59 46
62 46
68 46
73 46
74 46
76 46
78 46
88 46
92 46
95 46
1 47
6 47
15 47
16 47
17 47
20 47
24 47
31 47
34 47
42 47
46 47
50 47
52 47
53 47
57 47
58 47
64 47
67 47
70 47
71 47
72 47
74 47
77 47
80 47
84 47
87 47
88 47
92 47
93 47
99 47
100 47
8 48
13 48
14 48
15 48
16 48
24 48
27 48
29 48
33 48
34 48
40 48
42 48
45 48
48 48
65 48
67 48
78 48
81 48
82 48
84 48
87 48
95 48
96 48
100 48
1 49
2 49
4 49
9 49
10 49
14 49
15 49
19 49
21 49
22 49
25 49
29 49
37 49
39 49
40 49
53 49
59 49
71 49
72 49
74 49
80 49
85 49
90 49
91 49
94 49
97 49
1 50
5 50
6 50
9 50
12 50
19 50
24 50
33 50
36 50
43 50
46 50
50 50
52 50
56 50
69 50
76 50
81 50
83 50
84 50
85 50
93 50
7 51
10 51
17 51
21 51
22 51
27 51
29 51
31 51
33 51
35 51
37 51
44 51
50 51
52 51
54 51
57 51
59 51
63 51
73 51
75 51
79 51
82 51
84 51
87 51
89 51
91 51
100 51
1 52
4 52
7 52
9 52
11 52
14 52
15 52
17 52
19 52
21 52
23 52
44 52
45 52
48 52
52 52
60 52
69 52
70 52
73 52
76 52
77 52
88 52
90 52
98 52
100 52
2 53
3 53
4 53
17 53
19 53
23 53
28 53
29 53
35 53
37 53
43 53
45 53
50 53
64 53
68 53
71 53
80 53
89 53
91 53
92 53
96 53
2 54
3 54
5 54
9 54
14 54
15 54
17 54
18 54
22 54
46 54
49 54
51 54
57 54
58 54
72 54
75 54
77 54
88 54
98 54
5 55
13 55
18 55
21 55
22 55
24 55
28 55
29 55
37 55
39 55
41 55
47 55
50 55
58 55
61 55
69 55
73 55
75 55
76 55
79 55
83 55
84 55
91 55
96 55
3 56
4 56
10 56
17 56
20 56
21 56
23 56
24 56
26 56
27 56
31 56
32 56
33 56
35 56
36 56
38 56
41 56
51 56
56 56
58 56
59 56
60 56
65 56
69 56
74 56
91 56
95 56
98 56
9 57
14 57
16 57
25 57
27 57
29 57
32 57
34 57
36 57
50 57
51 57
52 57
65 57
67 57
74 57
84 57
85 57
89 57
90 57
95 57
2 58
6 58
8 58
9 58
14 58
15 58
16 58
19 58
21 58
23 58
24 58
27 58
30 58
31 58
33 58
35 58
37 58
45 58
47 58
50 58
54 58
55 58
56 58
58 58
60 58
66 58
69 58
72 58
85 58
91 58
92 58
93 58
21 59
29 59
32 59
40 59
43 59
45 59
47 59
52 59
54 59
55 59
59 59
61 59
77 59
79 59
80 59
85 59
98 59
99 59
6 60
18 60
23 60
27 60
36 60
44 60
52 60
69 60
76 60
78 60
80 60
83 60
85 60
90 60
91 60
93 60
95 60
97 60
99 60
1 61
12 61
15 61
18 61
19 61
22 61
24 61
30 61
31 61
36 61
38 61
42 61
46 61
49 61
51 61
54 61
57 61
59 61
63 61
64 61
70 61
80 61
84 61
87 61
88 61
91 61
96 61
99 61
2 62
14 62
20 62
24 62
32 62
35 62
37 62
51 62
65 62
67 62
71 62
74 62
76 62
77 62
83 62
85 62
87 62
94 62
97 62
2 63
4 63
5 63
7 63
8 63
10 63
16 63
18 63
19 63
20 63
33 63
42 63
44 63
49 63
51 63
53 63
54 63
56 63
57 63
67 63
68 63
72 63
74 63
76 63
78 63
81 63
85 63
86 63
87 63
93 63
6 64
11 64
12 64
15 64
17 64
26 64
29 64
35 64
36 64
37 64
46 64
51 64
52 64
54 64
55 64
57 64
63 64
66 64
74 64
75 64
78 64
88 64
89 64
95 64
96 64
100 64
5 65
8 65
16 65
20 65
21 65
23 65
31 65
33 65
35 65
36 65
38 65
39 65
49 65
50 65
58 65
60 65
66 65
68 65
69 65
71 65
72 65
79 65
82 65
90 65
95 65
97 65
1 66
6 66
11 66
12 66
13 66
22 66
26 66
29 66
35 66
36 66
41 66
44 66
51 66
57 66
63 66
64 66
70 66
73 66
75 66
76 66
78 66
79 66
81 66
88 66
92 66
98 66
99 66
4 67
13 67
17 67
21 67
22 67
25 67
29 67
40 67
46 67
48 67
55 67
59 67
65 67
68 67
73 67
78 67
79 67
81 67
87 67
88 67
94 67
2 68
3 68
5 68
6 68
10 68
12 68
14 68
15 68
17 68
21 68
22 68
25 68
26 68
27 68
37 68
38 68
41 68
42 68
45 68
46 68
50 68
56 68
59 68
70 68
81 68
85 68
86 68
92 68
100 68
1 69
5 69
9 69
25 69
29 69
31 69
32 69
44 69
48 69
51 69
57 69
58 69
59 69
78 69
80 69
84 69
86 69
87 69
88 69
89 69
95 69
1 70
4 70
8 70
10 70
18 70
22 70
23 70
24 70
25 70
30 70
34 70
35 70
38 70
46 70
48 70
59 70
61 70
65 70
77 70
78 70
79 70
91 70
92 70
94 70
95 70
96 70
6 71
7 71
8 71
13 71
18 71
24 71
28 71
31 71
32 71
37 71
40 71
41 71
43 71
44 71
46 71
47 71
65 71
67 71
73 71
74 71
75 71
76 71
77 71
83 71
85 71
86 71
87 71
88 71
97 71
2 72
3 72
7 72
15 72
21 72
29 72
30 72
32 72
36 72
39 72
49 72
53 72
61 72
63 72
64 72
66 72
67 72
70 72
73 72
83 72
84 72
88 72
95 72
100 72
1 73
3 73
13 73
20 73
27 73
29 73
33 73
42 73
44 73
46 73
56 73
59 73
61 73
65 73
69 73
71 73
72 73
74 73
81 73
83 73
85 73
89 73
93 73
94 73
95 73
98 73
99 73
3 74
11 74
14 74
17 74
19 74
20 74
24 74
30 74
44 74
46 74
47 74
49 74
52 74
55 74
56 74
57 74
61 74
62 74
72 74
81 74
83 74
85 74
87 74
94 74
4 75
9 75
10 75
12 75
26 75
27 75
34 75
38 75
42 75
45 75
47 75
56 75
57 75
60 75
62 75
63 75
71 75
77 75
80 75
86 75
90 75
7 76
9 76
14 76
15 76
17 76
21 76
25 76
26 76
29 76
36 76
49 76
52 76
54 76
59 76
63 76
67 76
69 76
71 76
76 76
80 76
85 76
86 76
88 76
97 76
6 77
11 77
14 77
17 77
22 77
24 77
30 77
35 77
36 77
38 77
41 77
50 77
53 77
54 77
55 77
68 77
70 77
71 77
73 77
83 77
89 77
91 77
92 77
93 77
94 77
1 78
13 78
14 78
16 78
17 78
25 78
29 78
36 78
37 78
38 78
39 78
40 78
41 78
43 78
44 78
45 78
50 78
52 78
57 78
60 78
63 78
65 78
66 78
71 78
77 78
78 78
79 78
81 78
82 78
85 78
90 78
93 78
94 78
96 78
100 78
4 79
12 79
14 79
15 79
22 79
23 79
29 79
31 79
34 79
35 79
37 79
41 79
46 79
49 79
53 79
66 79
67 79
69 79
70 79
72 79
75 79
77 79
85 79
89 79
97 79
99 79
100 79
4 80
10 80
18 80
27 80
31 80
34 80
46 80
47 80
50 80
56 80
57 80
65 80
73 80
74 80
77 80
79 80
86 80
88 80
90 80
92 80
93 80
94 80
96 80
99 80
100 80
6 81
19 81
25 81
26 81
30 81
31 81
33 81
36 81
40 81
43 81
45 81
49 81
50 81
51 81
54 81
55 81
61 81
67 81
75 81
76 81
81 81
88 81
92 81
1 82
4 82
5 82
6 82
9 82
24 82
26 82
27 82
39 82
43 82
46 82
50 82
51 82
53 82
54 82
56 82
57 82
58 82
71 82
73 82
74 82
75 82
81 82
82 82
86 82
94 82
98 82
100 82
3 83
10 83
12 83
22 83
29 83
30 83
31 83
43 83
44 83
46 83
50 83
57 83
58 83
64 83
65 83
69 83
75 83
78 83
79 83
81 83
82 83
85 83
86 83
91 83
93 83
1 84
7 84
20 84
24 84
34 84
35 84
46 84
50 84
56 84
59 84
60 84
66 84
67 84
68 84
69 84
70 84
72 84
73 84
77 84
88 84
89 84
2 85
6 85
11 85
25 85
27 85
32 85
35 85
38 85
45 85
47 85
49 85
52 85
56 85
60 85
62 85
64 85
69 85
74 85
75 85
82 85
83 85
86 85
87 85
92 85
99 85
100 85
2 86
5 86
8 86
10 86
12 86
15 86
16 86
17 86
18 86
19 86
20 86
24 86
27 86
37 86
47 86
48 86
50 86
52 86
57 86
60 86
61 86
64 86
75 86
80 86
83 86
93 86
99 86
2 87
4 87
6 87
8 87
9 87
12 87
18 87
19 87
21 87
24 87
28 87
30 87
31 87
33 87
34 87
41 87
42 87
44 87
47 87
48 87
51 87
52 87
58 87
65 87
69 87
71 87
73 87
80 87
86 87
91 87
94 87
97 87
99 87
100 87
1 88
6 88
8 88
12 88
15 88
17 88
18 88
20 88
23 88
28 88
31 88
33 88
37 88
41 88
45 88
46 88
49 88
51 88
58 88
61 88
67 88
68 88
70 88
74 88
83 88
84 88
96 88
99 88
1 89
3 89
11 89
22 89
42 89
43 89
45 89
52 89
61 89
63 89
64 89
76 89
81 89
82 89
87 89
88 89
93 89
99 89
4 90
7 90
10 90
15 90
18 90
20 90
27 90
29 90
31 90
38 90
41 90
46 90
48 90
50 90
54 90
65 90
68 90
76 90
80 90
86 90
88 90
91 90
92 90
93 90
96 90
97 90
98 90
8 91
19 91
20 91
21 91
23 91
32 91
37 91
39 91
40 91
44 91
46 91
48 91
49 91
52 91
56 91
58 91
59 91
61 91
62 91
69 91
71 91
77 91
79 91
81 91
83 91
87 91
89 91
90 91
91 91
96 91
99 91
10 92
15 92
18 92
22 92
24 92
25 92
32 92
33 92
36 92
37 92
38 92
42 92
44 92
46 92
47 92
51 92
58 92
60 92
61 92
65 92
68 92
71 92
73 92
75 92
77 92
88 92
91 92
92 92
93 92
94 92
95 92
97 92
2 93
3 93
5 93
8 93
12 93
13 93
15 93
16 93
22 93
23 93
25 93
26 93
29 93
31 93
33 93
44 93
58 93
64 93
72 93
77 93
84 93
85 93
96 93
97 93
2 94
7 94
13 94
18 94
22 94
24 94
25 94
27 94
31 94
34 94
37 94
40 94
43 94
45 94
50 94
53 94
57 94
62 94
69 94
77 94
78 94
81 94
83 94
84 94
86 94
89 94
93 94
94 94
95 94
100 94
4 95
9 95
10 95
13 95
14 95
25 95
26 95
29 95
31 95
37 95
48 95
49 95
55 95
57 95
65 95
68 95
69 95
75 95
84 95
88 95
89 95
91 95
96 95
100 95
6 96
13 96
14 96
17 96
20 96
21 96
22 96
25 96
30 96
31 96
41 96
45 96
52 96
53 96
54 96
64 96
72 96
73 96
76 96
88 96
97 96
99 96
100 96
6 97
9 97
10 97
11 97
17 97
19 97
24 97
26 97
29 97
32 97
35 97
41 97
44 97
45 97
49 97
51 97
53 97
54 97
58 97
60 97
65 97
66 97
74 97
76 97
78 97
82 97
85 97
91 97
95 97
98 97
100 97
15 98
19 98
20 98
22 98
23 98
32 98
45 98
47 98
53 98
54 98
57 98
65 98
72 98
76 98
80 98
82 98
84 98
89 98
92 98
94 98
96 98
97 98
98 98
3 99
9 99
12 99
15 99
16 99
19 99
22 99
36 99
38 99
44 99
53 99
54 99
57 99
58 99
61 99
63 99
73 99
74 99
86 99
88 99
3 100
10 100
13 100
27 100
28 100
29 100
35 100
46 100
50 100
81 100
85 100
91 100
96 100
99 100
100 100
